episode, step, reward, done, health, vx, vy, vz, px, py, pz
2422, 1643535, 0.0, False, 99.96, 0.0, -0.1899216, 0.0, 20.0, 0.50620157, 5.0
2422, 1643536, -0.0011999999405816197, False, 99.84, -0.07695181, -0.06980896, 1.510284, 20.002218, 0.49034908, 5.0471187
2422, 1643537, -0.0011999999405816197, False, 99.71999, -0.104294136, -0.0005578995, 0.6647316, 20.005178, 0.4900028, 5.1020927
2422, 1643538, -0.0011999999405816197, False, 99.59999, -0.30773962, -4.7683716e-06, 3.0656028, 20.031174, 0.49000004, 5.23727
2422, 1643539, -0.0011999999405816197, False, 99.47999, -0.71039176, 0.0, 5.213533, 20.102293, 0.49000004, 5.5008802
2422, 1643540, -0.0011999999405816197, False, 99.359985, -1.2643888, 0.0, 7.1152415, 20.229519, 0.49000004, 5.8750076
2422, 1643541, -0.0011999999405816197, False, 99.23998, -1.9312823, 0.0, 8.781091, 20.42215, 0.49000004, 6.341777
2422, 1643542, -0.0011999999405816197, False, 99.11998, -1.7823328, 0.0, 5.3566523, 20.582066, 0.49000004, 6.7078776
2422, 1643543, -0.0011999999405816197, False, 98.99998, -1.4184841, 0.0, 3.1264532, 20.680609, 0.49000004, 6.9334755
2422, 1643544, -0.0011999999405816197, False, 98.879974, -1.650914, 0.0, 5.1816025, 20.837124, 0.49000004, 7.1730776
2422, 1643545, -0.0011999999405816197, False, 98.75997, -2.0688822, 0.0, 7.008302, 21.10311, 0.49000004, 7.473952
2422, 1643546, -0.0011999999405816197, False, 98.63997, -2.6189265, 0.0, 8.616482, 21.476284, 0.49000004, 7.8171206
2422, 1643547, -0.0011999999405816197, False, 98.519966, -2.2011244, 0.0, 5.209182, 21.778732, 0.49000004, 8.079166
2422, 1643548, -0.0011999999405816197, False, 98.39996, -2.0602598, 0.0, 1.4488963, 21.90201, 0.49000004, 8.244442
2422, 1643549, -0.0011999999405816197, False, 98.27996, -1.9936795, 0.0, 3.6524198, 22.060047, 0.49000004, 8.386215
2422, 1643550, -0.0011999999405816197, False, 98.15996, -2.1985533, 0.0, 5.6105895, 22.353937, 0.49000004, 8.52246
2422, 1643551, -0.0011999999405816197, False, 98.039955, -1.6956587, 0.0, 3.2715178, 22.599388, 0.49000004, 8.618641
2422, 1643552, -0.0011999999405816197, False, 97.91995, -1.1762199, 0.0, 1.7839563, 22.744946, 0.49000004, 8.675677
2422, 1643553, -0.0011999999405816197, False, 97.79995, -1.295288, 0.0, 3.9981234, 22.954178, 0.49000004, 8.691677
2422, 1643554, -0.0011999999405816197, False, 97.67995, -1.0064621, 0.0, 2.2657657, 23.134245, 0.49000004, 8.691522
2422, 1643555, -0.0011999999405816197, False, 97.559944, -0.6728428, 0.0, -0.8471117, 23.162994, 0.49000004, 8.732501
2422, 1643556, -0.0011999999405816197, False, 97.43994, -0.77320004, 0.0, -3.1930587, 23.050293, 0.49000004, 8.834115
2422, 1643557, -0.0011999999405816197, False, 97.31994, -0.24806422, 0.0, -1.8561498, 22.940956, 0.49000004, 8.918353
2422, 1643558, -0.0011999999405816197, False, 97.199936, -0.5412185, 0.0, -4.128337, 22.768908, 0.49000004, 9.0296955
2422, 1643559, -0.0011999999405816197, False, 97.07993, -0.06288719, 0.0, -2.4526205, 22.616854, 0.49000004, 9.122763
2422, 1643560, -0.0011999999405816197, False, 96.95993, -0.44714737, 0.0, -4.681653, 22.410946, 0.49000004, 9.242491
2422, 1643561, -0.0011999999405816197, False, 96.83993, 0.22425008, 0.0, -6.738921, 22.089705, 0.49000004, 9.414882
2422, 1643562, -0.0011999999405816197, False, 96.719925, 0.99389005, 0.0, -8.533499, 21.669847, 0.49000004, 9.64618
2422, 1643563, -0.0011999999405816197, False, 96.59992, 1.8356972, 0.0, -10.083018, 21.169886, 0.49000004, 9.945209
2422, 1643564, -0.0011999999405816197, False, 96.47992, 2.723536, 0.0, -11.405168, 20.607922, 0.49000004, 10.318626
2422, 1643565, -0.0011999999405816197, False, 96.35992, 3.6338758, 0.0, -12.518183, 20.00162, 0.49000004, 10.771124
2422, 1643566, -0.0011999999405816197, False, 96.239914, 4.5464725, 0.0, -13.4406395, 19.368126, 0.49000004, 11.305527
2422, 1643567, -0.0011999999405816197, False, 96.11991, 2.5724072, 0.0, -15.034258, 18.719355, 0.49000004, 11.920239
2422, 1643568, -0.0011999999405816197, False, 95.99991, 0.68534565, 0.0, -16.279419, 18.045795, 0.49000004, 12.600131
2422, 1643569, -0.0011999999405816197, False, 95.879906, 1.5320473, 0.0, -10.361633, 17.532019, 0.49000004, 13.124591
2422, 1643570, -0.0011999999405816197, False, 95.7599, 1.6490667, 0.0, -6.4177246, 17.20488, 0.49000004, 13.458535
2422, 1643571, -0.0011999999405816197, False, 95.6399, 2.1944883, 0.0, -8.120256, 16.898438, 0.49000004, 13.814453
2422, 1643572, -0.0011999999405816197, False, 95.5199, 2.8413615, 0.0, -9.606377, 16.564125, 0.49000004, 14.275604
2422, 1643573, -0.0011999999405816197, False, 95.399895, 3.5573258, 0.0, -10.8884945, 16.219723, 0.49000004, 14.837607
2422, 1643574, -0.0011999999405816197, False, 95.27989, 4.3155737, 0.0, -11.98057, 15.881924, 0.49000004, 15.49487
2422, 1643575, -0.0011999999405816197, False, 95.15989, 1.9383497, 0.0, -7.885763, 15.633301, 0.49000004, 16.008955
2422, 1643576, -0.0011999999405816197, False, 95.03989, 2.594389, 0.0, -9.417147, 15.418755, 0.49000004, 16.519522
2422, 1643577, -0.0011999999405816197, False, 94.91988, 2.2476118, 0.0, -5.734435, 15.259975, 0.49000004, 16.924631
2422, 1643578, -0.0011999999405816197, False, 94.79988, 2.6418297, 0.0, -7.457001, 15.140103, 0.49000004, 17.347965
2422, 1643579, -0.0011999999405816197, False, 94.67988, 1.4254893, 0.0, -9.455352, 15.047792, 0.49000004, 17.880714
2422, 1643580, -0.0011999999405816197, False, 94.559875, 0.556435, 0.0, -5.530425, 14.972694, 0.49000004, 18.285694
2422, 1643581, -0.0011999999405816197, False, 94.43987, 0.73567086, 0.0, -1.8160094, 14.921831, 0.49000004, 18.465586
2422, 1643582, -0.0011999999405816197, False, 94.31987, 0.4683484, 0.0, -0.8788719, 14.892824, 0.49000004, 18.537191
2422, 1643583, -0.0011999999405816197, False, 94.19987, 0.11920915, 0.0, -3.3117318, 14.882297, 0.49000004, 18.689081
2422, 1643584, -0.0011999999405816197, False, 94.079865, -1.9468763e-10, 0.0, -1.8524426e-09, 14.878813, 0.49000004, 18.751053
2422, 1643585, -0.0011999999405816197, False, 93.95986, 8.940697e-08, 0.0, 2.4810274, 14.8892975, 0.49000004, 18.651285
2422, 1643586, -0.0011999999405816197, False, 93.83986, 0.3978122, 0.0, 4.7127495, 14.916943, 0.49000004, 18.413088
2422, 1643587, -0.0011999999405816197, False, 93.71986, 0.53104913, 0.0, 2.7772675, 14.942448, 0.49000004, 18.21048
2422, 1643588, -0.0011999999405816197, False, 93.59985, 0.016332984, 0.0, 5.0289, 14.992377, 0.49000004, 17.95695
2422, 1643589, -0.0011999999405816197, False, 93.47985, -0.30648455, 0.0, 3.0100033, 15.036993, 0.49000004, 17.743635
2422, 1643590, -0.0011999999405816197, False, 93.35985, -0.34822893, 0.0, 1.6648535, 15.062814, 0.49000004, 17.620188
2422, 1643591, -0.0011999999405816197, False, 93.239845, -0.22644927, 0.0, -1.1660088, 15.074299, 0.49000004, 17.639843
2422, 1643592, -0.0011999999405816197, False, 93.11984, -0.01927337, 0.0, 1.6036913, 15.088004, 0.49000004, 17.595745
2422, 1643593, -0.0011999999405816197, False, 92.99984, 0.29973334, 0.0, 3.9229321, 15.131101, 0.49000004, 17.41021
2422, 1643594, -0.0011999999405816197, False, 92.87984, 0.7874886, 0.0, 5.987177, 15.217403, 0.49000004, 17.100843
2422, 1643595, -0.0011999999405816197, False, 92.759834, 1.4070985, 0.0, 7.8058395, 15.358361, 0.49000004, 16.685202
2422, 1643596, -0.0011999999405816197, False, 92.63983, 1.381131, 0.0, 4.748147, 15.477135, 0.49000004, 16.354954
2422, 1643597, -0.0011999999405816197, False, 92.51983, 0.56733036, 0.0, 6.8891563, 15.630531, 0.49000004, 16.012016
2422, 1643598, -0.0011999999405816197, False, 92.399826, 1.3051167, 0.0, 8.63832, 15.8498125, 0.49000004, 15.575438
2422, 1643599, -0.0011999999405816197, False, 92.27982, 1.3798108, 0.0, 5.300381, 16.028343, 0.49000004, 15.231137
2422, 1643600, -0.0011999999405816197, False, 92.15982, 0.5189569, 0.0, 7.3866653, 16.237385, 0.49000004, 14.882968
2422, 1643601, -0.0011999999405816197, False, 92.03982, 1.3113527, 0.0, 9.091253, 16.519648, 0.49000004, 14.450602
2422, 1643602, -0.0011999999405816197, False, 91.919815, 1.41716, 0.0, 5.5973063, 16.746796, 0.49000004, 14.111185
2422, 1643603, -0.0011999999405816197, False, 91.79981, 0.52538204, 0.0, 7.6579704, 17.002056, 0.49000004, 13.774015
2422, 1643604, -0.0011999999405816197, False, 91.67981, 1.3431201, 0.0, 9.3353405, 17.3379, 0.49000004, 13.361933
2422, 1643605, -0.0011999999405816197, False, 91.55981, 2.2189384, 0.0, 10.774862, 17.754951, 0.49000004, 12.890511
2422, 1643606, -0.0011999999405816197, False, 91.439804, 0.76275253, 0.0, 12.404085, 18.252953, 0.49000004, 12.374062
2422, 1643607, -0.0011999999405816197, False, 91.3198, 2.0072207, 0.0, 13.59416, 18.81945, 0.49000004, 11.810799
2422, 1643608, -0.0011999999405816197, False, 91.1998, 2.185032, 0.0, 8.510607, 19.260437, 0.49000004, 11.37896
2422, 1643609, -0.0011999999405816197, False, 91.079796, 2.8725004, 0.0, 9.95854, 19.70331, 0.49000004, 10.987665
2422, 1643610, -0.0011999999405816197, False, 90.95979, 3.6201324, 0.0, 11.202745, 20.243572, 0.49000004, 10.576695
2422, 1643611, -0.0011999999405816197, False, 90.83979, 1.9548855, 0.0, 12.926649, 20.876, 0.49000004, 10.158148
2422, 1643612, -0.0011999999405816197, False, 90.71979, 3.107038, 0.0, 13.957439, 21.588924, 0.49000004, 9.72523
2422, 1643613, -0.0011999999405816197, False, 90.599785, 4.224224, 0.0, 14.783396, 22.378695, 0.49000004, 9.290416
2422, 1643614, -0.0011999999405816197, False, 90.47978, 5.2932377, 0.0, 15.428232, 23.242273, 0.49000004, 8.8700905
2422, 1643615, -0.0011999999405816197, False, 90.35978, 3.0549388, 0.0, 16.898506, 24.17454, 0.49000004, 8.474069
2422, 1643616, -0.0011999999405816197, False, 90.23978, 0.9405384, 0.0, 18.007029, 25.166573, 0.49000004, 8.087053
2422, 1643617, -0.0011999999405816197, False, 90.119774, 2.7004647, 0.0, 18.631298, 26.20977, 0.49000004, 7.6959453
2422, 1643618, -0.0011999999405816197, False, 89.99977, 2.9898405, 0.0, 11.774963, 27.00746, 0.49000004, 7.4017053
2422, 1643619, -0.0011999999405816197, False, 89.87977, 3.904949, 0.0, 12.827859, 27.749084, 0.49000004, 7.160267
2422, 1643620, -0.0011999999405816197, False, 89.759766, 4.81654, 0.0, 13.695694, 28.571241, 0.49000004, 6.9467826
2422, 1643621, -0.0011999999405816197, False, 89.63976, 2.7881682, 0.0, 15.290647, 29.465773, 0.49000004, 6.7697725
2422, 1643622, -0.0011999999405816197, False, 89.51976, 0.8523874, 0.0, 16.531332, 30.426167, 0.49000004, 6.612474
2422, 1643623, -0.0011999999405816197, False, 89.39976, -0.973799, 0.0, 17.466953, 31.445307, 0.49000004, 6.4551096
2422, 1643624, -0.0011999999405816197, False, 89.279755, -1.7997772, 0.0, 11.123254, 32.225185, 0.49000004, 6.3342514
2422, 1643625, -0.0011999999405816197, False, 89.15975, -2.3835788, 0.0, 6.7438154, 32.730904, 0.49000004, 6.2764697
2422, 1643626, -0.0011999999405816197, False, 89.03975, -2.4094183, 0.0, 2.781047, 33.015865, 0.49000004, 6.2928147
2422, 1643627, -0.0011999999405816197, False, 88.91975, -1.9331877, 0.0, -0.5654683, 33.111935, 0.49000004, 6.383202
2422, 1643628, -0.0011999999405816197, False, 88.79974, -1.5539807, 0.0, -3.067006, 33.06089, 0.49000004, 6.5437794
2422, 1643629, -0.0011999999405816197, False, 88.67974, -1.7590094, 0.0, -5.118636, 32.887047, 0.49000004, 6.7696733
2422, 1643630, -0.0011999999405816197, False, 88.55974, -2.1553335, 0.0, -6.9430356, 32.59702, 0.49000004, 7.0444264
2422, 1643631, -0.0011999999405816197, False, 88.439735, -2.6873674, 0.0, -8.550573, 32.19526, 0.49000004, 7.3495398
2422, 1643632, -0.0011999999405816197, False, 88.31973, -3.3155127, 0.0, -9.951714, 31.686983, 0.49000004, 7.667244
2422, 1643633, -0.0011999999405816197, False, 88.19973, -4.0082974, 0.0, -11.158592, 31.078417, 0.49000004, 7.980768
2422, 1643634, -0.0011999999405816197, False, 88.07973, -1.7933538, 0.0, -7.3239217, 30.60033, 0.49000004, 8.21146
2422, 1643635, -0.0011999999405816197, False, 87.959724, -0.69962716, 0.0, -9.251276, 30.12008, 0.49000004, 8.416672
2422, 1643636, -0.0011999999405816197, False, 87.83972, 0.42722774, 0.0, -10.885067, 29.542585, 0.49000004, 8.647564
2422, 1643637, -0.0011999999405816197, False, 87.71972, 1.5671129, 0.0, -12.254751, 28.883224, 0.49000004, 8.918226
2422, 1643638, -0.0011999999405816197, False, 87.59972, 2.7002697, 0.0, -13.38659, 28.157461, 0.49000004, 9.240268
2422, 1643639, -0.0011999999405816197, False, 87.47971, 3.8090863, 0.0, -14.305283, 27.380785, 0.49000004, 9.623041
2422, 1643640, -0.0011999999405816197, False, 87.35971, 4.8787704, 0.0, -15.034409, 26.568632, 0.49000004, 10.073786
2422, 1643641, -0.0011999999405816197, False, 87.23971, 5.897471, 0.0, -15.596429, 25.736267, 0.49000004, 10.597736
2422, 1643642, -0.0011999999405816197, False, 87.119705, 6.8561487, 0.0, -16.012608, 24.898659, 0.49000004, 11.198202
2422, 1643643, -0.0011999999405816197, False, 86.9997, 3.3133838, 0.0, -10.717571, 24.269669, 0.49000004, 11.669103
2422, 1643644, -0.0011999999405816197, False, 86.8797, 1.3800297, 0.0, -6.982957, 23.868156, 0.49000004, 11.969699
2422, 1643645, -0.0011999999405816197, False, 86.7597, 0.39781916, 0.0, -4.3889475, 23.61706, 0.49000004, 12.157686
2422, 1643646, -0.0011999999405816197, False, 86.639694, 0.91619444, 0.0, -6.398873, 23.346478, 0.49000004, 12.375927
2422, 1643647, -0.0011999999405816197, False, 86.51969, 1.558795, 0.0, -8.165724, 23.003328, 0.49000004, 12.686226
2422, 1643648, -0.0011999999405816197, False, 86.39969, 2.2917228, 0.0, -9.701967, 22.60728, 0.49000004, 13.090256
2422, 1643649, -0.0011999999405816197, False, 86.279686, 3.0852373, 0.0, -11.022003, 22.177166, 0.49000004, 13.588047
2422, 1643650, -0.0011999999405816197, False, 86.15968, 1.5008988, 0.0, -12.711179, 21.726051, 0.49000004, 14.175911
2422, 1643651, -0.0011999999405816197, False, 86.03968, 0.104598284, 0.0, -8.163036, 21.382715, 0.49000004, 14.63596
2422, 1643652, -0.0011999999405816197, False, 85.91968, -0.8438654, 0.0, -9.84807, 21.047157, 0.49000004, 15.083555
2422, 1643653, -0.0011999999405816197, False, 85.799675, 0.11997628, 0.0, -6.2348475, 20.781467, 0.49000004, 15.43483
2422, 1643654, -0.0011999999405816197, False, 85.67967, 0.855778, 0.0, -8.088226, 20.51327, 0.49000004, 15.797319
2422, 1643655, -0.0011999999405816197, False, 85.55967, 1.672019, 0.0, -9.693844, 20.197298, 0.49000004, 16.255966
2422, 1643656, -0.0011999999405816197, False, 85.43967, 2.5418308, 0.0, -11.068909, 19.85301, 0.49000004, 16.809353
2422, 1643657, -0.0011999999405816197, False, 85.319664, 1.0195551, 0.0, -12.700486, 19.493591, 0.49000004, 17.45282
2422, 1643658, -0.0011999999405816197, False, 85.19966, 1.4932172, 0.0, -7.9868755, 19.220167, 0.49000004, 17.954529
2422, 1643659, -0.0011999999405816197, False, 85.07966, 0.40593517, 0.0, -5.056694, 19.047976, 0.49000004, 18.270485
2422, 1643660, -0.0011999999405816197, False, 84.959656, -0.07518339, 0.0, -3.0537589, 18.942722, 0.49000004, 18.463615
2422, 1643661, -0.0011999999405816197, False, 84.83965, 0.0073919594, 0.0, 0.14517716, 18.919374, 0.49000004, 18.507029
2422, 1643662, -0.0011999999405816197, False, 84.71965, 0.0, 0.0, 0.0, 18.919466, 0.49000004, 18.50679
2422, 1643663, -0.0011999999405816197, False, 84.59965, -0.1657193, 0.0, 2.474432, 18.948057, 0.49000004, 18.410673
2422, 1643664, -0.0011999999405816197, False, 84.479645, -0.5343286, 0.0, 4.6925287, 19.003878, 0.49000004, 18.177769
2422, 1643665, -0.0011999999405816197, False, 84.35964, 0.1508944, 0.0, 6.7568946, 19.073322, 0.49000004, 17.818848
2422, 1643666, -0.0011999999405816197, False, 84.23964, 0.9321878, 0.0, 8.556331, 19.167686, 0.49000004, 17.347912
2422, 1643667, -0.0011999999405816197, False, 84.11964, 1.7841487, 0.0, 10.109083, 19.301195, 0.49000004, 16.779848
2422, 1643668, -0.0011999999405816197, False, 83.99963, 2.6809423, 0.0, 11.433204, 19.48586, 0.49000004, 16.12982
2422, 1643669, -0.0011999999405816197, False, 83.87963, 2.4546978, 0.0, 7.0502267, 19.637817, 0.49000004, 15.626623
2422, 1643670, -0.0011999999405816197, False, 83.75963, 2.958753, 0.0, 8.622126, 19.823484, 0.49000004, 15.146875
2422, 1643671, -0.0011999999405816197, False, 83.639626, 3.1218762, 0.0, 4.4100075, 19.942072, 0.49000004, 14.770506
2422, 1643672, -0.0011999999405816197, False, 83.51962, 2.1599898, 0.0, 2.4590998, 19.993774, 0.49000004, 14.541181
2422, 1643673, -0.0011999999405816197, False, 83.39962, 1.4056897, 0.0, 4.9180336, 20.11881, 0.49000004, 14.304675
2422, 1643674, -0.0011999999405816197, False, 83.27962, 0.5739143, 0.0, 7.044673, 20.346313, 0.49000004, 13.993691
2422, 1643675, -0.0011999999405816197, False, 83.159615, 0.80889344, 0.0, 4.2984276, 20.53519, 0.49000004, 13.746139
2422, 1643676, -0.0011999999405816197, False, 83.03961, 0.7431191, 0.0, 2.4836364, 20.649174, 0.49000004, 13.596746
2422, 1643677, -0.0011999999405816197, False, 82.91961, 0.26158977, 0.0, 1.3900769, 20.713634, 0.49000004, 13.51226
2422, 1643678, -0.0011999999405816197, False, 82.79961, 0.19789016, 0.0, -1.4022605, 20.683258, 0.49000004, 13.529767
2422, 1643679, -0.0011999999405816197, False, 82.6796, 0.45520425, 0.0, -3.723312, 20.557695, 0.49000004, 13.657766
2422, 1643680, -0.0011999999405816197, False, 82.5596, 0.899405, 0.0, -5.7939324, 20.357985, 0.49000004, 13.895472
2422, 1643681, -0.0011999999405816197, False, 82.4396, 1.4843795, 0.0, -7.6220407, 20.10475, 0.49000004, 14.241397
2422, 1643682, -0.0011999999405816197, False, 82.319595, 0.40486622, 0.0, -9.49002, 19.812801, 0.49000004, 14.690579
2422, 1643683, -0.0011999999405816197, False, 82.19959, 1.4141335, 0.0, -10.998519, 19.478802, 0.49000004, 15.229807
2422, 1643684, -0.0011999999405816197, False, 82.07959, 2.4436266, 0.0, -12.267786, 19.117521, 0.49000004, 15.855885
2422, 1643685, -0.0011999999405816197, False, 81.95959, 0.73152566, 0.0, -7.9378505, 18.843412, 0.49000004, 16.345037
2422, 1643686, -0.0011999999405816197, False, 81.839584, 1.1392063, 0.0, -3.9656734, 18.674942, 0.49000004, 16.619797
2422, 1643687, -0.0011999999405816197, False, 81.71958, 0.68705237, 0.0, -0.60223985, 18.592438, 0.49000004, 16.696066
2422, 1643688, -0.0011999999405816197, False, 81.59958, 0.34299383, 0.0, 2.0461674, 18.59071, 0.49000004, 16.618494
2422, 1643689, -0.0011999999405816197, False, 81.479576, 0.6380235, 0.0, 4.2919497, 18.642582, 0.49000004, 16.408882
2422, 1643690, -0.0011999999405816197, False, 81.35957, 1.1109958, 0.0, 6.290936, 18.752491, 0.49000004, 16.083775
2422, 1643691, -0.0011999999405816197, False, 81.23957, 1.7163696, 0.0, 8.051675, 18.929358, 0.49000004, 15.661445
2422, 1643692, -0.0011999999405816197, False, 81.11957, 2.417643, 0.0, 9.5856, 19.180498, 0.49000004, 15.160014
2422, 1643693, -0.0011999999405816197, False, 80.999565, 3.1839085, 0.0, 10.906299, 19.511517, 0.49000004, 14.597336
2422, 1643694, -0.0011999999405816197, False, 80.87956, 2.7339811, 0.0, 6.6746655, 19.778727, 0.49000004, 14.165123
2422, 1643695, -0.0011999999405816197, False, 80.75956, 1.5719795, 0.0, 8.760468, 20.074602, 0.49000004, 13.761993
2422, 1643696, -0.0011999999405816197, False, 80.63956, 1.5557694, 0.0, 5.364456, 20.317064, 0.49000004, 13.449718
2422, 1643697, -0.0011999999405816197, False, 80.519554, 1.5353653, 0.0, 1.6147096, 20.409704, 0.49000004, 13.277816
2422, 1643698, -0.0011999999405816197, False, 80.39955, 1.1432635, 0.0, -1.1475523, 20.354654, 0.49000004, 13.226649
2422, 1643699, -0.0011999999405816197, False, 80.27955, 1.190584, 0.0, -3.434771, 20.187235, 0.49000004, 13.2784
2422, 1643700, -0.0011999999405816197, False, 80.159546, 1.4915152, 0.0, -5.475141, 19.927917, 0.49000004, 13.429437
2422, 1643701, -0.0011999999405816197, False, 80.03954, 1.9620285, 0.0, -7.285242, 19.596266, 0.49000004, 13.680445
2422, 1643702, -0.0011999999405816197, False, 79.91954, 2.554261, 0.0, -8.87462, 19.211514, 0.49000004, 14.031651
2422, 1643703, -0.0011999999405816197, False, 79.79954, 3.2319622, 0.0, -10.25458, 18.79226, 0.49000004, 14.482111
2422, 1643704, -0.0011999999405816197, False, 79.679535, 1.3568752, 0.0, -6.6731853, 18.47411, 0.49000004, 14.841798
2422, 1643705, -0.0011999999405816197, False, 79.55953, 0.4023651, 0.0, -4.183791, 18.275654, 0.49000004, 15.066164
2422, 1643706, -0.0011999999405816197, False, 79.43953, -0.21702862, 0.0, -6.285581, 18.058725, 0.49000004, 15.32336
2422, 1643707, -0.0011999999405816197, False, 79.31953, 0.18436861, 0.0, -2.5560799, 17.913845, 0.49000004, 15.497701
2422, 1643708, -0.0011999999405816197, False, 79.199524, 0.5577123, 0.0, -4.7645726, 17.764608, 0.49000004, 15.690894
2422, 1643709, -0.0011999999405816197, False, 79.07952, 1.0893772, 0.0, -6.72371, 17.556593, 0.49000004, 15.996025
2422, 1643710, -0.0011999999405816197, False, 78.95952, 1.740727, 0.0, -8.443451, 17.309982, 0.49000004, 16.410015
2422, 1643711, -0.0011999999405816197, False, 78.839516, 1.6374407, 0.0, -5.1465664, 17.120739, 0.49000004, 16.74248
2422, 1643712, -0.0011999999405816197, False, 78.71951, 2.0536366, 0.0, -6.977896, 16.955204, 0.49000004, 17.106071
2422, 1643713, -0.0011999999405816197, False, 78.59951, 2.6025672, 0.0, -8.590407, 16.794506, 0.49000004, 17.584948
2422, 1643714, -0.0011999999405816197, False, 78.47951, 3.2454119, 0.0, -9.994738, 16.654074, 0.49000004, 18.168736
2422, 1643715, -0.0011999999405816197, False, 78.359505, 1.38114, 0.0, -6.503767, 16.55664, 0.49000004, 18.627552
2422, 1643716, -0.0011999999405816197, False, 78.2395, 1.2652113, 0.0, -3.89641, 16.49595, 0.49000004, 18.913345
2422, 1643717, -0.0011999999405816197, False, 78.1195, 0.500444, 0.0, -2.356583, 16.459555, 0.49000004, 19.08473
2422, 1643718, -0.0011999999405816197, False, 77.9995, 0.41557834, 0.0, -4.620864, 16.433094, 0.49000004, 19.317694
2422, 1643719, -0.0011999999405816197, False, 77.87949, 0.51378196, 0.0, -1.0128638, 16.409391, 0.49000004, 19.450823
2422, 1643720, -0.0011999999405816197, False, 77.75949, 0.14537844, 0.0, -3.4370768, 16.397194, 0.49000004, 19.610483
2422, 1643721, -0.0011999999405816197, False, 77.63949, 1.073644e-09, 0.0, -7.604465e-09, 16.392776, 0.49000004, 19.677256
2422, 1643722, -0.0011999999405816197, False, 77.519485, 0.0, 0.0, 2.4810271, 16.403261, 0.49000004, 19.577488
2422, 1643723, -0.0011999999405816197, False, 77.39948, 0.14015378, 0.0, 1.3334707, 16.413836, 0.49000004, 19.47688
2422, 1643724, -0.0011999999405816197, False, 77.27948, 0.122017786, 0.0, 0.574047, 16.418947, 0.49000004, 19.428238
2422, 1643725, -0.0011999999405816197, False, 77.15948, 0.3123399, 0.0, 2.9828448, 16.456549, 0.49000004, 19.30108
2422, 1643726, -0.0011999999405816197, False, 77.039474, -0.18422616, 0.0, 5.193713, 16.547976, 0.49000004, 19.048378
2422, 1643727, -0.0011999999405816197, False, 76.91947, -0.43825066, 0.0, 3.1059234, 16.625263, 0.49000004, 18.836395
2422, 1643728, -0.0011999999405816197, False, 76.79947, -0.43020344, 0.0, 1.7214175, 16.670208, 0.49000004, 18.713121
2422, 1643729, -0.0011999999405816197, False, 76.67947, -0.6758768, 0.0, 3.9928353, 16.710585, 0.49000004, 18.519108
2422, 1643730, -0.0011999999405816197, False, 76.55946, -0.14962862, 0.0, 2.373316, 16.739468, 0.49000004, 18.348484
2422, 1643731, -0.0011999999405816197, False, 76.43946, 0.05312927, 0.0, 1.2716007, 16.755564, 0.49000004, 18.253393
2422, 1643732, -0.0011999999405816197, False, 76.31946, 0.32653737, 0.0, 3.6172147, 16.791111, 0.49000004, 18.085348
2422, 1643733, -0.0011999999405816197, False, 76.199455, 0.28397807, 0.0, 0.1629976, 16.798576, 0.49000004, 18.006247
2422, 1643734, -0.0011999999405816197, False, 76.07945, 0.38967955, 0.0, 2.60324, 16.832981, 0.49000004, 17.90156
2422, 1643735, -0.0011999999405816197, False, 75.95945, 0.06318331, 0.0, 1.439419, 16.872574, 0.49000004, 17.800978
2422, 1643736, -0.0011999999405816197, False, 75.83945, -0.03971176, 0.0, 0.6517792, 16.892166, 0.49000004, 17.751205
2422, 1643737, -0.0011999999405816197, False, 75.719444, -0.25677055, 0.0, 3.0592637, 16.93394, 0.49000004, 17.620827
2422, 1643738, -0.0011999999405816197, False, 75.59944, -0.32415393, 0.0, 1.6996403, 16.970978, 0.49000004, 17.498138
2422, 1643739, -0.0011999999405816197, False, 75.47944, -0.24402514, 0.0, 0.80836517, 16.99027, 0.49000004, 17.43423
2422, 1643740, -0.0011999999405816197, False, 75.359436, -0.2111519, 0.0, -1.773915, 16.99563, 0.49000004, 17.491568
2422, 1643741, -0.0011999999405816197, False, 75.23943, -0.13457382, 0.0, 1.0781825, 17.002829, 0.49000004, 17.478456
2422, 1643742, -0.0011999999405816197, False, 75.11943, -0.008145381, 0.0, 0.41866305, 17.007442, 0.49000004, 17.441486
2422, 1643743, -0.0011999999405816197, False, 74.99943, 0.0, 0.0, 0.0, 17.008326, 0.49000004, 17.434418
2422, 1643744, -0.0011999999405816197, False, 74.879425, 0.0, 0.0, 0.0, 17.008326, 0.49000004, 17.434418
2422, 1643745, -0.0011999999405816197, False, 74.75942, -0.1657193, 0.0, -2.474432, 17.005816, 0.49000004, 17.534666
2422, 1643746, -0.0011999999405816197, False, 74.63942, -0.06985903, 0.0, 0.6570157, 17.008398, 0.49000004, 17.552044
2422, 1643747, -0.0011999999405816197, False, 74.51942, -0.00016594399, 0.0, 0.13717036, 17.010275, 0.49000004, 17.5344
2422, 1643748, -0.0011999999405816197, False, 74.399414, 0.17827427, 0.0, 2.5982082, 17.024073, 0.49000004, 17.427294
2422, 1643749, -0.0011999999405816197, False, 74.27941, 0.5567518, 0.0, 4.8030767, 17.06859, 0.49000004, 17.184868
2422, 1643750, -0.0011999999405816197, False, 74.15941, 0.64745575, 0.0, 1.1678238, 17.08326, 0.49000004, 17.038784
2422, 1643751, -0.0011999999405816197, False, 74.039406, 0.32365048, 0.0, -1.6175318, 17.038465, 0.49000004, 17.066626
2422, 1643752, -0.0011999999405816197, False, 73.9194, -0.054932475, 0.0, -3.9630313, 16.925991, 0.49000004, 17.222584
2422, 1643753, -0.0011999999405816197, False, 73.7994, 0.09006198, 0.0, -0.4480169, 16.870003, 0.49000004, 17.300423
2422, 1643754, -0.0011999999405816197, False, 73.6794, -0.13915133, 0.0, -2.8862607, 16.801224, 0.49000004, 17.405588
2422, 1643755, -0.0011999999405816197, False, 73.559395, 0.31996417, 0.0, -5.0907307, 16.654982, 0.49000004, 17.623909
2422, 1643756, -0.0011999999405816197, False, 73.43939, 0.9179294, 0.0, -7.0384674, 16.448936, 0.49000004, 17.95132
2422, 1643757, -0.0011999999405816197, False, 73.31939, 1.6233134, 0.0, -8.742029, 16.203657, 0.49000004, 18.38524
2422, 1643758, -0.0011999999405816197, False, 73.19939, 2.4051938, 0.0, -10.21555, 15.938348, 0.49000004, 18.92157
2422, 1643759, -0.0011999999405816197, False, 73.079384, 2.188946, 0.0, -6.268636, 15.738542, 0.49000004, 19.345245
2422, 1643760, -0.0011999999405816197, False, 72.95938, 2.6468947, 0.0, -7.94155, 15.574897, 0.49000004, 19.783823
2422, 1643761, -0.0011999999405816197, False, 72.83938, 3.217972, 0.0, -9.407406, 15.432234, 0.49000004, 20.331188
2422, 1643762, -0.0011999999405816197, False, 72.719376, 2.64027, 0.0, -5.692088, 15.333427, 0.49000004, 20.763147
2422, 1643763, -0.0011999999405816197, False, 72.59937, 1.245836, 0.0, -3.6420717, 15.272103, 0.49000004, 21.03124
2422, 1643764, -0.0011999999405816197, False, 72.47937, 1.0290133, 0.0, -0.1751107, 15.216053, 0.49000004, 21.118708
2422, 1643765, -0.0011999999405816197, False, 72.35937, 0.5961465, 0.0, -2.7568192, 15.186981, 0.49000004, 21.239664
2422, 1643766, -0.0011999999405816197, False, 72.239365, 0.3109678, 0.0, 0.3688568, 15.166098, 0.49000004, 21.275661
2422, 1643767, -0.0011999999405816197, False, 72.11936, 0.03375742, 0.0, 2.8362293, 15.148284, 0.49000004, 21.154448
2422, 1643768, -0.0011999999405816197, False, 71.99936, 0.18335836, 0.0, 1.5651153, 15.134618, 0.49000004, 21.037794
2422, 1643769, -0.0011999999405816197, False, 71.87936, 0.16295561, 0.0, 0.7241552, 15.127674, 0.49000004, 20.978521
2422, 1643770, -0.0011999999405816197, False, 71.75935, -0.022428632, 0.0, -1.8450814, 15.113642, 0.49000004, 21.037857
2422, 1643771, -0.0011999999405816197, False, 71.63935, -0.037869185, 0.0, 1.0201093, 15.114495, 0.49000004, 21.028093
2422, 1643772, -0.0011999999405816197, False, 71.51935, -0.085644394, 0.0, -1.6783093, 15.10682, 0.49000004, 21.078194
2422, 1643773, -0.0011999999405816197, False, 71.399345, -0.12584187, 0.0, -0.80166006, 15.096646, 0.49000004, 21.141861
2422, 1643774, -0.0011999999405816197, False, 71.27934, -0.14189228, 0.0, 1.7624655, 15.114772, 0.49000004, 21.088665
2422, 1643775, -0.0011999999405816197, False, 71.15934, 0.021199867, 0.0, 0.8691921, 15.134343, 0.49000004, 21.023026
2422, 1643776, -0.0011999999405816197, False, 71.03934, -0.22994614, 0.0, 3.260411, 15.176976, 0.49000004, 20.880072
2422, 1643777, -0.0011999999405816197, False, 70.919334, 0.2783873, 0.0, 5.436559, 15.250531, 0.49000004, 20.605736
2422, 1643778, -0.0011999999405816197, False, 70.79933, 0.91565037, 0.0, 7.3540206, 15.364106, 0.49000004, 20.215729
2422, 1643779, -0.0011999999405816197, False, 70.67933, 0.08810699, 0.0, 4.5996976, 15.459206, 0.49000004, 19.902773
2422, 1643780, -0.0011999999405816197, False, 70.559326, -0.23436558, 0.0, 2.7322712, 15.516861, 0.49000004, 19.713041
2422, 1643781, -0.0011999999405816197, False, 70.43932, -0.6164363, 0.0, 4.919214, 15.579297, 0.49000004, 19.466711
2422, 1643782, -0.0011999999405816197, False, 70.31932, -0.6772303, 0.0, 2.9004464, 15.628107, 0.49000004, 19.25767
2422, 1643783, -0.0011999999405816197, False, 70.19932, -0.3796574, 0.0, 1.6259993, 15.656293, 0.49000004, 19.136955
2422, 1643784, -0.0011999999405816197, False, 70.079315, -0.10001412, 0.0, 0.7981211, 15.670841, 0.49000004, 19.07465
2422, 1643785, -0.0011999999405816197, False, 69.95931, -0.00462931, 0.0, 0.23210627, 15.676372, 0.49000004, 19.05096
2422, 1643786, -0.0011999999405816197, False, 69.83931, 0.0, 0.0, 0.0, 15.676776, 0.49000004, 19.049229
2422, 1643787, -0.0011999999405816197, False, 69.71931, -0.16571939, 0.0, -2.474432, 15.663801, 0.49000004, 19.148666
2422, 1643788, -0.0011999999405816197, False, 69.599304, 0.050707683, 0.0, -1.3391602, 15.649435, 0.49000004, 19.248756
2422, 1643789, -0.0011999999405816197, False, 69.4793, 0.08332017, 0.0, -0.5804623, 15.642491, 0.49000004, 19.297138
2422, 1643790, -0.0011999999405816197, False, 69.3593, 0.0033311276, 0.0, -0.08797303, 15.640454, 0.49000004, 19.311329
2422, 1643791, -0.0011999999405816197, False, 69.239296, 0.15994176, 0.0, 2.394805, 15.652752, 0.49000004, 19.216797
2422, 1643792, -0.0011999999405816197, False, 69.11929, 0.5218225, 0.0, 4.6212144, 15.695864, 0.49000004, 18.985771
2422, 1643793, -0.0011999999405816197, False, 68.99929, 1.0446249, 0.0, 6.5975714, 15.782811, 0.49000004, 18.635294
2422, 1643794, -0.0011999999405816197, False, 68.87929, 1.6894901, 0.0, 8.333662, 15.924823, 0.49000004, 18.182505
2422, 1643795, -0.0011999999405816197, False, 68.759285, 2.422354, 0.0, 9.841909, 16.131319, 0.49000004, 17.644556
2422, 1643796, -0.0011999999405816197, False, 68.63928, 1.0248094, 0.0, 11.582643, 16.405638, 0.49000004, 17.035395
2422, 1643797, -0.0011999999405816197, False, 68.51928, -0.3590536, 0.0, 13.018822, 16.730179, 0.49000004, 16.354765
2422, 1643798, -0.0011999999405816197, False, 68.39928, -1.0964124, 0.0, 8.239378, 16.982471, 0.49000004, 15.827718
2422, 1643799, -0.0011999999405816197, False, 68.279274, -0.1432612, 0.0, 5.1944695, 17.141531, 0.49000004, 15.495438
2422, 1643800, -0.0011999999405816197, False, 68.15927, 0.5313003, 0.0, 7.173567, 17.310637, 0.49000004, 15.141199
2422, 1643801, -0.0011999999405816197, False, 68.03927, 1.3014579, 0.0, 8.897984, 17.539598, 0.49000004, 14.691746
2422, 1643802, -0.0011999999405816197, False, 67.919266, 1.7244103, 0.0, 4.7833724, 17.699852, 0.49000004, 14.3463125
2422, 1643803, -0.0011999999405816197, False, 67.79926, 1.5978693, 0.0, 1.1046014, 17.727356, 0.49000004, 14.177151
2422, 1643804, -0.0011999999405816197, False, 67.67926, 1.0169275, 0.0, 3.648197, 17.792194, 0.49000004, 14.0035095
2422, 1643805, -0.0011999999405816197, False, 67.55926, 0.35031652, 0.0, 5.861726, 17.954176, 0.49000004, 13.738021
2422, 1643806, -0.0011999999405816197, False, 67.439255, 1.0184178, 0.0, 7.7310743, 18.193577, 0.49000004, 13.380533
2422, 1643807, -0.0011999999405816197, False, 67.31925, 1.7785378, 0.0, 9.357506, 18.512117, 0.49000004, 12.947265
2422, 1643808, -0.0011999999405816197, False, 67.19925, 2.6017942, 0.0, 10.756489, 18.914106, 0.49000004, 12.457145
2422, 1643809, -0.0011999999405816197, False, 67.07925, 3.4623675, 0.0, 11.944638, 19.402018, 0.49000004, 11.928455
2422, 1643810, -0.0011999999405816197, False, 66.95924, 2.9893947, 0.0, 7.338023, 19.788063, 0.49000004, 11.526382
2422, 1643811, -0.0011999999405816197, False, 66.83924, 1.7381773, 0.0, 9.383344, 20.189562, 0.49000004, 11.165316
2422, 1643812, -0.0011999999405816197, False, 66.71924, 1.7065008, 0.0, 5.7630486, 20.512611, 0.49000004, 10.889461
2422, 1643813, -0.0011999999405816197, False, 66.599236, 0.760226, 0.0, 7.835998, 20.86173, 0.49000004, 10.629374
2422, 1643814, -0.0011999999405816197, False, 66.47923, 0.98157144, 0.0, 4.806822, 21.14511, 0.49000004, 10.426935
2422, 1643815, -0.0011999999405816197, False, 66.35923, 1.4559469, 0.0, 6.7259254, 21.463228, 0.49000004, 10.229954
2422, 1643816, -0.0011999999405816197, False, 66.23923, 0.4599545, 0.0, 8.679224, 21.893118, 0.49000004, 10.003817
2422, 1643817, -0.0011999999405816197, False, 66.119225, 0.85529995, 0.0, 5.3797455, 22.236746, 0.49000004, 9.828479
2422, 1643818, -0.0011999999405816197, False, 65.99922, 1.4052424, 0.0, 7.252619, 22.60638, 0.49000004, 9.662269
2422, 1643819, -0.0011999999405816197, False, 65.87922, 0.36920762, 0.0, 9.149237, 23.087042, 0.49000004, 9.478742
2422, 1643820, -0.0011999999405816197, False, 65.75922, 1.3503914, 0.0, 10.694389, 23.666313, 0.49000004, 9.271956
2422, 1643821, -0.0011999999405816197, False, 65.63921, 2.3580916, 0.0, 11.999316, 24.33783, 0.49000004, 9.055776
2422, 1643822, -0.0011999999405816197, False, 65.51921, 0.7739706, 0.0, 13.521701, 25.094984, 0.49000004, 8.842468
2422, 1643823, -0.0011999999405816197, False, 65.39921, 2.1242368, 0.0, 14.601117, 25.928558, 0.49000004, 8.6242
2422, 1643824, -0.0011999999405816197, False, 65.279205, 3.4194207, 0.0, 15.451662, 26.833025, 0.49000004, 8.413428
2422, 1643825, -0.0011999999405816197, False, 65.1592, 1.3955002, 0.0, 16.737255, 27.802557, 0.49000004, 8.221085
2422, 1643826, -0.0011999999405816197, False, 65.0392, -0.23269248, 0.0, 10.80338, 28.546396, 0.49000004, 8.079651
2422, 1643827, -0.0011999999405816197, False, 64.9192, 0.98094106, 0.0, 12.241793, 29.241995, 0.49000004, 7.9476337
2422, 1643828, -0.0011999999405816197, False, 64.799194, -0.4589107, 0.0, 13.609325, 30.020504, 0.49000004, 7.8086214
2422, 1643829, -0.0011999999405816197, False, 64.67919, -1.8550117, 0.0, 14.709085, 30.871977, 0.49000004, 7.6509027
2422, 1643830, -0.0011999999405816197, False, 64.55919, -2.1681504, 0.0, 9.252803, 31.527035, 0.49000004, 7.525804
2422, 1643831, -0.0011999999405816197, False, 64.439186, -2.9321892, 0.0, 10.628242, 32.141705, 0.49000004, 7.3798666
2422, 1643832, -0.0011999999405816197, False, 64.31918, -3.316687, 0.0, 6.2064495, 32.63164, 0.49000004, 7.2856083
2422, 1643833, -0.0011999999405816197, False, 64.19918, -3.1493287, 0.0, 2.252007, 32.92001, 0.49000004, 7.299993
2422, 1643834, -0.0011999999405816197, False, 64.07918, -2.5063725, 0.0, -0.5186033, 33.036346, 0.49000004, 7.41275
2422, 1643835, -0.0011999999405816197, False, 63.959175, -2.252477, 0.0, -2.8282647, 33.003193, 0.49000004, 7.595426
2422, 1643836, -0.0011999999405816197, False, 63.839172, -1.4665298, 0.0, -1.4905595, 32.947144, 0.49000004, 7.7379622
2422, 1643837, -0.0011999999405816197, False, 63.71917, -0.83604336, 0.0, -0.68833727, 32.91666, 0.49000004, 7.815476
2422, 1643838, -0.0011999999405816197, False, 63.599167, -0.8832656, 0.0, -3.0439296, 32.795937, 0.49000004, 7.8965125
2422, 1643839, -0.0011999999405816197, False, 63.479164, -0.7435852, 0.0, -5.2471905, 32.53993, 0.49000004, 7.9991593
2422, 1643840, -0.0011999999405816197, False, 63.35916, -0.6406226, 0.0, -7.2421947, 32.161465, 0.49000004, 8.120887
2422, 1643841, -0.0011999999405816197, False, 63.23916, 0.29261565, 0.0, -9.067048, 31.6728, 0.49000004, 8.2633
2422, 1643842, -0.0011999999405816197, False, 63.119156, 1.2757003, 0.0, -10.627222, 31.088314, 0.49000004, 8.439066
2422, 1643843, -0.0011999999405816197, False, 62.999153, 2.286063, 0.0, -11.945451, 30.423113, 0.49000004, 8.661102
2422, 1643844, -0.0011999999405816197, False, 62.87915, 3.302483, 0.0, -13.043533, 29.692469, 0.49000004, 8.940096
2422, 1643845, -0.0011999999405816197, False, 62.759148, 4.3064227, 0.0, -13.9428215, 28.911736, 0.49000004, 9.284648
2422, 1643846, -0.0011999999405816197, False, 62.639145, 5.2823906, 0.0, -14.664162, 28.096231, 0.49000004, 9.701376
2422, 1643847, -0.0011999999405816197, False, 62.519142, 6.2179174, 0.0, -15.227731, 27.261124, 0.49000004, 10.194984
2422, 1643848, -0.0011999999405816197, False, 62.39914, 7.103386, 0.0, -15.652848, 26.421295, 0.49000004, 10.768334
2422, 1643849, -0.0011999999405816197, False, 62.279137, 7.9317317, 0.0, -15.9577675, 25.591225, 0.49000004, 11.422516
2422, 1643850, -0.0011999999405816197, False, 62.159134, 4.0083976, 0.0, -10.761333, 24.97136, 0.49000004, 11.934771
2422, 1643851, -0.0011999999405816197, False, 62.03913, 2.3350377, 0.0, -12.567512, 24.424316, 0.49000004, 12.434306
2422, 1643852, -0.0011999999405816197, False, 61.91913, 0.64325523, 0.0, -8.127122, 24.008305, 0.49000004, 12.828731
2422, 1643853, -0.0011999999405816197, False, 61.799126, 1.4908962, 0.0, -9.74786, 23.611092, 0.49000004, 13.221068
2422, 1643854, -0.0011999999405816197, False, 61.679123, 2.3886385, 0.0, -11.133592, 23.165567, 0.49000004, 13.699074
2422, 1643855, -0.0011999999405816197, False, 61.55912, 3.312553, 0.0, -12.3029995, 22.690325, 0.49000004, 14.26374
2422, 1643856, -0.0011999999405816197, False, 61.439117, 1.5862551, 0.0, -13.88805, 22.19816, 0.49000004, 14.912168
2422, 1643857, -0.0011999999405816197, False, 61.319115, 0.08052778, 0.0, -8.942843, 21.824427, 0.49000004, 15.416938
2422, 1643858, -0.0011999999405816197, False, 61.199112, -0.93844366, 0.0, -10.549328, 21.464148, 0.49000004, 15.900782
2422, 1643859, -0.0011999999405816197, False, 61.07911, 0.107221365, 0.0, -6.7025185, 21.18014, 0.49000004, 16.278812
2422, 1643860, -0.0011999999405816197, False, 60.959106, -0.36619616, 0.0, -4.1165104, 21.003145, 0.49000004, 16.514402
2422, 1643861, -0.0011999999405816197, False, 60.839104, 0.038915634, 0.0, -2.4326866, 20.896914, 0.49000004, 16.655804
2422, 1643862, -0.0011999999405816197, False, 60.7191, -0.36109424, 0.0, -4.6725583, 20.753803, 0.49000004, 16.844856
2422, 1643863, -0.0011999999405816197, False, 60.5991, -0.068332195, 0.0, -1.11419, 20.674814, 0.49000004, 16.956568
2422, 1643864, -0.0011999999405816197, False, 60.479095, -0.32352424, 0.0, -3.4739943, 20.57981, 0.49000004, 17.088917
2422, 1643865, -0.0011999999405816197, False, 60.359093, 0.02380699, 0.0, -2.0071952, 20.491787, 0.49000004, 17.207096
2422, 1643866, -0.0011999999405816197, False, 60.23909, 0.3726982, 0.0, -4.2832317, 20.367592, 0.49000004, 17.380312
2422, 1643867, -0.0011999999405816197, False, 60.119087, 0.88450575, 0.0, -6.3057337, 20.181852, 0.49000004, 17.667019
2422, 1643868, -0.0011999999405816197, False, 59.999084, 1.522224, 0.0, -8.084532, 19.95511, 0.49000004, 18.064093
2422, 1643869, -0.0011999999405816197, False, 59.87908, 2.251796, 0.0, -9.631998, 19.706633, 0.49000004, 18.567009
2422, 1643870, -0.0011999999405816197, False, 59.75908, 2.0481806, 0.0, -5.8953333, 19.519243, 0.49000004, 18.965977
2422, 1643871, -0.0011999999405816197, False, 59.639076, 2.4861128, 0.0, -7.617572, 19.365604, 0.49000004, 19.38448
2422, 1643872, -0.0011999999405816197, False, 59.519073, 3.044502, 0.0, -9.129553, 19.231888, 0.49000004, 19.913597
2422, 1643873, -0.0011999999405816197, False, 59.39907, 3.6870546, 0.0, -10.442198, 19.132044, 0.49000004, 20.541676
2422, 1643874, -0.0011999999405816197, False, 59.279068, 1.633199, 0.0, -6.830227, 19.06788, 0.49000004, 21.032467
2422, 1643875, -0.0011999999405816197, False, 59.159065, 1.7808708, 0.0, -2.9061165, 19.00504, 0.49000004, 21.298334
2422, 1643876, -0.0011999999405816197, False, 59.039062, 1.0538825, 0.0, -5.274612, 18.96433, 0.49000004, 21.57756
2422, 1643877, -0.0011999999405816197, False, 58.91906, 0.5721105, 0.0, -1.7317202, 18.929697, 0.49000004, 21.752375
2422, 1643878, -0.0011999999405816197, False, 58.799057, 0.36268723, 0.0, 1.1078815, 18.908176, 0.49000004, 21.736052
2422, 1643879, -0.0011999999405816197, False, 58.679054, 0.19256817, 0.0, 0.42994964, 18.899588, 0.49000004, 21.696077
2422, 1643880, -0.0011999999405816197, False, 58.55905, 0.35117114, 0.0, 2.8481462, 18.918669, 0.49000004, 21.572857
2422, 1643881, -0.0011999999405816197, False, 58.43905, 0.72519577, 0.0, 5.0138955, 18.983854, 0.49000004, 21.320164
2422, 1643882, -0.0011999999405816197, False, 58.319046, 1.2572749, 0.0, 6.934068, 19.105822, 0.49000004, 20.955978
2422, 1643883, -0.0011999999405816197, False, 58.199043, 1.2220563, 0.0, 4.1853023, 19.210583, 0.49000004, 20.66377
2422, 1643884, -0.0011999999405816197, False, 58.07904, 1.5974758, 0.0, 6.147079, 19.356775, 0.49000004, 20.354773
2422, 1643885, -0.0011999999405816197, False, 57.959038, 0.63304806, 0.0, 8.171257, 19.588652, 0.49000004, 19.963066
2422, 1643886, -0.0011999999405816197, False, 57.839035, -0.3850546, 0.0, 9.904496, 19.887474, 0.49000004, 19.488176
2422, 1643887, -0.0011999999405816197, False, 57.719032, -1.4364624, 0.0, 11.374162, 20.2322, 0.49000004, 18.928226
2422, 1643888, -0.0011999999405816197, False, 57.59903, -0.15220976, 0.0, 7.2793856, 20.497866, 0.49000004, 18.489536
2422, 1643889, -0.0011999999405816197, False, 57.479027, 0.71928596, 0.0, 9.055283, 20.762196, 0.49000004, 18.053654
2422, 1643890, -0.0011999999405816197, False, 57.359024, 1.0440564, 0.0, 5.610462, 20.972912, 0.49000004, 17.709242
2422, 1643891, -0.0011999999405816197, False, 57.23902, 0.20343304, 0.0, 7.6334615, 21.207054, 0.49000004, 17.360374
2422, 1643892, -0.0011999999405816197, False, 57.11902, 1.0612702, 0.0, 9.342241, 21.511444, 0.49000004, 16.926949
2422, 1643893, -0.0011999999405816197, False, 56.999016, -0.119916916, 0.0, 11.001175, 21.884775, 0.49000004, 16.421093
2422, 1643894, -0.0011999999405816197, False, 56.879013, 0.6534383, 0.0, 6.9443636, 22.178087, 0.49000004, 16.026508
2422, 1643895, -0.0011999999405816197, False, 56.75901, 0.8505697, 0.0, 4.2276835, 22.361305, 0.49000004, 15.78003
2422, 1643896, -0.0011999999405816197, False, 56.639008, 0.15966344, 0.0, 6.3677745, 22.58014, 0.49000004, 15.517689
2422, 1643897, -0.0011999999405816197, False, 56.519005, -0.6271877, 0.0, 8.233568, 22.87843, 0.49000004, 15.169456
2422, 1643898, -0.0011999999405816197, False, 56.399002, 0.017460346, 0.0, 4.351485, 23.101366, 0.49000004, 14.915978
2422, 1643899, -0.0011999999405816197, False, 56.279, 0.182877, 0.0, 0.79290485, 23.177738, 0.49000004, 14.826314
2422, 1643900, -0.0011999999405816197, False, 56.158997, -0.09724748, 0.0, 3.2058787, 23.277534, 0.49000004, 14.720606
2422, 1643901, -0.0011999999405816197, False, 56.038994, -0.070673555, 0.0, -0.0605124, 23.31965, 0.49000004, 14.681964
2422, 1643902, -0.0011999999405816197, False, 55.91899, -0.22223854, 0.0, -2.5238438, 23.25939, 0.49000004, 14.766319
2422, 1643903, -0.0011999999405816197, False, 55.79899, 0.21780038, 0.0, -4.771282, 23.107998, 0.49000004, 14.955937
2422, 1643904, -0.0011999999405816197, False, 55.678986, 0.79981875, 0.0, -6.759387, 22.88392, 0.49000004, 15.248746
2422, 1643905, -0.0011999999405816197, False, 55.558983, 1.4936512, 0.0, -8.5008135, 22.60811, 0.49000004, 15.644295
2422, 1643906, -0.0011999999405816197, False, 55.43898, 0.33393955, 0.0, -10.283421, 22.295435, 0.49000004, 16.138319
2422, 1643907, -0.0011999999405816197, False, 55.318977, 1.4279304, 0.0, -11.720604, 21.94248, 0.49000004, 16.718124
2422, 1643908, -0.0011999999405816197, False, 55.198975, 1.6819739, 0.0, -7.3167834, 21.67067, 0.49000004, 17.171452
2422, 1643909, -0.0011999999405816197, False, 55.07897, 2.3140078, 0.0, -8.926773, 21.427347, 0.49000004, 17.630713
2422, 1643910, -0.0011999999405816197, False, 54.95897, 1.3632321, 0.0, -5.1447663, 21.228546, 0.49000004, 17.972527
2422, 1643911, -0.0011999999405816197, False, 54.838966, 0.49481523, 0.0, -3.1813118, 21.10307, 0.49000004, 18.166924
2422, 1643912, -0.0011999999405816197, False, 54.718964, -0.049180508, 0.0, -5.389883, 20.96294, 0.49000004, 18.410208
2422, 1643913, -0.0011999999405816197, False, 54.59896, 0.2362144, 0.0, -1.7335305, 20.874937, 0.49000004, 18.562763
2422, 1643914, -0.0011999999405816197, False, 54.47896, 0.026316851, 0.0, -0.8567354, 20.839333, 0.49000004, 18.620275
2422, 1643915, -0.0011999999405816197, False, 54.358955, 0.09185022, 0.0, 1.7026837, 20.867281, 0.49000004, 18.576164
2422, 1643916, -0.0011999999405816197, False, 54.238953, -0.25014067, 0.0, 4.018596, 20.976534, 0.49000004, 18.413252
2422, 1643917, -0.0011999999405816197, False, 54.11895, -0.7547653, 0.0, 6.0777426, 21.149075, 0.49000004, 18.136124
2422, 1643918, -0.0011999999405816197, False, 53.998947, -0.07061684, 0.0, 3.7492833, 21.287495, 0.49000004, 17.906479
2422, 1643919, -0.0011999999405816197, False, 53.878944, -0.5770459, 0.0, 5.8505945, 21.444077, 0.49000004, 17.63764
2422, 1643920, -0.0011999999405816197, False, 53.75894, 0.21971178, 0.0, 7.805651, 21.649817, 0.49000004, 17.259277
2422, 1643921, -0.0011999999405816197, False, 53.63894, 1.0918312, 0.0, 9.496079, 21.911297, 0.49000004, 16.787573
2422, 1643922, -0.0011999999405816197, False, 53.518936, 2.015009, 0.0, 10.942105, 22.2377, 0.49000004, 16.240582
2422, 1643923, -0.0011999999405816197, False, 53.398933, 2.9654846, 0.0, 12.163448, 22.635996, 0.49000004, 15.635992
2422, 1643924, -0.0011999999405816197, False, 53.27893, 2.6897979, 0.0, 7.511654, 22.95225, 0.49000004, 15.172362
2422, 1643925, -0.0011999999405816197, False, 53.158928, 1.4625549, 0.0, 9.509382, 23.287327, 0.49000004, 14.743321
2422, 1643926, -0.0011999999405816197, False, 53.038925, 0.2901764, 0.0, 6.055172, 23.558407, 0.49000004, 14.411615
2422, 1643927, -0.0011999999405816197, False, 52.918922, -0.21067166, 0.0, 3.7027595, 23.726274, 0.49000004, 14.206204
2422, 1643928, -0.0011999999405816197, False, 52.79892, -0.3462553, 0.0, 2.1245923, 23.825893, 0.49000004, 14.084306
2422, 1643929, -0.0011999999405816197, False, 52.678917, -0.06382847, 0.0, 1.1218499, 23.880386, 0.49000004, 14.017627
2422, 1643930, -0.0011999999405816197, False, 52.558914, 0.21958458, 0.0, 3.4920409, 23.981121, 0.49000004, 13.888905
2422, 1643931, -0.0011999999405816197, False, 52.43891, -0.30833125, 0.0, 5.644597, 24.168938, 0.49000004, 13.65882
2422, 1643932, -0.0011999999405816197, False, 52.31891, 0.17235494, 0.0, 3.4339097, 24.32451, 0.49000004, 13.467575
2422, 1643933, -0.0011999999405816197, False, 52.198906, 0.3044541, 0.0, 1.9501271, 24.41603, 0.49000004, 13.355068
2422, 1643934, -0.0011999999405816197, False, 52.078903, 0.152278, 0.0, -0.946702, 24.406311, 0.49000004, 13.351903
2422, 1643935, -0.0011999999405816197, False, 51.9589, -0.13427675, 0.0, -3.3418436, 24.295929, 0.49000004, 13.4591
2422, 1643936, -0.0011999999405816197, False, 51.838898, 0.36618805, 0.0, -5.501332, 24.088308, 0.49000004, 13.6592245
2422, 1643937, -0.0011999999405816197, False, 51.718895, 0.99724984, 0.0, -7.404666, 23.801346, 0.49000004, 13.952099
2422, 1643938, -0.0011999999405816197, False, 51.598892, 1.7280962, 0.0, -9.065153, 23.455536, 0.49000004, 14.339618
2422, 1643939, -0.0011999999405816197, False, 51.47889, 2.528736, 0.0, -10.497514, 23.070374, 0.49000004, 14.8218975
2422, 1643940, -0.0011999999405816197, False, 51.358887, 0.8980074, 0.0, -6.780918, 22.776466, 0.49000004, 15.20431
2422, 1643941, -0.0011999999405816197, False, 51.238884, -0.027608871, 0.0, -8.675197, 22.490822, 0.49000004, 15.595606
2422, 1643942, -0.0011999999405816197, False, 51.11888, -0.61451745, 0.0, -4.690075, 22.282019, 0.49000004, 15.889983
2422, 1643943, -0.0011999999405816197, False, 50.99888, -0.6778047, 0.0, -1.0655401, 22.21551, 0.49000004, 16.014746
2422, 1643944, -0.0011999999405816197, False, 50.878876, -0.23853217, 0.0, -0.4792382, 22.203362, 0.49000004, 16.058424
2422, 1643945, -0.0011999999405816197, False, 50.758873, -0.27123833, 0.0, 2.0365734, 22.258356, 0.49000004, 16.008469
2422, 1643946, -0.0011999999405816197, False, 50.63887, -0.11295831, 0.0, -0.89235127, 22.263285, 0.49000004, 16.013414
2422, 1643947, -0.0011999999405816197, False, 50.518867, -0.10873252, 0.0, 1.6998582, 22.297419, 0.49000004, 15.974022
2422, 1643948, -0.0011999999405816197, False, 50.398865, -0.09180963, 0.0, -1.1460717, 22.288496, 0.49000004, 15.989592
2422, 1643949, -0.0011999999405816197, False, 50.278862, -0.103115976, 0.0, 1.6340208, 22.319948, 0.49000004, 15.953296
2422, 1643950, -0.0011999999405816197, False, 50.15886, -0.40157974, 0.0, 3.939926, 22.43515, 0.49000004, 15.799482
2422, 1643951, -0.0011999999405816197, False, 50.038857, 0.0072934628, 0.0, 2.3189714, 22.534033, 0.49000004, 15.662482
2422, 1643952, -0.0011999999405816197, False, 49.918854, 0.38856792, 0.0, 4.5659184, 22.671406, 0.49000004, 15.477167
2422, 1643953, -0.0011999999405816197, False, 49.79885, 0.9255893, 0.0, 6.5592327, 22.896662, 0.49000004, 15.199512
2422, 1643954, -0.0011999999405816197, False, 49.67885, 1.5827522, 0.0, 8.309428, 23.213305, 0.49000004, 14.849929
2422, 1643955, -0.0011999999405816197, False, 49.558846, 0.4287882, 0.0, 10.1194, 23.619987, 0.49000004, 14.443762
2422, 1643956, -0.0011999999405816197, False, 49.438843, 1.0976667, 0.0, 5.957059, 23.931128, 0.49000004, 14.128561
2422, 1643957, -0.0011999999405816197, False, 49.31884, 0.21878481, 0.0, 7.9512024, 24.246687, 0.49000004, 13.8221035
2422, 1643958, -0.0011999999405816197, False, 49.198837, -0.38257527, 0.0, 4.9450803, 24.501692, 0.49000004, 13.579473
2422, 1643959, -0.0011999999405816197, False, 49.078835, -0.52858835, 0.0, 1.3032057, 24.619469, 0.49000004, 13.481968
2422, 1643960, -0.0011999999405816197, False, 48.95883, -0.24490315, 0.0, -1.50899, 24.61664, 0.49000004, 13.526345
2422, 1643961, -0.0011999999405816197, False, 48.83883, 0.10920501, 0.0, -3.8577075, 24.537292, 0.49000004, 13.694345
2422, 1643962, -0.0011999999405816197, False, 48.718826, -0.17193967, 0.0, -2.2455692, 24.466232, 0.49000004, 13.842512
2422, 1643963, -0.0011999999405816197, False, 48.598824, -0.51720834, 0.0, -4.485635, 24.358564, 0.49000004, 14.041949
2422, 1643964, -0.0011999999405816197, False, 48.47882, 0.14677191, 0.0, -6.568639, 24.176062, 0.49000004, 14.345163
2422, 1643965, -0.0011999999405816197, False, 48.358818, 0.91069007, 0.0, -8.386893, 23.93656, 0.49000004, 14.749223
2422, 1643966, -0.0011999999405816197, False, 48.238815, 1.748915, 0.0, -9.958239, 23.660635, 0.49000004, 15.252491
2422, 1643967, -0.0011999999405816197, False, 48.118813, 0.44110847, 0.0, -6.3705087, 23.449255, 0.49000004, 15.650681
2422, 1643968, -0.0011999999405816197, False, 47.99881, -0.1395737, 0.0, -3.920266, 23.317917, 0.49000004, 15.898093
2422, 1643969, -0.0011999999405816197, False, 47.878807, -0.651664, 0.0, -5.998735, 23.161789, 0.49000004, 16.1783
2422, 1643970, -0.0011999999405816197, False, 47.758804, 0.16902828, 0.0, -7.946306, 22.935387, 0.49000004, 16.554806
2422, 1643971, -0.0011999999405816197, False, 47.6388, 1.061202, 0.0, -9.627553, 22.656061, 0.49000004, 17.025341
2422, 1643972, -0.0011999999405816197, False, 47.5188, 0.030904293, 0.0, -6.104803, 22.438496, 0.49000004, 17.397802
2422, 1643973, -0.0011999999405816197, False, 47.398796, -0.31957412, 0.0, -2.376791, 22.331118, 0.49000004, 17.5856
2422, 1643974, -0.0011999999405816197, False, 47.278793, -0.15477523, 0.0, 0.71679103, 22.333567, 0.49000004, 17.603432
2422, 1643975, -0.0011999999405816197, False, 47.15879, -0.17681187, 0.0, -1.8327279, 22.299994, 0.49000004, 17.65413
2422, 1643976, -0.0011999999405816197, False, 47.038788, -0.10783672, 0.0, 1.028162, 22.310274, 0.49000004, 17.649195
2422, 1643977, -0.0011999999405816197, False, 46.918785, 8.414686e-05, 0.0, 0.38386422, 22.33358, 0.49000004, 17.623299
2422, 1643978, -0.0011999999405816197, False, 46.798782, -0.20121014, 0.0, 2.820777, 22.413221, 0.49000004, 17.53106
2422, 1643979, -0.0011999999405816197, False, 46.67878, -0.07137184, 0.0, -0.3453232, 22.439985, 0.49000004, 17.505606
2422, 1643980, -0.0011999999405816197, False, 46.558777, -0.18039978, 0.0, 2.1585107, 22.494541, 0.49000004, 17.445915
2422, 1643981, -0.0011999999405816197, False, 46.438774, -0.03373763, 0.0, -0.8527259, 22.498114, 0.49000004, 17.444613
2422, 1643982, -0.0011999999405816197, False, 46.31877, -0.094098866, 0.0, 1.707034, 22.531708, 0.49000004, 17.40427
2422, 1643983, -0.0011999999405816197, False, 46.19877, -0.010309756, 0.0, -1.1540372, 22.525995, 0.49000004, 17.421854
2422, 1643984, -0.0011999999405816197, False, 46.078766, 0.26496756, 0.0, -3.516486, 22.446098, 0.49000004, 17.566425
2422, 1643985, -0.0011999999405816197, False, 45.958763, -0.27237153, 0.0, -5.67081, 22.309504, 0.49000004, 17.831856
2422, 1643986, -0.0011999999405816197, False, 45.83876, 0.19584644, 0.0, -3.448768, 22.196112, 0.49000004, 18.052015
2422, 1643987, -0.0011999999405816197, False, 45.718758, 0.653813, 0.0, -5.568587, 22.069237, 0.49000004, 18.317587
2422, 1643988, -0.0011999999405816197, False, 45.598755, 0.23076165, 0.0, -1.951116, 21.981335, 0.49000004, 18.484974
2422, 1643989, -0.0011999999405816197, False, 45.478752, 0.012996823, 0.0, -0.99932873, 21.941713, 0.49000004, 18.551582
2422, 1643990, -0.0011999999405816197, False, 45.35875, -0.085644424, 0.0, 1.6783096, 21.964947, 0.49000004, 18.50653
2422, 1643991, -0.0011999999405816197, False, 45.238747, 0.043582946, 0.0, 0.81030583, 21.99414, 0.49000004, 18.449041
2422, 1643992, -0.0011999999405816197, False, 45.118744, 0.2749182, 0.0, 3.201933, 22.067358, 0.49000004, 18.322933
2422, 1643993, -0.0011999999405816197, False, 44.99874, -0.2353456, 0.0, 5.3879256, 22.218147, 0.49000004, 18.085953
2422, 1643994, -0.0011999999405816197, False, 44.87874, -0.48285973, 0.0, 3.2304587, 22.344212, 0.49000004, 17.88808
2422, 1643995, -0.0011999999405816197, False, 44.758736, -0.1708965, 0.0, -0.034404576, 22.385445, 0.49000004, 17.842855
2422, 1643996, -0.0011999999405816197, False, 44.638733, -0.28398466, 0.0, 2.432377, 22.439402, 0.49000004, 17.760359
2422, 1643997, -0.0011999999405816197, False, 44.51873, -0.015182257, 0.0, 1.3194835, 22.490238, 0.49000004, 17.674604
2422, 1643998, -0.0011999999405816197, False, 44.398727, -0.30078018, 0.0, 3.6635857, 22.57592, 0.49000004, 17.522629
2422, 1643999, -0.0011999999405816197, False, 44.278725, -0.07248532, 0.0, 0.20480184, 22.618956, 0.49000004, 17.454926
2422, 1644000, -0.0011999999405816197, False, 44.158722, -0.19624114, 0.0, -2.2848127, 22.575243, 0.49000004, 17.532177
2422, 1644001, -0.0011999999405816197, False, 44.03872, -0.068310976, 0.0, 0.8017791, 22.574196, 0.49000004, 17.540693
2422, 1644002, -0.0011999999405816197, False, 43.918716, -0.11596155, 0.0, -1.7542559, 22.545671, 0.49000004, 17.58833
2422, 1644003, -0.0011999999405816197, False, 43.798714, -0.0894497, 0.0, 1.0972633, 22.556147, 0.49000004, 17.57764
2422, 1644004, -0.0011999999405816197, False, 43.67871, -0.09196776, 0.0, -1.6679083, 22.529482, 0.49000004, 17.620018
2422, 1644005, -0.0011999999405816197, False, 43.55871, -0.08644968, 0.0, 1.1756318, 22.542068, 0.49000004, 17.604889
2422, 1644006, -0.0011999999405816197, False, 43.438705, -0.10485178, 0.0, -1.6122937, 22.518164, 0.49000004, 17.645
2422, 1644007, -0.0011999999405816197, False, 43.318703, 0.23137307, 0.0, -3.9381905, 22.412432, 0.49000004, 17.804192
2422, 1644008, -0.0011999999405816197, False, 43.1987, 0.73109293, 0.0, -6.0068684, 22.243034, 0.49000004, 18.07791
2422, 1644009, -0.0011999999405816197, False, 43.078697, 1.3604374, 0.0, -7.828487, 22.030828, 0.49000004, 18.46303
2422, 1644010, -0.0011999999405816197, False, 42.958694, 1.3538215, 0.0, -4.7657447, 21.866524, 0.49000004, 18.773884
2422, 1644011, -0.0011999999405816197, False, 42.83869, 0.5424768, 0.0, -6.9022884, 21.715551, 0.49000004, 19.118608
2422, 1644012, -0.0011999999405816197, False, 42.71869, 1.2848785, 0.0, -8.652367, 21.5389, 0.49000004, 19.574814
2422, 1644013, -0.0011999999405816197, False, 42.598686, 1.6845578, 0.0, -4.5639124, 21.393255, 0.49000004, 19.911745
2422, 1644014, -0.0011999999405816197, False, 42.478683, 2.0328605, 0.0, -6.4507236, 21.267775, 0.49000004, 20.257915
2422, 1644015, -0.0011999999405816197, False, 42.35868, 1.3077368, 0.0, -2.8956156, 21.161438, 0.49000004, 20.494825
2422, 1644016, -0.0011999999405816197, False, 42.238678, 0.9231687, 0.0, 0.2965852, 21.09359, 0.49000004, 20.529968
2422, 1644017, -0.0011999999405816197, False, 42.118675, 0.3342108, 0.0, 0.06988466, 21.064404, 0.49000004, 20.51709
2422, 1644018, -0.0011999999405816197, False, 41.998672, 0.4153923, 0.0, 2.5178652, 21.073008, 0.49000004, 20.412064
2422, 1644019, -0.0011999999405816197, False, 41.87867, 0.74553967, 0.0, 4.7110443, 21.1293, 0.49000004, 20.175985
2422, 1644020, -0.0011999999405816197, False, 41.758667, 1.2445054, 0.0, 6.6594586, 21.243399, 0.49000004, 19.826927
2422, 1644021, -0.0011999999405816197, False, 41.638664, 0.28295708, 0.0, 8.598806, 21.419691, 0.49000004, 19.380299
2422, 1644022, -0.0011999999405816197, False, 41.51866, 0.7392893, 0.0, 5.338211, 21.56341, 0.49000004, 19.02664
2422, 1644023, -0.0011999999405816197, False, 41.39866, -0.033874035, 0.0, 7.358731, 21.726631, 0.49000004, 18.658354
2422, 1644024, -0.0011999999405816197, False, 41.278656, 0.4563861, 0.0, 4.543293, 21.86007, 0.49000004, 18.362333
2422, 1644025, -0.0011999999405816197, False, 41.158653, 0.5348554, 0.0, 0.94254327, 21.90222, 0.49000004, 18.237904
2422, 1644026, -0.0011999999405816197, False, 41.03865, 0.16709232, 0.0, 3.3760762, 21.968376, 0.49000004, 18.096111
2422, 1644027, -0.0011999999405816197, False, 40.918648, 0.6226196, 0.0, 5.5055237, 22.107952, 0.49000004, 17.841686
2422, 1644028, -0.0011999999405816197, False, 40.798645, 0.72534263, 0.0, 3.2847822, 22.22699, 0.49000004, 17.6317
2422, 1644029, -0.0011999999405816197, False, 40.678642, 0.13532352, 0.0, 5.5053825, 22.386992, 0.49000004, 17.392067
2422, 1644030, -0.0011999999405816197, False, 40.55864, 0.39463788, 0.0, 1.8230182, 22.48656, 0.49000004, 17.238657
2422, 1644031, -0.0011999999405816197, False, 40.438637, 0.10106936, 0.0, 0.9281533, 22.522797, 0.49000004, 17.17535
2422, 1644032, -0.0011999999405816197, False, 40.318634, -0.082147956, 0.0, -1.6820308, 22.490759, 0.49000004, 17.214912
2422, 1644033, -0.0011999999405816197, False, 40.19863, -0.080135524, 0.0, 1.163547, 22.50406, 0.49000004, 17.201519
2422, 1644034, -0.0011999999405816197, False, 40.07863, 0.059655786, 0.0, -1.6285672, 22.4793, 0.49000004, 17.242104
2422, 1644035, -0.0011999999405816197, False, 39.958626, -0.2694, 0.0, -3.9488866, 22.378452, 0.49000004, 17.405401
2422, 1644036, -0.0011999999405816197, False, 39.838623, 0.30825257, 0.0, -6.0613437, 22.202824, 0.49000004, 17.676252
2422, 1644037, -0.0011999999405816197, False, 39.71862, -0.47048545, 0.0, -7.9707794, 21.965412, 0.49000004, 18.048586
2422, 1644038, -0.0011999999405816197, False, 39.598618, 0.5077653, 0.0, -9.708463, 21.66599, 0.49000004, 18.50909
2422, 1644039, -0.0011999999405816197, False, 39.478615, 1.1254272, 0.0, -5.5796766, 21.430214, 0.49000004, 18.856821
2422, 1644040, -0.0011999999405816197, False, 39.358612, 0.276088, 0.0, -7.6135674, 21.203388, 0.49000004, 19.209255
2422, 1644041, -0.0011999999405816197, False, 39.23861, 1.122432, 0.0, -9.317724, 20.928343, 0.49000004, 19.660656
2422, 1644042, -0.0011999999405816197, False, 39.118607, 0.706342, 0.0, -5.863606, 20.714096, 0.49000004, 20.01907
2422, 1644043, -0.0011999999405816197, False, 38.998604, 0.8958639, 0.0, -2.104402, 20.595047, 0.49000004, 20.18829
2422, 1644044, -0.0011999999405816197, False, 38.8786, 0.56966203, 0.0, 0.8254901, 20.558422, 0.49000004, 20.17817
2422, 1644045, -0.0011999999405816197, False, 38.7586, 0.68874246, 0.0, 3.1795683, 20.594177, 0.49000004, 20.033113
2422, 1644046, -0.0011999999405816197, False, 38.638596, 0.113601685, 0.0, 5.40695, 20.699636, 0.49000004, 19.771585
2422, 1644047, -0.0011999999405816197, False, 38.518593, 0.7714665, 0.0, 7.3420153, 20.860863, 0.49000004, 19.40076
2422, 1644048, -0.0011999999405816197, False, 38.39859, 1.5260448, 0.0, 9.028553, 21.083178, 0.49000004, 18.9365
2422, 1644049, -0.0011999999405816197, False, 38.278587, 1.5470057, 0.0, 5.5430984, 21.26423, 0.49000004, 18.571884
2422, 1644050, -0.0011999999405816197, False, 38.158585, 0.6417589, 0.0, 7.621953, 21.475605, 0.49000004, 18.207388
2422, 1644051, -0.0011999999405816197, False, 38.03858, 0.89261174, 0.0, 4.6735125, 21.650637, 0.49000004, 17.918236
2422, 1644052, -0.0011999999405816197, False, 37.91858, 0.15643668, 0.0, 6.773882, 21.855827, 0.49000004, 17.614214
2422, 1644053, -0.0011999999405816197, False, 37.798576, -0.34088218, 0.0, 4.1666613, 22.025366, 0.49000004, 17.369165
2422, 1644054, -0.0011999999405816197, False, 37.678574, -0.84610844, 0.0, 6.203381, 22.206326, 0.49000004, 17.087273
2422, 1644055, -0.0011999999405816197, False, 37.55857, -0.33830512, 0.0, 2.5424404, 22.335443, 0.49000004, 16.90164
2422, 1644056, -0.0011999999405816197, False, 37.43857, -0.16166948, 0.0, -0.57158947, 22.356539, 0.49000004, 16.889032
2422, 1644057, -0.0011999999405816197, False, 37.318565, -0.3424765, 0.0, -2.9777465, 22.283154, 0.49000004, 16.999409
2422, 1644058, -0.0011999999405816197, False, 37.198563, 0.1585939, 0.0, -5.1919136, 22.11949, 0.49000004, 17.212357
2422, 1644059, -0.0011999999405816197, False, 37.07856, -0.51793385, 0.0, -7.172658, 21.879837, 0.49000004, 17.523088
2422, 1644060, -0.0011999999405816197, False, 36.958557, 0.014919519, 0.0, -3.3841214, 21.713623, 0.49000004, 17.745413
2422, 1644061, -0.0011999999405816197, False, 36.838554, -0.1940769, 0.0, -1.9282484, 21.629324, 0.49000004, 17.860369
2422, 1644062, -0.0011999999405816197, False, 36.71855, -0.09686291, 0.0, 0.9516384, 21.636423, 0.49000004, 17.859283
2422, 1644063, -0.0011999999405816197, False, 36.59855, -0.085644186, 0.0, -1.6783093, 21.604727, 0.49000004, 17.89885
2422, 1644064, -0.0011999999405816197, False, 36.478546, -0.082255065, 0.0, 1.1666797, 21.618265, 0.49000004, 17.885391
2422, 1644065, -0.0011999999405816197, False, 36.358543, -0.102501094, 0.0, -1.6206671, 21.589828, 0.49000004, 17.923061
2422, 1644066, -0.0011999999405816197, False, 36.23854, 0.23403454, 0.0, -3.9455366, 21.46763, 0.49000004, 18.070597
2422, 1644067, -0.0011999999405816197, False, 36.118538, 0.73405576, 0.0, -6.013261, 21.270191, 0.49000004, 18.325357
2422, 1644068, -0.0011999999405816197, False, 35.998535, -0.09940791, 0.0, -7.967181, 21.01401, 0.49000004, 18.683792
2422, 1644069, -0.0011999999405816197, False, 35.878532, 0.8298998, 0.0, -9.67091, 20.698248, 0.49000004, 19.132154
2422, 1644070, -0.0011999999405816197, False, 35.75853, 0.5231302, 0.0, -6.09609, 20.450878, 0.49000004, 19.486677
2422, 1644071, -0.0011999999405816197, False, 35.638527, 0.7716039, 0.0, -2.3255496, 20.316633, 0.49000004, 19.658546
2422, 1644072, -0.0011999999405816197, False, 35.518524, 0.45935377, 0.0, 0.67730135, 20.282433, 0.49000004, 19.656702
2422, 1644073, -0.0011999999405816197, False, 35.39852, 0.15565106, 0.0, 0.18454328, 20.280628, 0.49000004, 19.6318
2422, 1644074, -0.0011999999405816197, False, 35.27852, 0.114979744, 0.0, 2.6496782, 20.339674, 0.49000004, 19.537785
2422, 1644075, -0.0011999999405816197, False, 35.158516, -0.31823802, 0.0, 4.875101, 20.479155, 0.49000004, 19.331003
2422, 1644076, -0.0011999999405816197, False, 35.038513, -0.8956003, 0.0, 6.8441687, 20.67904, 0.49000004, 19.014038
2422, 1644077, -0.0011999999405816197, False, 34.91851, -0.32798803, 0.0, 3.1246088, 20.82552, 0.49000004, 18.796722
2422, 1644078, -0.0011999999405816197, False, 34.798508, 0.1838963, 0.0, 5.323068, 20.980963, 0.49000004, 18.56775
2422, 1644079, -0.0011999999405816197, False, 34.678505, -0.5085192, 0.0, 7.293294, 21.205658, 0.49000004, 18.237032
2422, 1644080, -0.0011999999405816197, False, 34.558502, 0.15916848, 0.0, 4.531751, 21.385956, 0.49000004, 17.969622
2422, 1644081, -0.0011999999405816197, False, 34.4385, -0.4557972, 0.0, 6.577125, 21.585615, 0.49000004, 17.675724
2422, 1644082, -0.0011999999405816197, False, 34.318497, 0.39109325, 0.0, 8.449785, 21.84455, 0.49000004, 17.282307
2422, 1644083, -0.0011999999405816197, False, 34.198494, -0.6215086, 0.0, 10.133221, 22.163303, 0.49000004, 16.802557
2422, 1644084, -0.0011999999405816197, False, 34.07849, 0.27865243, 0.0, 6.4072223, 22.413248, 0.49000004, 16.425083
2422, 1644085, -0.0011999999405816197, False, 33.95849, -0.24125814, 0.0, 3.9335518, 22.56859, 0.49000004, 16.19048
2422, 1644086, -0.0011999999405816197, False, 33.838486, -0.7390137, 0.0, 6.0018263, 22.738317, 0.49000004, 15.917254
2422, 1644087, -0.0011999999405816197, False, 33.718483, -0.06581676, 0.0, 3.6982636, 22.874676, 0.49000004, 15.690501
2422, 1644088, -0.0011999999405816197, False, 33.59848, 0.051910862, 0.0, 0.2111361, 22.916122, 0.49000004, 15.620897
2422, 1644089, -0.0011999999405816197, False, 33.478477, -0.11106622, 0.0, -2.2880468, 22.860258, 0.49000004, 15.689572
2422, 1644090, -0.0011999999405816197, False, 33.358475, 0.06826615, 0.0, -1.2130731, 22.801804, 0.49000004, 15.7611885
2422, 1644091, -0.0011999999405816197, False, 33.238472, -0.22437608, 0.0, -3.5747404, 22.697855, 0.49000004, 15.893918
2422, 1644092, -0.0011999999405816197, False, 33.11847, -0.029069494, 0.0, -0.114240006, 22.65414, 0.49000004, 15.954448
2422, 1644093, -0.0011999999405816197, False, 32.998466, -0.1973902, 0.0, -2.5752764, 22.590523, 0.49000004, 16.040083
2422, 1644094, -0.0011999999405816197, False, 32.878464, -0.08410138, 0.0, 0.56395495, 22.57984, 0.49000004, 16.06097
2422, 1644095, -0.0011999999405816197, False, 32.75846, 0.066358805, 0.0, -1.9729488, 22.544065, 0.49000004, 16.119854
2422, 1644096, -0.0011999999405816197, False, 32.63846, 0.4042443, 0.0, -4.2486954, 22.437685, 0.49000004, 16.302319
2422, 1644097, -0.0011999999405816197, False, 32.518456, -0.2213347, 0.0, -6.3443127, 22.27738, 0.49000004, 16.602283
2422, 1644098, -0.0011999999405816197, False, 32.398453, -0.54974926, 0.0, -2.5719228, 22.174889, 0.49000004, 16.808487
2422, 1644099, -0.0011999999405816197, False, 32.27845, -0.29188758, 0.0, 0.51870334, 22.178518, 0.49000004, 16.84061
2422, 1644100, -0.0011999999405816197, False, 32.158447, -0.30018747, 0.0, -2.0038345, 22.150784, 0.49000004, 16.907827
2422, 1644101, -0.0011999999405816197, False, 32.038445, -0.5986445, 0.0, -4.2572274, 22.03625, 0.49000004, 17.087883
2422, 1644102, -0.0011999999405816197, False, 31.918442, -0.26848793, 0.0, -0.7696761, 21.981304, 0.49000004, 17.190308
2422, 1644103, -0.0011999999405816197, False, 31.798439, -0.4459449, 0.0, -3.1484919, 21.905771, 0.49000004, 17.31296
2422, 1644104, -0.0011999999405816197, False, 31.678436, 0.087239504, 0.0, -5.355652, 21.739807, 0.49000004, 17.536787
2422, 1644105, -0.0011999999405816197, False, 31.558434, 0.74398017, 0.0, -7.2981105, 21.502125, 0.49000004, 17.860327
2422, 1644106, -0.0011999999405816197, False, 31.43843, 1.4979231, 0.0, -8.991397, 21.213755, 0.49000004, 18.283592
2422, 1644107, -0.0011999999405816197, False, 31.318428, 2.320365, 0.0, -10.451228, 20.894398, 0.49000004, 18.804821
2422, 1644108, -0.0011999999405816197, False, 31.198425, 3.1849473, 0.0, -11.694319, 20.562504, 0.49000004, 19.420671
2422, 1644109, -0.0011999999405816197, False, 31.078423, 1.2380669, 0.0, -7.6145935, 20.314037, 0.49000004, 19.903395
2422, 1644110, -0.0011999999405816197, False, 30.95842, 1.2617078, 0.0, -4.632671, 20.157974, 0.49000004, 20.206596
2422, 1644111, -0.0011999999405816197, False, 30.838417, 0.46141124, 0.0, -2.8378606, 20.06301, 0.49000004, 20.391092
2422, 1644112, -0.0011999999405816197, False, 30.718414, 0.21668045, 0.0, 0.3133937, 20.033936, 0.49000004, 20.421246
2422, 1644113, -0.0011999999405816197, False, 30.598412, 0.35670972, 0.0, 2.7418392, 20.074568, 0.49000004, 20.3102
2422, 1644114, -0.0011999999405816197, False, 30.478409, -0.12569821, 0.0, 4.9804087, 20.183147, 0.49000004, 20.079012
2422, 1644115, -0.0011999999405816197, False, 30.358406, -0.3880546, 0.0, 2.9692836, 20.275862, 0.49000004, 19.884167
2422, 1644116, -0.0011999999405816197, False, 30.238403, -0.3907264, 0.0, 1.6343038, 20.32944, 0.49000004, 19.771566
2422, 1644117, -0.0011999999405816197, False, 30.1184, -0.63466966, 0.0, 3.917423, 20.386799, 0.49000004, 19.587208
2422, 1644118, -0.0011999999405816197, False, 29.998398, -0.6095316, 0.0, 2.243038, 20.431206, 0.49000004, 19.423801
2422, 1644119, -0.0011999999405816197, False, 29.878395, -0.5050582, 0.0, 4.519177, 20.463388, 0.49000004, 19.197163
2422, 1644120, -0.0011999999405816197, False, 29.758392, 0.16014874, 0.0, 6.597757, 20.493322, 0.49000004, 18.842703
2422, 1644121, -0.0011999999405816197, False, 29.63839, 0.9250194, 0.0, 8.411949, 20.536516, 0.49000004, 18.373331
2422, 1644122, -0.0011999999405816197, False, 29.518387, 1.7638376, 0.0, 9.979552, 20.608637, 0.49000004, 17.80245
2422, 1644123, -0.0011999999405816197, False, 29.398384, 2.6503825, 0.0, 11.318272, 20.72319, 0.49000004, 17.14396
2422, 1644124, -0.0011999999405816197, False, 29.278381, 3.1436095, 0.0, 6.848569, 20.79534, 0.49000004, 16.61777
2422, 1644125, -0.0011999999405816197, False, 29.158379, 2.7407284, 0.0, 8.712156, 20.889414, 0.49000004, 16.11052
2422, 1644126, -0.0011999999405816197, False, 29.038376, 2.2851584, 0.0, 5.264826, 20.977556, 0.49000004, 15.714185
2422, 1644127, -0.0011999999405816197, False, 28.918373, 2.1394556, 0.0, 1.4927361, 20.978277, 0.49000004, 15.50271
2422, 1644128, -0.0011999999405816197, False, 28.79837, 2.066411, 0.0, 3.686586, 21.02128, 0.49000004, 15.29033
2422, 1644129, -0.0011999999405816197, False, 28.678368, 1.2380228, 0.0, 6.005451, 21.17429, 0.49000004, 14.999173
2422, 1644130, -0.0011999999405816197, False, 28.558365, 1.3515053, 0.0, 2.1974142, 21.264929, 0.49000004, 14.796356
2422, 1644131, -0.0011999999405816197, False, 28.438362, 0.74455714, 0.0, 4.5920568, 21.382282, 0.49000004, 14.590948
2422, 1644132, -0.0011999999405816197, False, 28.31836, 0.7283875, 0.0, 2.6790981, 21.490952, 0.49000004, 14.422265
2422, 1644133, -0.0011999999405816197, False, 28.198357, 0.18898296, 0.0, 4.959671, 21.649931, 0.49000004, 14.223522
2422, 1644134, -0.0011999999405816197, False, 28.078354, 0.37922078, 0.0, 1.328247, 21.742521, 0.49000004, 14.1023855
2422, 1644135, -0.0011999999405816197, False, 27.958351, 0.013854027, 0.0, 3.7075007, 21.857811, 0.49000004, 13.968772
2422, 1644136, -0.0011999999405816197, False, 27.838348, 0.09718392, 0.0, 0.21929406, 21.910501, 0.49000004, 13.906396
2422, 1644137, -0.0011999999405816197, False, 27.718346, -0.11438227, 0.0, 2.6804774, 21.98936, 0.49000004, 13.825681
2422, 1644138, -0.0011999999405816197, False, 27.598343, -0.08588046, 0.0, -0.4929763, 22.013458, 0.49000004, 13.809195
2422, 1644139, -0.0011999999405816197, False, 27.47834, -0.2766608, 0.0, -2.9124832, 21.939615, 0.49000004, 13.91374
2422, 1644140, -0.0011999999405816197, False, 27.358337, 0.2076695, 0.0, -5.126932, 21.775797, 0.49000004, 14.121591
2422, 1644141, -0.0011999999405816197, False, 27.238335, 0.8253014, 0.0, -7.081052, 21.540388, 0.49000004, 14.430888
2422, 1644142, -0.0011999999405816197, False, 27.118332, 1.5472229, 0.0, -8.78854, 21.254286, 0.49000004, 14.841382
2422, 1644143, -0.0011999999405816197, False, 26.99833, 1.542375, 0.0, -5.3843555, 21.032694, 0.49000004, 15.170086
2422, 1644144, -0.0011999999405816197, False, 26.878326, 0.651387, 0.0, -7.4784555, 20.825762, 0.49000004, 15.527001
2422, 1644145, -0.0011999999405816197, False, 26.758324, -0.30507183, 0.0, -9.2811985, 20.578886, 0.49000004, 15.987259
2422, 1644146, -0.0011999999405816197, False, 26.63832, 0.77440786, 0.0, -10.8752985, 20.284586, 0.49000004, 16.535845
2422, 1644147, -0.0011999999405816197, False, 26.518318, 1.8705659, 0.0, -12.214336, 19.958403, 0.49000004, 17.1699
2422, 1644148, -0.0011999999405816197, False, 26.398315, 0.69885373, 0.0, -8.061207, 19.690004, 0.49000004, 17.671654
2422, 1644149, -0.0011999999405816197, False, 26.278313, 1.1241455, 0.0, -4.0793686, 19.5203, 0.49000004, 17.953442
2422, 1644150, -0.0011999999405816197, False, 26.15831, 0.6739161, 0.0, -0.6948851, 19.436382, 0.49000004, 18.035706
2422, 1644151, -0.0011999999405816197, False, 26.038307, 0.2101159, 0.0, -0.26775587, 19.40685, 0.49000004, 18.047564
2422, 1644152, -0.0011999999405816197, False, 25.918304, -0.00022500753, 0.0, 2.25323, 19.43933, 0.49000004, 17.967594
2422, 1644153, -0.0011999999405816197, False, 25.798302, -0.029805928, 0.0, -0.8535267, 19.440258, 0.49000004, 17.962578
2422, 1644154, -0.0011999999405816197, False, 25.678299, -0.03688167, 0.0, -0.2624258, 19.427769, 0.49000004, 17.986065
2422, 1644155, -0.0011999999405816197, False, 25.558296, -0.16624886, 0.0, 2.2351213, 19.477333, 0.49000004, 17.916397
2422, 1644156, -0.0011999999405816197, False, 25.438293, -0.51150465, 0.0, 4.4766936, 19.595665, 0.49000004, 17.723797
2422, 1644157, -0.0011999999405816197, False, 25.31829, 0.15081882, 0.0, 6.560036, 19.766525, 0.49000004, 17.414478
2422, 1644158, -0.0011999999405816197, False, 25.198288, 0.91336584, 0.0, 8.378767, 19.996277, 0.49000004, 17.005348
2422, 1644159, -0.0011999999405816197, False, 25.078285, -0.16029358, 0.0, 10.11805, 20.289513, 0.49000004, 16.511936
2422, 1644160, -0.0011999999405816197, False, 24.958282, 0.5904703, 0.0, 6.0085225, 20.51585, 0.49000004, 16.132193
2422, 1644161, -0.0011999999405816197, False, 24.83828, 1.2394323, 0.0, 7.8422585, 20.749525, 0.49000004, 15.760309
2422, 1644162, -0.0011999999405816197, False, 24.718277, 0.1722374, 0.0, 9.665079, 21.05934, 0.49000004, 15.310708
2422, 1644163, -0.0011999999405816197, False, 24.598274, 1.2275753, 0.0, 11.177642, 21.432247, 0.49000004, 14.785831
2422, 1644164, -0.0011999999405816197, False, 24.478271, 2.2973194, 0.0, 12.446035, 21.871628, 0.49000004, 14.200552
2422, 1644165, -0.0011999999405816197, False, 24.358269, 3.3615904, 0.0, 13.49363, 22.383211, 0.49000004, 13.572542
2422, 1644166, -0.0011999999405816197, False, 24.238266, 3.0408068, 0.0, 8.359525, 22.784895, 0.49000004, 13.094036
2422, 1644167, -0.0011999999405816197, False, 24.118263, 1.6957316, 0.0, 10.308054, 23.194502, 0.49000004, 12.661517
2422, 1644168, -0.0011999999405816197, False, 23.99826, 1.7483006, 0.0, 6.3724284, 23.522198, 0.49000004, 12.329901
2422, 1644169, -0.0011999999405816197, False, 23.878258, 0.66059995, 0.0, 4.015663, 23.72624, 0.49000004, 12.123416
2422, 1644170, -0.0011999999405816197, False, 23.758255, 0.1393925, 0.0, 2.3871877, 23.848518, 0.49000004, 11.999674
2422, 1644171, -0.0011999999405816197, False, 23.638252, 0.056465894, 0.0, -0.7372613, 23.855562, 0.49000004, 11.989365
2422, 1644172, -0.0011999999405816197, False, 23.51825, 0.27791166, 0.0, -3.1350212, 23.76052, 0.49000004, 12.094483
2422, 1644173, -0.0011999999405816197, False, 23.398247, 0.69222164, 0.0, -5.278641, 23.588043, 0.49000004, 12.311047
2422, 1644174, -0.0011999999405816197, False, 23.278244, -0.068853855, 0.0, -7.3005295, 23.354605, 0.49000004, 12.634912
2422, 1644175, -0.0011999999405816197, False, 23.158241, -0.51573586, 0.0, -4.4983706, 23.16777, 0.49000004, 12.897225
2422, 1644176, -0.0011999999405816197, False, 23.038239, -1.0273385, 0.0, -6.4873657, 22.950146, 0.49000004, 13.176666
2422, 1644177, -0.0011999999405816197, False, 22.918236, -0.11069441, 0.0, -8.422734, 22.64372, 0.49000004, 13.531601
2422, 1644178, -0.0011999999405816197, False, 22.798233, 0.8630605, 0.0, -10.08291, 22.266144, 0.49000004, 13.963961
2422, 1644179, -0.0011999999405816197, False, 22.67823, -0.3615942, 0.0, -11.650651, 21.833252, 0.49000004, 14.474349
2422, 1644180, -0.0011999999405816197, False, 22.558228, -1.0024929, 0.0, -7.3396244, 21.496387, 0.49000004, 14.872647
2422, 1644181, -0.0011999999405816197, False, 22.438225, -0.012126446, 0.0, -9.189106, 21.153553, 0.49000004, 15.258746
2422, 1644182, -0.0011999999405816197, False, 22.318222, 1.0214, 0.0, -10.765192, 20.743116, 0.49000004, 15.719516
2422, 1644183, -0.0011999999405816197, False, 22.19822, 2.0764995, 0.0, -12.092709, 20.284842, 0.49000004, 16.258898
2422, 1644184, -0.0011999999405816197, False, 22.078217, 0.51789236, 0.0, -13.578871, 19.79287, 0.49000004, 16.87611
2422, 1644185, -0.0011999999405816197, False, 21.958214, 1.2364438, 0.0, -8.597132, 19.415632, 0.49000004, 17.35575
2422, 1644186, -0.0011999999405816197, False, 21.838211, 0.46852374, 0.0, -4.7382345, 19.181393, 0.49000004, 17.632397
2422, 1644187, -0.0011999999405816197, False, 21.718208, 0.5700254, 0.0, -1.1144991, 19.077765, 0.49000004, 17.729849
2422, 1644188, -0.0011999999405816197, False, 21.598206, 0.18271196, 0.0, -3.5344582, 18.96857, 0.49000004, 17.855324
2422, 1644189, -0.0011999999405816197, False, 21.478203, 0.010790618, 0.0, -0.071721055, 18.921385, 0.49000004, 17.909887
2422, 1644190, -0.0011999999405816197, False, 21.3582, -0.151528, 0.0, 2.4105515, 18.983536, 0.49000004, 17.836376
2422, 1644191, -0.0011999999405816197, False, 21.238197, -0.51639557, 0.0, 4.636126, 19.12654, 0.49000004, 17.648779
2422, 1644192, -0.0011999999405816197, False, 21.118195, 0.16107869, 0.0, 6.7043266, 19.333534, 0.49000004, 17.351397
2422, 1644193, -0.0011999999405816197, False, 20.998192, -0.65756226, 0.0, 8.537317, 19.604845, 0.49000004, 16.958529
2422, 1644194, -0.0011999999405816197, False, 20.87819, 0.1493144, 0.0, 5.3600655, 19.819489, 0.49000004, 16.645111
2422, 1644195, -0.0011999999405816197, False, 20.758186, -0.24926782, 0.0, 3.2363155, 19.951258, 0.49000004, 16.452705
2422, 1644196, -0.0011999999405816197, False, 20.638184, -0.33348048, 0.0, 1.8162124, 20.028225, 0.49000004, 16.340319
2422, 1644197, -0.0011999999405816197, False, 20.51818, -0.19536638, 0.0, -1.0452464, 20.03314, 0.49000004, 16.355427
2422, 1644198, -0.0011999999405816197, False, 20.398178, 0.10884285, 0.0, -3.434708, 19.964458, 0.49000004, 16.499462
2422, 1644199, -0.0011999999405816197, False, 20.278175, -0.39619112, 0.0, -5.5828185, 19.837395, 0.49000004, 16.764082
2422, 1644200, -0.0011999999405816197, False, 20.158173, -0.61225885, 0.0, -1.8736823, 19.76409, 0.49000004, 16.937778
2422, 1644201, -0.0011999999405816197, False, 20.03817, -0.373811, 0.0, 1.00368, 19.78856, 0.49000004, 16.94387
2422, 1644202, -0.0011999999405816197, False, 19.918167, -0.101774216, 0.0, 0.3956002, 19.816732, 0.49000004, 16.920588
2422, 1644203, -0.0011999999405816197, False, 19.798164, -0.27897382, 0.0, 2.8235488, 19.89074, 0.49000004, 16.82292
2422, 1644204, -0.0011999999405816197, False, 19.678162, -0.1129046, 0.0, -0.3370515, 19.917778, 0.49000004, 16.796276
2422, 1644205, -0.0011999999405816197, False, 19.558159, -0.20859909, 0.0, 2.1640213, 19.967571, 0.49000004, 16.731855
2422, 1644206, -0.0011999999405816197, False, 19.438156, -0.53939354, 0.0, 4.4090605, 20.085833, 0.49000004, 16.543823
2422, 1644207, -0.0011999999405816197, False, 19.318153, -0.044867158, 0.0, 2.6370459, 20.18415, 0.49000004, 16.38004
2422, 1644208, -0.0011999999405816197, False, 19.19815, 0.3752668, 0.0, 4.857454, 20.312748, 0.49000004, 16.167273
2422, 1644209, -0.0011999999405816197, False, 19.078148, -0.30167127, 0.0, 6.8908415, 20.513697, 0.49000004, 15.851646
2422, 1644210, -0.0011999999405816197, False, 18.958145, 0.16980195, 0.0, 3.1098275, 20.655745, 0.49000004, 15.632798
2422, 1644211, -0.0011999999405816197, False, 18.838142, -0.31496215, 0.0, 5.2952156, 20.808037, 0.49000004, 15.403331
2422, 1644212, -0.0011999999405816197, False, 18.71814, 0.1452955, 0.0, 3.2045417, 20.934975, 0.49000004, 15.210857
2422, 1644213, -0.0011999999405816197, False, 18.598137, 0.587811, 0.0, 5.3527117, 21.095667, 0.49000004, 14.980915
2422, 1644214, -0.0011999999405816197, False, 18.478134, -0.16505623, 0.0, 7.3575, 21.338535, 0.49000004, 14.659536
2422, 1644215, -0.0011999999405816197, False, 18.358131, 0.375355, 0.0, 4.5510645, 21.535255, 0.49000004, 14.4011755
2422, 1644216, -0.0011999999405816197, False, 18.238129, 0.9128828, 0.0, 6.5469875, 21.760485, 0.49000004, 14.124624
2422, 1644217, -0.0011999999405816197, False, 18.118126, 1.5705571, 0.0, 8.299498, 22.077082, 0.49000004, 13.776024
2422, 1644218, -0.0011999999405816197, False, 17.998123, 1.5202496, 0.0, 5.0622187, 22.333895, 0.49000004, 13.50336
2422, 1644219, -0.0011999999405816197, False, 17.87812, 0.594113, 0.0, 3.1395473, 22.491379, 0.49000004, 13.336157
2422, 1644220, -0.0011999999405816197, False, 17.758118, 0.26519474, 0.0, -0.087672025, 22.520124, 0.49000004, 13.284638
2422, 1644221, -0.0011999999405816197, False, 17.638115, 0.18798935, 0.0, 2.4069712, 22.582993, 0.49000004, 13.211451
2422, 1644222, -0.0011999999405816197, False, 17.518112, 0.07870433, 0.0, -0.7109841, 22.589735, 0.49000004, 13.198777
2422, 1644223, -0.0011999999405816197, False, 17.39811, 0.29257572, 0.0, -3.1095715, 22.49485, 0.49000004, 13.302055
2422, 1644224, -0.0011999999405816197, False, 17.278107, 0.7020135, 0.0, -5.2544546, 22.322582, 0.49000004, 13.517005
2422, 1644225, -0.0011999999405816197, False, 17.158104, 1.2612529, 0.0, -7.1528416, 22.09392, 0.49000004, 13.84205
2422, 1644226, -0.0011999999405816197, False, 17.038101, 0.31411517, 0.0, -4.4919615, 21.914791, 0.49000004, 14.107606
2422, 1644227, -0.0011999999405816197, False, 16.918098, -0.320215, 0.0, -6.5554333, 21.721361, 0.49000004, 14.403422
2422, 1644228, -0.0011999999405816197, False, 16.798096, -0.61783814, 0.0, -3.992588, 21.563507, 0.49000004, 14.644603
2422, 1644229, -0.0011999999405816197, False, 16.678093, -0.11571455, 0.0, -2.3689058, 21.468979, 0.49000004, 14.789031
2422, 1644230, -0.0011999999405816197, False, 16.55809, -0.039691865, 0.0, 0.7551838, 21.466948, 0.49000004, 14.801756
2422, 1644231, -0.0011999999405816197, False, 16.438087, -0.03136731, 0.0, 0.1978516, 21.482592, 0.49000004, 14.786118
2422, 1644232, -0.0011999999405816197, False, 16.318085, -0.16888869, 0.0, -2.293689, 21.42933, 0.49000004, 14.857585
2422, 1644233, -0.0011999999405816197, False, 16.198082, 0.24101472, 0.0, -4.5587616, 21.284472, 0.49000004, 15.035659
2422, 1644234, -0.0011999999405816197, False, 16.07808, 0.79916453, 0.0, -6.5656743, 21.066412, 0.49000004, 15.318068
2422, 1644235, -0.0011999999405816197, False, 15.958078, 1.4740849, 0.0, -8.326252, 20.7961, 0.49000004, 15.704213
2422, 1644236, -0.0011999999405816197, False, 15.8380785, 0.37276673, 0.0, -5.2783327, 20.586197, 0.49000004, 16.014933
2422, 1644237, -0.0011999999405816197, False, 15.718079, -0.3425405, 0.0, -7.270323, 20.36782, 0.49000004, 16.347418
2422, 1644238, -0.0011999999405816197, False, 15.598079, -0.6824424, 0.0, -4.4610844, 20.191557, 0.49000004, 16.615715
2422, 1644239, -0.0011999999405816197, False, 15.478079, 0.003909588, 0.0, -6.5621223, 19.985891, 0.49000004, 16.90317
2422, 1644240, -0.0011999999405816197, False, 15.358079, 0.78668785, 0.0, -8.393961, 19.71199, 0.49000004, 17.284266
2422, 1644241, -0.0011999999405816197, False, 15.238079, -0.059459686, 0.0, -5.274622, 19.495676, 0.49000004, 17.589153
2422, 1644242, -0.0011999999405816197, False, 15.118079, 0.61059594, 0.0, -7.2382545, 19.267117, 0.49000004, 17.913689
2422, 1644243, -0.0011999999405816197, False, 14.998079, -0.09259629, 0.0, -4.5024905, 19.084177, 0.49000004, 18.17668
2422, 1644244, -0.0011999999405816197, False, 14.878079, 0.1177963, 0.0, -0.9366721, 19.011847, 0.49000004, 18.280138
2422, 1644245, -0.0011999999405816197, False, 14.75808, -0.16044796, 0.0, -3.3296905, 18.92797, 0.49000004, 18.408321
2422, 1644246, -0.0011999999405816197, False, 14.63808, 0.0, 0.0, 0.0, 18.895105, 0.49000004, 18.461908
2422, 1644247, -0.0011999999405816197, False, 14.51808, 0.16571951, 0.0, 2.4744322, 18.947405, 0.49000004, 18.376347
2422, 1644248, -0.0011999999405816197, False, 14.39808, -0.26009417, 0.0, 4.7215557, 19.07894, 0.49000004, 18.175966
2422, 1644249, -0.0011999999405816197, False, 14.27808, 0.14041615, 0.0, 2.823568, 19.1906, 0.49000004, 18.005033
2422, 1644250, -0.0011999999405816197, False, 14.15808, -0.3131292, 0.0, 5.0342803, 19.334723, 0.49000004, 17.789532
2422, 1644251, -0.0011999999405816197, False, 14.03808, -0.5041015, 0.0, 2.993391, 19.45558, 0.49000004, 17.607355
2422, 1644252, -0.0011999999405816197, False, 13.91808, -0.4580035, 0.0, 1.6449043, 19.525553, 0.49000004, 17.501879
2422, 1644253, -0.0011999999405816197, False, 13.79808, -0.05160308, 0.0, 4.000719, 19.610325, 0.49000004, 17.326586
2422, 1644254, -0.0011999999405816197, False, 13.678081, -0.58485734, 0.0, 6.079085, 19.742771, 0.49000004, 17.029522
2422, 1644255, -0.0011999999405816197, False, 13.558081, 0.23390532, 0.0, 8.012519, 19.912247, 0.49000004, 16.619648
2422, 1644256, -0.0011999999405816197, False, 13.438081, 1.1239042, 0.0, 9.681388, 20.127012, 0.49000004, 16.11225
2422, 1644257, -0.0011999999405816197, False, 13.318081, 2.061092, 0.0, 11.106306, 20.398119, 0.49000004, 15.524218
2422, 1644258, -0.0011999999405816197, False, 13.198081, 2.0378447, 0.0, 6.8737946, 20.615488, 0.49000004, 15.068243
2422, 1644259, -0.0011999999405816197, False, 13.078081, 2.1295624, 0.0, 2.9182837, 20.706493, 0.49000004, 14.799492
2422, 1644260, -0.0011999999405816197, False, 12.958081, 1.3482914, 0.0, 5.3243375, 20.825851, 0.49000004, 14.53498
2422, 1644261, -0.0011999999405816197, False, 12.838081, 1.3573748, 0.0, 1.5896747, 20.887323, 0.49000004, 14.356875
2422, 1644262, -0.0011999999405816197, False, 12.718081, 0.79028535, 0.0, 4.0492063, 20.979816, 0.49000004, 14.174448
2422, 1644263, -0.0011999999405816197, False, 12.598082, 0.7194764, 0.0, 0.5108197, 21.016874, 0.49000004, 14.070493
2422, 1644264, -0.0011999999405816197, False, 12.478082, 0.33889592, 0.0, 3.0107346, 21.08757, 0.49000004, 13.954951
2422, 1644265, -0.0011999999405816197, False, 12.358082, 0.23604786, 0.0, -0.23923445, 21.105906, 0.49000004, 13.908932
2422, 1644266, -0.0011999999405816197, False, 12.238082, 0.0, 0.0, 0.0, 21.101492, 0.49000004, 13.9087305
2422, 1644267, -0.0011999999405816197, False, 12.118082, 0.16571915, 0.0, -2.4744325, 21.036276, 0.49000004, 13.984908
2422, 1644268, -0.0011999999405816197, False, 11.998082, -0.2600956, 0.0, -4.7215548, 20.886341, 0.49000004, 14.17192
2422, 1644269, -0.0011999999405816197, False, 11.878082, 0.3874247, 0.0, -6.7576003, 20.653978, 0.49000004, 14.454939
2422, 1644270, -0.0011999999405816197, False, 11.758082, 1.1367664, 0.0, -8.535706, 20.356651, 0.49000004, 14.83262
2422, 1644271, -0.0011999999405816197, False, 11.6380825, 1.9604473, 0.0, -10.072351, 20.014656, 0.49000004, 15.305338
2422, 1644272, -0.0011999999405816197, False, 11.518083, 0.5668354, 0.0, -6.4606023, 19.752016, 0.49000004, 15.680213
2422, 1644273, -0.0011999999405816197, False, 11.398083, -0.068629146, 0.0, -3.9880562, 19.58867, 0.49000004, 15.913365
2422, 1644274, -0.0011999999405816197, False, 11.278083, -0.5980737, 0.0, -6.0661507, 19.398779, 0.49000004, 16.176556
2422, 1644275, -0.0011999999405816197, False, 11.158083, 0.024046421, 0.0, -3.730783, 19.240559, 0.49000004, 16.391394
2422, 1644276, -0.0011999999405816197, False, 11.038083, 0.53596807, 0.0, -5.838033, 19.059366, 0.49000004, 16.64302
2422, 1644277, -0.0011999999405816197, False, 10.918083, 1.1758742, 0.0, -7.6933293, 18.822052, 0.49000004, 17.00093
2422, 1644278, -0.0011999999405816197, False, 10.798083, 1.9116838, 0.0, -9.30968, 18.548763, 0.49000004, 17.462727
2422, 1644279, -0.0011999999405816197, False, 10.678083, 1.8099582, 0.0, -5.704317, 18.339787, 0.49000004, 17.830515
2422, 1644280, -0.0011999999405816197, False, 10.558084, 2.260333, 0.0, -7.465266, 18.158293, 0.49000004, 18.222797
2422, 1644281, -0.0011999999405816197, False, 10.438084, 2.8321853, 0.0, -9.011484, 17.98328, 0.49000004, 18.727758
2422, 1644282, -0.0011999999405816197, False, 10.318084, 1.45679, 0.0, -10.874491, 17.824768, 0.49000004, 19.335276
2422, 1644283, -0.0011999999405816197, False, 10.198084, 1.6389886, 0.0, -6.7591987, 17.709225, 0.49000004, 19.81174
2422, 1644284, -0.0011999999405816197, False, 10.078084, 1.4443047, 0.0, -4.0493317, 17.637062, 0.49000004, 20.10932
2422, 1644285, -0.0011999999405816197, False, 9.958084, 1.2563734, 0.0, -0.49755466, 17.571926, 0.49000004, 20.220213
2422, 1644286, -0.0011999999405816197, False, 9.838084, 0.76626515, 0.0, -3.069765, 17.534178, 0.49000004, 20.361534
2422, 1644287, -0.0011999999405816197, False, 9.718084, 0.18793719, 0.0, -5.3155456, 17.519417, 0.49000004, 20.637672
2422, 1644288, -0.0011999999405816197, False, 9.598084, -0.119428515, 0.0, -1.6782321, 17.512098, 0.49000004, 20.809622
2422, 1644289, -0.0011999999405816197, False, 9.478085, -0.022138834, 0.0, 1.1817548, 17.5208, 0.49000004, 20.791237
2422, 1644290, -0.0011999999405816197, False, 9.358085, -0.29332668, 0.0, 3.5387552, 17.554064, 0.49000004, 20.627872
2422, 1644291, -0.0011999999405816197, False, 9.238085, -0.057566866, 0.0, 0.100177966, 17.572536, 0.49000004, 20.556864
2422, 1644292, -0.0011999999405816197, False, 9.118085, 0.13326555, 0.0, 2.5695183, 17.599695, 0.49000004, 20.454376
2422, 1644293, -0.0011999999405816197, False, 8.998085, 0.5166379, 0.0, 4.781038, 17.671087, 0.49000004, 20.220211
2422, 1644294, -0.0011999999405816197, False, 8.878085, 1.0559142, 0.0, 6.742089, 17.798088, 0.49000004, 19.872639
2422, 1644295, -0.0011999999405816197, False, 8.758085, 1.7135828, 0.0, 8.462908, 17.990162, 0.49000004, 19.429817
2422, 1644296, -0.0011999999405816197, False, 8.638085, 2.4562373, 0.0, 9.956238, 18.254948, 0.49000004, 18.909729
2422, 1644297, -0.0011999999405816197, False, 8.5180855, 2.2015827, 0.0, 6.0956507, 18.4707, 0.49000004, 18.506388
2422, 1644298, -0.0011999999405816197, False, 8.398086, 1.1593451, 0.0, 8.185272, 18.718199, 0.49000004, 18.11831
2422, 1644299, -0.0011999999405816197, False, 8.278086, 0.07146931, 0.0, 9.966828, 19.04413, 0.49000004, 17.657293
2422, 1644300, -0.0011999999405816197, False, 8.158086, -0.6126945, 0.0, 6.2609243, 19.30267, 0.49000004, 17.29604
2422, 1644301, -0.0011999999405816197, False, 8.038086, -1.2832215, 0.0, 8.067869, 19.555548, 0.49000004, 16.919645
2422, 1644302, -0.0011999999405816197, False, 7.918086, -0.18988895, 0.0, 9.872758, 19.847681, 0.49000004, 16.44316
2422, 1644303, -0.0011999999405816197, False, 7.798086, 0.9306941, 0.0, 11.3983, 20.186794, 0.49000004, 15.882035
2422, 1644304, -0.0011999999405816197, False, 7.6780863, 1.3443742, 0.0, 7.136762, 20.452816, 0.49000004, 15.445077
2422, 1644305, -0.0011999999405816197, False, 7.5580864, 1.2913821, 0.0, 4.3131576, 20.619368, 0.49000004, 15.171507
2422, 1644306, -0.0011999999405816197, False, 7.4380865, 0.5274427, 0.0, 6.4882846, 20.82593, 0.49000004, 14.888092
2422, 1644307, -0.0011999999405816197, False, 7.3180866, 0.8171767, 0.0, 2.6776628, 20.962364, 0.49000004, 14.690676
2422, 1644308, -0.0011999999405816197, False, 7.1980867, 0.26305485, 0.0, 4.967253, 21.118156, 0.49000004, 14.48844
2422, 1644309, -0.0011999999405816197, False, 7.078087, 0.8573332, 0.0, 6.9321313, 21.363531, 0.49000004, 14.198545
2422, 1644310, -0.0011999999405816197, False, 6.958087, -0.07654762, 0.0, 8.807749, 21.694681, 0.49000004, 13.833749
2422, 1644311, -0.0011999999405816197, False, 6.838087, 0.52969456, 0.0, 5.4990106, 21.958914, 0.49000004, 13.545378
2422, 1644312, -0.0011999999405816197, False, 6.718087, 1.1374078, 0.0, 7.3882184, 22.245764, 0.49000004, 13.251891
2422, 1644313, -0.0011999999405816197, False, 6.5980873, 0.12472582, 0.0, 9.245796, 22.624956, 0.49000004, 12.896137
2422, 1644314, -0.0011999999405816197, False, 6.4780874, -0.529722, 0.0, 5.79027, 22.926819, 0.49000004, 12.616886
2422, 1644315, -0.0011999999405816197, False, 6.3580875, 0.047816873, 0.0, 3.5446577, 23.11322, 0.49000004, 12.444448
2422, 1644316, -0.0011999999405816197, False, 6.2380877, 0.078595236, 0.0, 0.088687554, 23.164854, 0.49000004, 12.393036
2422, 1644317, -0.0011999999405816197, False, 6.118088, 0.21262538, 0.0, -2.3889432, 23.087103, 0.49000004, 12.448129
2422, 1644318, -0.0011999999405816197, False, 5.998088, 0.56478786, 0.0, -4.611501, 22.906956, 0.49000004, 12.59869
2422, 1644319, -0.0011999999405816197, False, 5.878088, 1.0803173, 0.0, -6.5851336, 22.645535, 0.49000004, 12.847268
2422, 1644320, -0.0011999999405816197, False, 5.758088, 0.14767599, 0.0, -8.515986, 22.318966, 0.49000004, 13.191847
2422, 1644321, -0.0011999999405816197, False, 5.638088, 1.0968418, 0.0, -10.143368, 21.927334, 0.49000004, 13.618607
2422, 1644322, -0.0011999999405816197, False, 5.5180883, 2.0823283, 0.0, -11.525244, 21.486288, 0.49000004, 14.127294
2422, 1644323, -0.0011999999405816197, False, 5.3980885, 3.0820007, 0.0, -12.682967, 21.014658, 0.49000004, 14.719404
2422, 1644324, -0.0011999999405816197, False, 5.2780886, 4.076262, 0.0, -13.637524, 20.530268, 0.49000004, 15.394601
2422, 1644325, -0.0011999999405816197, False, 5.1580887, 1.682648, 0.0, -8.95534, 20.166588, 0.49000004, 15.920948
2422, 1644326, -0.0011999999405816197, False, 5.038089, 0.45773268, 0.0, -10.711521, 19.833923, 0.49000004, 16.43408
2422, 1644327, -0.0011999999405816197, False, 4.918089, -0.38962817, 0.0, -6.5712347, 19.576777, 0.49000004, 16.83459
2422, 1644328, -0.0011999999405816197, False, 4.798089, -0.711781, 0.0, -2.7629156, 19.453075, 0.49000004, 17.044611
2422, 1644329, -0.0011999999405816197, False, 4.678089, -0.3902992, 0.0, 0.35546067, 19.45262, 0.49000004, 17.090189
2422, 1644330, -0.0011999999405816197, False, 4.5580893, -0.49288654, 0.0, 2.7697134, 19.536947, 0.49000004, 17.002453
2422, 1644331, -0.0011999999405816197, False, 4.4380894, -0.24300292, 0.0, -0.36647746, 19.571033, 0.49000004, 16.982784
2422, 1644332, -0.0011999999405816197, False, 4.3180895, -0.3824259, 0.0, -2.7878776, 19.50752, 0.49000004, 17.086174
2422, 1644333, -0.0011999999405816197, False, 4.1980896, -0.1746234, 0.0, 0.3599549, 19.49511, 0.49000004, 17.121859
2422, 1644334, -0.0011999999405816197, False, 4.0780897, -0.24654639, 0.0, -2.1415982, 19.45204, 0.49000004, 17.189756
2422, 1644335, -0.0011999999405816197, False, 3.9580898, -0.08098042, 0.0, 0.8497312, 19.454147, 0.49000004, 17.195377
2422, 1644336, -0.0011999999405816197, False, 3.83809, -0.06353259, 0.0, 3.2519317, 19.544523, 0.49000004, 17.07796
2422, 1644337, -0.0011999999405816197, False, 3.71809, -0.5237715, 0.0, 5.4025936, 19.711592, 0.49000004, 16.849361
2422, 1644338, -0.0011999999405816197, False, 3.5980902, 0.0265584, 0.0, 3.289288, 19.848892, 0.49000004, 16.657148
2422, 1644339, -0.0011999999405816197, False, 3.4780903, 0.49629164, 0.0, 5.4395466, 20.017517, 0.49000004, 16.427086
2422, 1644340, -0.0011999999405816197, False, 3.3580904, -0.25146103, 0.0, 7.4272633, 20.26733, 0.49000004, 16.10541
2422, 1644341, -0.0011999999405816197, False, 3.2380905, 0.32676673, 0.0, 4.602651, 20.46902, 0.49000004, 15.846703
2422, 1644342, -0.0011999999405816197, False, 3.1180906, -0.3196211, 0.0, 6.6564693, 20.694246, 0.49000004, 15.566241
2422, 1644343, -0.0011999999405816197, False, 2.9980907, 0.23289728, 0.0, 4.100211, 20.87756, 0.49000004, 15.337838
2422, 1644344, -0.0011999999405816197, False, 2.8780909, -0.35310817, 0.0, 6.194522, 21.08768, 0.49000004, 15.081813
2422, 1644345, -0.0011999999405816197, False, 2.758091, 0.4442196, 0.0, 8.095078, 21.369106, 0.49000004, 14.73172
2422, 1644346, -0.0011999999405816197, False, 2.638091, 1.3146782, 0.0, 9.7368355, 21.724691, 0.49000004, 14.304341
2422, 1644347, -0.0011999999405816197, False, 2.5180912, 2.2333732, 0.0, 11.13929, 22.159538, 0.49000004, 13.818951
2422, 1644348, -0.0011999999405816197, False, 2.3980913, 2.1492953, 0.0, 6.884834, 22.503887, 0.49000004, 13.445311
2422, 1644349, -0.0011999999405816197, False, 2.2780914, 1.0467372, 0.0, 8.890745, 22.866282, 0.49000004, 13.097241
2422, 1644350, -0.0011999999405816197, False, 2.1580915, 0.0700984, 0.0, 5.6192894, 23.158512, 0.49000004, 12.827452
2422, 1644351, -0.0011999999405816197, False, 2.0380917, -0.24146545, 0.0, 1.9421828, 23.298206, 0.49000004, 12.70011
2422, 1644352, -0.0011999999405816197, False, 1.9180918, -0.08376336, 0.0, -0.98308325, 23.302343, 0.49000004, 12.711542
2422, 1644353, -0.0011999999405816197, False, 1.7980919, -0.32302403, 0.0, -3.3545167, 23.212294, 0.49000004, 12.838379
2422, 1644354, -0.0011999999405816197, False, 1.678092, -0.7516055, 0.0, -5.4726954, 23.02987, 0.49000004, 13.062923
2422, 1644355, -0.0011999999405816197, False, 1.5580921, 0.035418987, 0.0, -7.4812126, 22.755674, 0.49000004, 13.368324
2422, 1644356, -0.0011999999405816197, False, 1.4380922, 0.9010091, 0.0, -9.220184, 22.40757, 0.49000004, 13.755962
2422, 1644357, -0.0011999999405816197, False, 1.3180923, 1.8214707, 0.0, -10.710409, 22.00585, 0.49000004, 14.22903
2422, 1644358, -0.0011999999405816197, False, 1.1980925, 0.43844867, 0.0, -6.8700514, 21.69613, 0.49000004, 14.602714
2422, 1644359, -0.0011999999405816197, False, 1.0780926, -0.43323278, 0.0, -8.712441, 21.388554, 0.49000004, 14.980773
2422, 1644360, -0.0011999999405816197, False, 0.9580926, 0.30079865, 0.0, -5.4600616, 21.144049, 0.49000004, 15.281052
2422, 1644361, -0.0011999999405816197, False, 0.8380925, -0.421041, 0.0, -7.4276257, 20.88926, 0.49000004, 15.599437
2422, 1644362, -0.0011999999405816197, False, 0.71809244, 0.118830204, 0.0, -3.6051078, 20.709627, 0.49000004, 15.828944
2422, 1644363, -0.0011999999405816197, False, 0.5980924, -0.40364742, 0.0, -5.7374563, 20.524244, 0.49000004, 16.068794
2422, 1644364, -0.0011999999405816197, False, 0.47809234, 0.12078416, 0.0, -3.5013642, 20.369764, 0.49000004, 16.266687
2422, 1644365, -0.0011999999405816197, False, 0.35809237, 0.5956919, 0.0, -5.6225586, 20.19196, 0.49000004, 16.504827
2422, 1644366, -0.0011999999405816197, False, 0.2380924, 1.2061899, 0.0, -7.493842, 19.957909, 0.49000004, 16.85064
2422, 1644367, -0.0011999999405816197, False, 0.11809241, 0.17486, 0.0, -9.347647, 19.682867, 0.49000004, 17.299397
2422, 1644368, -0.0011999999405816197, True, 0.0, -0.56815076, 0.0, -6.6071253, 19.531826, 0.49000004, 17.549294
