episode, step, reward, done, health, vx, vy, vz, px, py, pz
3226, 2193035, 0.0, False, 99.96, 0.0, -0.1899216, 0.0, 20.0, 0.50620157, 15.0
3226, 2193036, -0.0011999999405816197, False, 99.84, 0.0, -0.06980899, 0.0, 20.0, 0.49034908, 15.0
3226, 2193037, -0.0011999999405816197, False, 99.71999, 0.16204183, -0.0005579144, -2.4369593, 20.007767, 0.4900028, 14.902174
3226, 2193038, -0.0011999999405816197, False, 99.59999, 0.52760535, -4.7683716e-06, -4.6587515, 20.013744, 0.49000004, 14.664879
3226, 2193039, -0.0011999999405816197, False, 99.47999, 0.6055799, 0.0, -1.0415184, 20.028954, 0.49000004, 14.527167
3226, 2193040, -0.0011999999405816197, False, 99.359985, 0.28480378, 0.0, 1.7033526, 20.066053, 0.49000004, 14.569724
3226, 2193041, -0.0011999999405816197, False, 99.23998, -0.093753695, 0.0, 4.0367846, 20.143238, 0.49000004, 14.750843
3226, 2193042, -0.0011999999405816197, False, 99.11998, -0.6239953, 0.0, 6.1078787, 20.27413, 0.49000004, 15.050819
3226, 2193043, -0.0011999999405816197, False, 98.99998, -1.2780268, 0.0, 7.928896, 20.46885, 0.49000004, 15.450856
3226, 2193044, -0.0011999999405816197, False, 98.879974, -2.0237832, 0.0, 9.513035, 20.73537, 0.49000004, 15.93247
3226, 2193045, -0.0011999999405816197, False, 98.75997, -2.8317966, 0.0, 10.875166, 21.079746, 0.49000004, 16.477518
3226, 2193046, -0.0011999999405816197, False, 98.63997, -3.6762705, 0.0, 12.031433, 21.506197, 0.49000004, 17.06827
3226, 2193047, -0.0011999999405816197, False, 98.519966, -4.5351872, 0.0, 12.998781, 22.017168, 0.49000004, 17.687508
3226, 2193048, -0.0011999999405816197, False, 98.39996, -5.3901496, 0.0, 13.794533, 22.613396, 0.49000004, 18.318628
3226, 2193049, -0.0011999999405816197, False, 98.27996, -6.2261095, 0.0, 14.435989, 23.293972, 0.49000004, 18.945744
3226, 2193050, -0.0011999999405816197, False, 98.15996, -5.5303087, 0.0, 15.596462, 24.055683, 0.49000004, 19.556349
3226, 2193051, -0.0011999999405816197, False, 98.039955, -4.917159, 0.0, 16.642828, 24.891079, 0.49000004, 20.150528
3226, 2193052, -0.0011999999405816197, False, 97.91995, -4.3758, 0.0, 17.587646, 25.792738, 0.49000004, 20.730621
3226, 2193053, -0.0011999999405816197, False, 97.79995, -2.0471592, 0.0, 18.755632, 26.753185, 0.49000004, 21.30113
3226, 2193054, -0.0011999999405816197, False, 97.67995, -1.8244228, 0.0, 19.494715, 27.762249, 0.49000004, 21.874962
3226, 2193055, -0.0011999999405816197, False, 97.559944, 0.39057827, 0.0, 20.231823, 28.813145, 0.49000004, 22.456823
3226, 2193056, -0.0011999999405816197, False, 97.43994, 2.4248428, 0.0, 20.689066, 29.894915, 0.49000004, 23.059366
3226, 2193057, -0.0011999999405816197, False, 97.31994, 4.2742596, 0.0, 20.913475, 30.995182, 0.49000004, 23.695257
3226, 2193058, -0.0011999999405816197, False, 97.199936, 5.938854, 0.0, 20.946892, 32.101345, 0.49000004, 24.374702
3226, 2193059, -0.0011999999405816197, False, 97.07993, 5.241798, 0.0, 13.08616, 32.935337, 0.49000004, 24.8993
3226, 2193060, -0.0011999999405816197, False, 96.95993, 4.21162, 0.0, 7.978225, 33.471573, 0.49000004, 25.236605
3226, 2193061, -0.0011999999405816197, False, 96.83993, 4.5911407, 0.0, 9.311393, 33.944805, 0.49000004, 25.598543
3226, 2193062, -0.0011999999405816197, False, 96.719925, 4.3804216, 2.6955538, 6.81725, 34.386673, 0.55200124, 25.99344
3226, 2193063, -0.0011999999405816197, False, 96.59992, 3.1013803, 1.6465878, 3.870348, 34.6614, 0.6698099, 26.217697
3226, 2193064, -0.0011999999405816197, False, 96.47992, 2.7355912, 2.165381, 4.4601398, 34.865395, 0.7905177, 26.447037
3226, 2193065, -0.0011999999405816197, False, 96.35992, 2.488319, 2.5793977, 4.939335, 35.02855, 0.93790287, 26.727762
3226, 2193066, -0.0011999999405816197, False, 96.239914, 1.8361564, 2.9157915, 5.5768585, 35.150585, 1.1068025, 27.04957
3226, 2193067, -0.0011999999405816197, False, 96.11991, 0.8176886, 3.201567, 6.234936, 35.243904, 1.2936518, 27.405628
3226, 2193068, -0.0011999999405816197, False, 95.99991, 1.2780788, 3.453166, 6.587955, 35.32526, 1.496089, 27.791405
3226, 2193069, -0.0011999999405816197, False, 95.879906, 0.33144903, 3.676717, 7.084593, 35.391884, 1.712441, 28.20371
3226, 2193070, -0.0011999999405816197, False, 95.7599, 0.9966752, 3.8766904, 7.388992, 35.45419, 1.941157, 28.639584
3226, 2193071, -0.0011999999405816197, False, 95.6399, 0.054668844, 4.0575714, 7.77871, 35.50707, 2.1810718, 29.096832
3226, 2193072, -0.0011999999405816197, False, 95.5199, 0.8506846, 4.220038, 8.036452, 35.55939, 2.4309902, 29.573177
3226, 2193073, -0.0011999999405816197, False, 95.399895, 1.5315442, 3.9922698, 8.816141, 35.60063, 2.6825771, 30.079096
3226, 2193074, -0.0011999999405816197, False, 95.27989, 2.2174335, 3.069419, 7.8075705, 35.634468, 2.8847992, 30.581215
3226, 2193075, -0.0011999999405816197, False, 95.15989, 2.7405293, 2.2323568, 6.8327394, 35.665157, 3.035119, 31.036655
3226, 2193076, -0.0011999999405816197, False, 95.03989, 3.1199737, 1.4731084, 5.9037766, 35.692997, 3.1383612, 31.449757
3226, 2193077, -0.0011999999405816197, False, 94.91988, 3.3741827, 0.7844402, 5.029812, 35.718246, 3.1989024, 31.82446
3226, 2193078, -0.0011999999405816197, False, 94.79988, 3.5206351, 0.15979123, 4.217332, 35.741154, 3.220712, 32.16433
3226, 2193079, -0.0011999999405816197, False, 94.67988, 3.5757132, -0.40678987, 3.470532, 35.761932, 3.2073905, 32.472603
3226, 2193080, -0.0011999999405816197, False, 94.559875, 2.8964984, -0.92070115, 3.4696836, 35.780773, 3.1622038, 32.75222
3226, 2193081, -0.0011999999405816197, False, 94.43987, 2.2838786, -1.3868389, 3.4045205, 35.797863, 3.0881143, 33.00584
3226, 2193082, -0.0011999999405816197, False, 94.31987, 2.0715675, -1.8096441, 3.0880337, 35.813366, 2.9878085, 33.23589
3226, 2193083, -0.0011999999405816197, False, 94.19987, 1.5759181, -2.1931448, 2.9820323, 35.827427, 2.8637235, 33.44455
3226, 2193084, -0.0011999999405816197, False, 94.079865, 1.1388576, -2.540995, 2.8394184, 35.84018, 2.71807, 33.633812
3226, 2193085, -0.0011999999405816197, False, 93.95986, 1.2965398, -2.8565087, 2.453378, 35.851746, 2.552853, 33.80548
3226, 2193086, -0.0011999999405816197, False, 93.83986, 1.4021789, -3.1426919, 2.0901923, 35.86224, 2.3698912, 33.96119
3226, 2193087, -0.0011999999405816197, False, 93.71986, 1.463039, -3.402271, 1.7525573, 35.871758, 2.1708338, 34.102425
3226, 2193088, -0.0011999999405816197, False, 93.59985, 1.4859272, -3.6377196, 1.4422169, 35.88039, 1.9571776, 34.23053
3226, 2193089, -0.0011999999405816197, False, 93.47985, 1.47715, -3.851281, 1.1600978, 35.88822, 1.7302793, 34.346725
3226, 2193090, -0.0011999999405816197, False, 93.35985, 1.4424837, -4.04499, 0.90643895, 35.895325, 1.4913701, 34.45212
3226, 2193091, -0.0011999999405816197, False, 93.239845, 1.3083892, -4.2206917, 0.8221756, 35.901768, 1.2415664, 34.54772
3226, 2193092, -0.0011999999405816197, False, 93.11984, 1.1023073, -4.3800592, 0.8657106, 35.907608, 0.98188114, 34.634434
3226, 2193093, -0.0011999999405816197, False, 92.99984, 0.91227955, -4.524612, 0.88544345, 35.912907, 0.7132328, 34.71308
3226, 2193094, -0.0011999999405816197, False, 92.87984, 0.7389899, -4.6557274, 0.885227, 35.917713, 0.43645465, 34.784424
3226, 2193095, -0.0011999999405816197, False, 92.759834, -0.08564454, 1.4901161e-08, 1.678309, 35.89334, 0.48957163, 34.821854
3226, 2193096, -0.0011999999405816197, False, 92.63983, -0.39170325, 0.0, 3.9813228, 35.794525, 0.48999658, 34.989258
3226, 2193097, -0.0011999999405816197, False, 92.51983, -0.4013522, 0.0, 0.45619285, 35.735195, 0.48999998, 35.06955
3226, 2193098, -0.0011999999405816197, False, 92.399826, -0.30671072, 0.0, 2.9005957, 35.67726, 0.48999998, 35.1835
3226, 2193099, -0.0011999999405816197, False, 92.27982, -0.17128998, 0.0, 1.6199094, 35.627922, 0.48999998, 35.29413
3226, 2193100, -0.0011999999405816197, False, 92.15982, -0.13928628, 0.0, 3.9507647, 35.560287, 0.48999998, 35.473446
3226, 2193101, -0.0011999999405816197, False, 92.03982, -0.081540346, 0.0, 2.3128383, 35.502556, 0.48999998, 35.631886
3226, 2193102, -0.0011999999405816197, False, 91.919815, -0.043356925, 0.0, 1.22979, 35.47054, 0.48999998, 35.719757
3226, 2193103, -0.0011999999405816197, False, 91.79981, 0.05993578, 0.0, -1.5771773, 35.480915, 0.48999998, 35.676632
3226, 2193104, -0.0011999999405816197, False, 91.67981, 0.36120814, 0.0, -3.8922644, 35.520725, 0.48999998, 35.49192
3226, 2193105, -0.0011999999405816197, False, 91.55981, 0.4478195, 0.0, -2.2407172, 35.553375, 0.48999998, 35.328545
3226, 2193106, -0.0011999999405816197, False, 91.439804, 0.7441448, 0.0, -4.4588695, 35.57441, 0.48999998, 35.102192
3226, 2193107, -0.0011999999405816197, False, 91.3198, 1.2180728, 0.0, -6.4323916, 35.575108, 0.48999998, 34.749073
3226, 2193108, -0.0011999999405816197, False, 91.1998, 1.0575202, 0.0, -8.318894, 35.54406, 0.48999998, 34.28311
3226, 2193109, -0.0011999999405816197, False, 91.079796, -0.029330254, 0.0, -10.077683, 35.485306, 0.48999998, 33.714714
3226, 2193110, -0.0011999999405816197, False, 90.95979, -0.74981225, 0.0, -5.954956, 35.43514, 0.48999998, 33.2778
3226, 2193111, -0.0011999999405816197, False, 90.83979, -0.94195104, 0.0, -2.1832674, 35.392845, 0.48999998, 33.069637
3226, 2193112, -0.0011999999405816197, False, 90.71979, -0.6135484, 0.0, 0.9015924, 35.34808, 0.48999998, 33.059475
3226, 2193113, -0.0011999999405816197, False, 90.599785, -0.48508275, 0.0, 3.3074093, 35.286026, 0.48999998, 33.201126
3226, 2193114, -0.0011999999405816197, False, 90.47978, -0.8831917, 0.0, 5.4166393, 35.203648, 0.48999998, 33.47633
3226, 2193115, -0.0011999999405816197, False, 90.35978, -0.42587745, 0.0, 1.8391776, 35.141426, 0.48999998, 33.648785
3226, 2193116, -0.0011999999405816197, False, 90.23978, -0.20380238, 0.0, -1.0891851, 35.124832, 0.48999998, 33.633736
3226, 2193117, -0.0011999999405816197, False, 90.119774, -0.16212429, 0.0, -3.4698145, 35.131355, 0.48999998, 33.471916
3226, 2193118, -0.0011999999405816197, False, 89.99977, -0.044039402, 0.0, -0.041219417, 35.132088, 0.48999998, 33.402786
3226, 2193119, -0.0011999999405816197, False, 89.87977, -0.031312495, 0.0, 2.4437847, 35.1198, 0.48999998, 33.500042
3226, 2193120, -0.0011999999405816197, False, 89.759766, -0.4201952, 0.0, 4.6764197, 35.09589, 0.48999998, 33.736526
3226, 2193121, -0.0011999999405816197, False, 89.63976, -0.96334016, 0.0, 6.6561165, 35.07577, 0.48999998, 34.099808
3226, 2193122, -0.0011999999405816197, False, 89.51976, -0.83718145, 0.0, 8.520436, 35.073044, 0.48999998, 34.577465
3226, 2193123, -0.0011999999405816197, False, 89.39976, -0.13530865, 0.0, 4.630219, 35.067287, 0.48999998, 34.932293
3226, 2193124, -0.0011999999405816197, False, 89.279755, 0.00040090719, 1.4901161e-08, 7.1016366e-05, 35.067314, 0.48999998, 35.03319
3226, 2193125, -0.0011999999405816197, False, 89.15975, -0.1654273, 0.0, -2.474399, 35.080307, 0.48999998, 34.933758
3226, 2193126, -0.0011999999405816197, False, 89.03975, -0.5340833, 0.0, -4.692523, 35.124058, 0.48999998, 34.698288
3226, 2193127, -0.0011999999405816197, False, 88.91975, -1.0621061, 0.0, -6.6607966, 35.2116, 0.48999998, 34.343784
3226, 2193128, -0.0011999999405816197, False, 88.79974, -1.710885, 0.0, -8.389121, 35.354176, 0.48999998, 33.887352
3226, 2193129, -0.0011999999405816197, False, 88.67974, -0.53324366, 0.0, -10.203641, 35.556633, 0.48999998, 33.34345
3226, 2193130, -0.0011999999405816197, False, 88.55974, -0.46171904, 0.0, -6.1127405, 35.711742, 0.48999998, 32.92342
3226, 2193131, -0.0011999999405816197, False, 88.439735, -0.031047165, 0.0, -2.4226613, 35.779877, 0.48999998, 32.7164
3226, 2193132, -0.0011999999405816197, False, 88.31973, -0.0135347545, 0.0, 0.7176843, 35.78486, 0.48999998, 32.70352
3226, 2193133, -0.0011999999405816197, False, 88.19973, -0.010524213, 0.0, 3.1319997, 35.754944, 0.48999998, 32.840984
3226, 2193134, -0.0011999999405816197, False, 88.07973, -0.4679771, 0.0, 5.299073, 35.69948, 0.48999998, 33.111767
3226, 2193135, -0.0011999999405816197, False, 87.959724, -0.40325993, 0.0, 7.2881846, 35.632557, 0.48999998, 33.505302
3226, 2193136, -0.0011999999405816197, False, 87.83972, 0.12112743, 0.0, 3.4776554, 35.583984, 0.48999998, 33.78467
3226, 2193137, -0.0011999999405816197, False, 87.71972, 0.026369289, 0.0, 0.034872722, 35.57426, 0.48999998, 33.853138
3226, 2193138, -0.0011999999405816197, False, 87.59972, 0.018770516, 0.0, -2.4494472, 35.595913, 0.48999998, 33.757187
3226, 2193139, -0.0011999999405816197, False, 87.47971, -0.3793167, 0.0, -4.6859064, 35.64891, 0.48999998, 33.525127
3226, 2193140, -0.0011999999405816197, False, 87.35971, -0.2886919, 0.0, -1.1125546, 35.672634, 0.48999998, 33.3892
3226, 2193141, -0.0011999999405816197, False, 87.23971, -0.13289887, 0.0, 1.6196976, 35.649536, 0.48999998, 33.430958
3226, 2193142, -0.0011999999405816197, False, 87.119705, -0.42428702, 0.0, 3.92455, 35.58628, 0.48999998, 33.611603
3226, 2193143, -0.0011999999405816197, False, 86.9997, -0.89312005, 0.0, 5.977942, 35.499756, 0.48999998, 33.921383
3226, 2193144, -0.0011999999405816197, False, 86.8797, -0.7320255, 0.0, 2.2889783, 35.430756, 0.48999998, 34.12473
3226, 2193145, -0.0011999999405816197, False, 86.7597, -0.43130457, 0.0, -0.7075332, 35.399952, 0.48999998, 34.1319
3226, 2193146, -0.0011999999405816197, False, 86.639694, -0.5661133, 0.0, -3.082215, 35.410378, 0.48999998, 33.990692
3226, 2193147, -0.0011999999405816197, False, 86.51969, -0.13621238, 0.0, -1.76719, 35.427696, 0.48999998, 33.860764
3226, 2193148, -0.0011999999405816197, False, 86.39969, -0.06604746, 0.0, 1.0949682, 35.419777, 0.48999998, 33.87366
3226, 2193149, -0.0011999999405816197, False, 86.279686, -0.31986433, 0.0, 3.456845, 35.385334, 0.48999998, 34.031788
3226, 2193150, -0.0011999999405816197, False, 86.15968, -0.7589833, 0.0, 5.5652156, 35.340076, 0.48999998, 34.32334
3226, 2193151, -0.0011999999405816197, False, 86.03968, -0.6553487, 0.0, 7.530575, 35.298794, 0.48999998, 34.73673
3226, 2193152, -0.0011999999405816197, False, 85.91968, -0.40735248, 0.0, 4.680864, 35.269844, 0.48999998, 35.06935
3226, 2193153, -0.0011999999405816197, False, 85.799675, 1.2260416, 1.4901161e-08, 1.2336445, 35.3092, 0.48999998, 35.21425
3226, 2193154, -0.0011999999405816197, False, 85.67967, 0.5994209, 0.0, 0.603138, 35.35131, 0.48999998, 35.26658
3226, 2193155, -0.0011999999405816197, False, 85.55967, 1.1080991, 0.0, 1.9304875, 35.383904, 0.48999998, 35.37125
3226, 2193156, -0.0011999999405816197, False, 85.43967, 0.5835048, 0.0, 1.0165597, 35.411335, 0.48999998, 35.456413
3226, 2193157, -0.0011999999405816197, False, 85.319664, 0.72214687, 0.0, 3.349546, 35.405216, 0.48999998, 35.616398
3226, 2193158, -0.0011999999405816197, False, 85.19966, 0.5470599, 0.0, 1.710821, 35.398212, 0.48999998, 35.752098
3226, 2193159, -0.0011999999405816197, False, 85.07966, 0.34884784, 1.4901161e-08, 0.78341055, 35.398254, 0.48999998, 35.820137
3226, 2193160, -0.0011999999405816197, False, 84.959656, 0.28945744, 0.0, -1.7994719, 35.43191, 0.48999998, 35.77011
3226, 2193161, -0.0011999999405816197, False, 84.83965, 0.5692698, 0.0, -4.0739665, 35.50611, 0.48999998, 35.582355
3226, 2193162, -0.0011999999405816197, False, 84.71965, 0.55079573, 0.0, -0.5335063, 35.557568, 0.48999998, 35.488052
3226, 2193163, -0.0011999999405816197, False, 84.59965, 0.6385006, 0.0, -2.9202538, 35.596054, 0.48999998, 35.360638
3226, 2193164, -0.0011999999405816197, False, 84.479645, 0.97260225, 0.0, -5.05551, 35.627487, 0.48999998, 35.096027
3226, 2193165, -0.0011999999405816197, False, 84.35964, 1.4733933, 0.0, -6.9506207, 35.637146, 0.48999998, 34.708187
3226, 2193166, -0.0011999999405816197, False, 84.23964, 1.282691, 0.0, -8.789942, 35.613815, 0.48999998, 34.210743
3226, 2193167, -0.0011999999405816197, False, 84.11964, 0.49147177, 0.0, -4.9165854, 35.603035, 0.48999998, 33.83727
3226, 2193168, -0.0011999999405816197, False, 83.99963, 0.1504859, 0.0, -1.3473272, 35.61021, 0.48999998, 33.68603
3226, 2193169, -0.0011999999405816197, False, 83.87963, 0.13838734, 0.0, 1.4546798, 35.613, 0.48999998, 33.723213
3226, 2193170, -0.0011999999405816197, False, 83.75963, 0.4125736, 0.0, 3.7753205, 35.598534, 0.48999998, 33.904766
3226, 2193171, -0.0011999999405816197, False, 83.639626, 0.35049838, 0.0, 5.906262, 35.55522, 0.48999998, 34.21523
3226, 2193172, -0.0011999999405816197, False, 83.51962, 0.6101613, 0.0, 2.1675982, 35.533176, 0.48999998, 34.42036
3226, 2193173, -0.0011999999405816197, False, 83.39962, 0.35071167, 0.0, -0.8839664, 35.558884, 0.48999998, 34.43312
3226, 2193174, -0.0011999999405816197, False, 83.27962, 0.026471615, 0.0, -3.304211, 35.638542, 0.48999998, 34.304253
3226, 2193175, -0.0011999999405816197, False, 83.159615, 0.022345543, 0.0, -5.47808, 35.782845, 0.48999998, 34.057148
3226, 2193176, -0.0011999999405816197, False, 83.03961, 0.01789707, 0.0, -1.8257433, 35.874363, 0.48999998, 33.900978
3226, 2193177, -0.0011999999405816197, False, 82.91961, 0.007855147, 0.0, 1.0386603, 35.869473, 0.48999998, 33.91072
3226, 2193178, -0.0011999999405816197, False, 82.79961, -0.25615203, 0.0, 3.4121842, 35.792706, 0.48999998, 34.04961
3226, 2193179, -0.0011999999405816197, False, 82.6796, -0.70100427, 0.0, 5.5303974, 35.66372, 0.48999998, 34.311996
3226, 2193180, -0.0011999999405816197, False, 82.5596, -0.8527461, 0.0, 1.806928, 35.56928, 0.48999998, 34.47512
3226, 2193181, -0.0011999999405816197, False, 82.4396, -0.54317385, 0.0, -1.1032807, 35.534813, 0.48999998, 34.45459
3226, 2193182, -0.0011999999405816197, False, 82.319595, -0.43344197, 0.0, -3.4875672, 35.54138, 0.48999998, 34.289696
3226, 2193183, -0.0011999999405816197, False, 82.19959, -0.36690193, 0.0, -5.6454573, 35.58029, 0.48999998, 33.99483
3226, 2193184, -0.0011999999405816197, False, 82.07959, -1.011798, 0.0, -7.534573, 35.6502, 0.48999998, 33.58259
3226, 2193185, -0.0011999999405816197, False, 81.95959, -0.85568905, 0.0, -3.6970787, 35.69005, 0.48999998, 33.28338
3226, 2193186, -0.0011999999405816197, False, 81.839584, -0.59014857, 0.0, -0.29155606, 35.67575, 0.48999998, 33.19152
3226, 2193187, -0.0011999999405816197, False, 81.71958, -0.55270445, 0.0, 2.1981575, 35.62581, 0.48999998, 33.26528
3226, 2193188, -0.0011999999405816197, False, 81.59958, -0.45740187, 0.0, 4.477904, 35.550705, 0.48999998, 33.47841
3226, 2193189, -0.0011999999405816197, False, 81.479576, -0.97563076, 0.0, 6.473929, 35.455875, 0.48999998, 33.81824
3226, 2193190, -0.0011999999405816197, False, 81.35957, -0.81008613, 0.0, 2.737942, 35.37926, 0.48999998, 34.048813
3226, 2193191, -0.0011999999405816197, False, 81.23957, -0.5148011, 0.0, -0.42144173, 35.338547, 0.48999998, 34.077667
3226, 2193192, -0.0011999999405816197, False, 81.11957, -0.39323467, 0.0, -2.8729208, 35.326202, 0.48999998, 33.95116
3226, 2193193, -0.0011999999405816197, False, 80.999565, -0.21958216, 0.0, 0.3154757, 35.312984, 0.48999998, 33.91029
3226, 2193194, -0.0011999999405816197, False, 80.87956, -0.1649608, 0.0, 2.769276, 35.289967, 0.48999998, 34.02669
3226, 2193195, -0.0011999999405816197, False, 80.75956, -0.5622674, 0.0, 4.958474, 35.25707, 0.48999998, 34.280647
3226, 2193196, -0.0011999999405816197, False, 80.63956, -0.48327938, 0.0, 6.9796553, 35.226585, 0.48999998, 34.65988
3226, 2193197, -0.0011999999405816197, False, 80.519554, 0.026740849, 0.0, 3.2067492, 35.20324, 0.48999998, 34.92546
3226, 2193198, -0.0011999999405816197, False, 80.39955, 0.032391183, 0.0, -0.040204804, 35.199482, 0.48999998, 34.982616
3226, 2193199, -0.0011999999405816197, False, 80.27955, -0.14619231, 0.0, -2.5132885, 35.22475, 0.48999998, 34.883183
3226, 2193200, -0.0011999999405816197, False, 80.159546, -0.52192307, 0.0, -4.729226, 35.294514, 0.48999998, 34.65181
3226, 2193201, -0.0011999999405816197, False, 80.03954, -1.0553365, 0.0, -6.6949277, 35.42007, 0.48999998, 34.30678
3226, 2193202, -0.0011999999405816197, False, 79.91954, -1.7084091, 0.0, -8.42046, 35.610847, 0.48999998, 33.866276
3226, 2193203, -0.0011999999405816197, False, 79.79954, -0.5282793, 0.0, -10.231662, 35.870186, 0.48999998, 33.345173
3226, 2193204, -0.0011999999405816197, False, 79.679535, -0.4574957, 0.0, -6.1381373, 36.06937, 0.48999998, 32.942425
3226, 2193205, -0.0011999999405816197, False, 79.55953, -0.025423706, 0.0, -2.44517, 36.159676, 0.48999998, 32.74253
3226, 2193206, -0.0011999999405816197, False, 79.43953, -0.010709196, 0.0, 0.69697964, 36.164932, 0.48999998, 32.728443
3226, 2193207, -0.0011999999405816197, False, 79.31953, -0.23869354, 0.0, 3.1023831, 36.110054, 0.48999998, 32.85665
3226, 2193208, -0.0011999999405816197, False, 79.199524, -0.6561829, 0.0, 5.252551, 36.015507, 0.48999998, 33.11481
3226, 2193209, -0.0011999999405816197, False, 79.07952, -0.5653082, 0.0, 7.2466674, 35.898365, 0.48999998, 33.49454
3226, 2193210, -0.0011999999405816197, False, 78.95952, -0.47555745, 0.0, 3.4320729, 35.810303, 0.48999998, 33.762638
3226, 2193211, -0.0011999999405816197, False, 78.839516, -0.263502, 0.0, 0.06489936, 35.77486, 0.48999998, 33.824677
3226, 2193212, -0.0011999999405816197, False, 78.71951, -0.18759984, 0.0, -2.427352, 35.782997, 0.48999998, 33.727283
3226, 2193213, -0.0011999999405816197, False, 78.59951, -0.15593481, 0.0, -4.683049, 35.822533, 0.48999998, 33.493546
3226, 2193214, -0.0011999999405816197, False, 78.47951, -0.11824014, 0.0, -1.1055471, 35.84307, 0.48999998, 33.358547
3226, 2193215, -0.0011999999405816197, False, 78.359505, -0.02269587, 0.0, 1.6561959, 35.831337, 0.48999998, 33.406322
3226, 2193216, -0.0011999999405816197, False, 78.2395, -0.018475354, 0.0, 3.983269, 35.78996, 0.48999998, 33.595314
3226, 2193217, -0.0011999999405816197, False, 78.1195, 0.116236016, 0.0, 0.4643362, 35.771072, 0.48999998, 33.6905
3226, 2193218, -0.0011999999405816197, False, 77.9995, 0.071905196, 0.0, -2.0625703, 35.798588, 0.48999998, 33.62125
3226, 2193219, -0.0011999999405816197, False, 77.87949, 2.9802322e-08, 0.0, 0.85404706, 35.800144, 0.48999998, 33.62049
3226, 2193220, -0.0011999999405816197, False, 77.75949, 5.9604645e-08, 0.0, 3.255681, 35.7543, 0.48999998, 33.76158
3226, 2193221, -0.0011999999405816197, False, 77.63949, -0.47083127, 0.0, 5.411579, 35.669216, 0.48999998, 34.03187
3226, 2193222, -0.0011999999405816197, False, 77.519485, -0.3766567, 0.0, 1.7695886, 35.608192, 0.48999998, 34.20026
3226, 2193223, -0.0011999999405816197, False, 77.39948, -0.20144658, 0.0, -1.1079602, 35.596638, 0.48999998, 34.182964
3226, 2193224, -0.0011999999405816197, False, 77.27948, -0.42839813, 0.0, -3.4578712, 35.622864, 0.48999998, 34.022312
3226, 2193225, -0.0011999999405816197, False, 77.15948, -0.8504796, 0.0, -5.5569572, 35.694595, 0.48999998, 33.735687
3226, 2193226, -0.0011999999405816197, False, 77.039474, -0.687166, 0.0, -1.9089508, 35.729263, 0.48999998, 33.54772
3226, 2193227, -0.0011999999405816197, False, 76.91947, -0.41231534, 0.0, 1.0232571, 35.69899, 0.48999998, 33.54301
3226, 2193228, -0.0011999999405816197, False, 76.79947, -0.5866916, 0.0, 3.3665466, 35.61784, 0.48999998, 33.679794
3226, 2193229, -0.0011999999405816197, False, 76.67947, -0.9746363, 0.0, 5.461536, 35.500916, 0.48999998, 33.94638
3226, 2193230, -0.0011999999405816197, False, 76.55946, -1.0673236, 0.0, 1.7298543, 35.410706, 0.48999998, 34.111954
3226, 2193231, -0.0011999999405816197, False, 76.43946, -0.7172186, 0.0, -1.1669316, 35.363533, 0.48999998, 34.090294
3226, 2193232, -0.0011999999405816197, False, 76.31946, -0.5750399, 0.0, -3.5489373, 35.344204, 0.48999998, 33.92093
3226, 2193233, -0.0011999999405816197, False, 76.199455, -0.35341737, 0.0, -0.15446688, 35.324966, 0.48999998, 33.84415
3226, 2193234, -0.0011999999405816197, False, 76.07945, -0.24849762, 0.0, 2.3514438, 35.299103, 0.48999998, 33.934162
3226, 2193235, -0.0011999999405816197, False, 75.95945, -0.59073836, 0.0, 4.5747104, 35.264317, 0.48999998, 34.164307
3226, 2193236, -0.0011999999405816197, False, 75.83945, -0.50611013, 0.0, 6.631829, 35.232365, 0.48999998, 34.521973
3226, 2193237, -0.0011999999405816197, False, 75.719444, -0.022729337, 0.0, 2.8951192, 35.207886, 0.48999998, 34.768
3226, 2193238, -0.0011999999405816197, False, 75.59944, 0.026262853, 0.0, -0.29273954, 35.204617, 0.48999998, 34.808205
3226, 2193239, -0.0011999999405816197, False, 75.47944, -0.17328095, 0.0, -2.7406864, 35.232605, 0.48999998, 34.694828
3226, 2193240, -0.0011999999405816197, False, 75.359436, -0.5664245, 0.0, -4.9319825, 35.304928, 0.48999998, 34.45084
3226, 2193241, -0.0011999999405816197, False, 75.23943, -1.1133075, 0.0, -6.8738604, 35.43289, 0.48999998, 34.0944
3226, 2193242, -0.0011999999405816197, False, 75.11943, -0.15024877, 0.0, -8.779561, 35.62137, 0.48999998, 33.64092
3226, 2193243, -0.0011999999405816197, False, 74.99943, -0.12871623, 0.0, -4.8203955, 35.76306, 0.48999998, 33.302612
3226, 2193244, -0.0011999999405816197, False, 74.879425, -0.098873764, 0.0, -1.2297356, 35.815594, 0.48999998, 33.168335
3226, 2193245, -0.0011999999405816197, False, 74.75942, -0.11312017, 0.0, 1.5643587, 35.797546, 0.48999998, 33.208233
3226, 2193246, -0.0011999999405816197, False, 74.63942, -0.40291476, 0.0, 3.8762789, 35.73624, 0.48999998, 33.38624
3226, 2193247, -0.0011999999405816197, False, 74.51942, -0.8702739, 0.0, 5.936253, 35.651413, 0.48999998, 33.693607
3226, 2193248, -0.0011999999405816197, False, 74.399414, -0.7532705, 0.0, 7.8674407, 35.558865, 0.48999998, 34.120537
3226, 2193249, -0.0011999999405816197, False, 74.27941, -0.46952033, 0.0, 4.903846, 35.489338, 0.48999998, 34.463215
3226, 2193250, -0.0011999999405816197, False, 74.15941, -0.40336, 0.0, 6.929787, 35.424713, 0.48999998, 34.834644
3226, 2193251, -0.0011999999405816197, False, 74.039406, -0.24929827, 0.0, 4.282983, 35.375168, 0.48999998, 35.136185
3226, 2193252, -0.0011999999405816197, False, 73.9194, 0.35948855, 0.0, 1.3658307, 35.357403, 0.48999998, 35.294884
3226, 2193253, -0.0011999999405816197, False, 73.7994, 0.18131307, 0.0, 0.35630992, 35.369102, 0.48999998, 35.331997
3226, 2193254, -0.0011999999405816197, False, 73.6794, 0.8167782, 0.0, 1.682648, 35.391445, 0.48999998, 35.408173
3226, 2193255, -0.0011999999405816197, False, 73.559395, 0.51838124, 0.0, -1.1939945, 35.43068, 0.48999998, 35.397137
3226, 2193256, -0.0011999999405816197, False, 73.43939, 0.3020578, 0.0, 1.554552, 35.44201, 0.48999998, 35.443058
3226, 2193257, -0.0011999999405816197, False, 73.31939, 0.16539764, 0.0, -1.2811615, 35.458878, 0.48999998, 35.420376
3226, 2193258, -0.0011999999405816197, False, 73.19939, 0.07658303, 0.0, 1.5187544, 35.455593, 0.48999998, 35.46121
3226, 2193259, -0.0011999999405816197, False, 73.079384, 0.09109549, 0.0, -1.3107419, 35.461975, 0.48999998, 35.433937
3226, 2193260, -0.0011999999405816197, False, 72.95938, 0.36062178, 0.0, -3.6493878, 35.482277, 0.48999998, 35.261147
3226, 2193261, -0.0011999999405816197, False, 72.83938, 0.31589532, 0.0, -0.18808424, 35.50142, 0.48999998, 35.1818
3226, 2193262, -0.0011999999405816197, False, 72.719376, 0.41645867, 0.0, -2.62405, 35.502476, 0.48999998, 35.069996
3226, 2193263, -0.0011999999405816197, False, 72.59937, 0.3476739, 0.0, -4.862563, 35.472546, 0.48999998, 34.822853
3226, 2193264, -0.0011999999405816197, False, 72.47937, 0.9195354, 0.0, -6.8302794, 35.410698, 0.48999998, 34.45391
3226, 2193265, -0.0011999999405816197, False, 72.35937, 1.6042289, 0.0, -8.554243, 35.306293, 0.48999998, 33.97844
3226, 2193266, -0.0011999999405816197, False, 72.239365, 0.78576416, 0.0, -4.7364454, 35.239334, 0.48999998, 33.620274
3226, 2193267, -0.0011999999405816197, False, 72.11936, 0.3895905, 0.0, -1.2193775, 35.232277, 0.48999998, 33.475502
3226, 2193268, -0.0011999999405816197, False, 71.99936, 0.2805236, 0.0, 1.5148817, 35.252728, 0.48999998, 33.513805
3226, 2193269, -0.0011999999405816197, False, 71.87936, 0.53312814, 0.0, 3.818319, 35.284035, 0.48999998, 33.697033
3226, 2193270, -0.0011999999405816197, False, 71.75935, 0.9747495, 0.0, 5.872989, 35.310097, 0.48999998, 34.01209
3226, 2193271, -0.0011999999405816197, False, 71.63935, 1.1175091, 0.0, 2.095637, 35.3427, 0.48999998, 34.22037
3226, 2193272, -0.0011999999405816197, False, 71.51935, 0.7504955, 0.0, -0.9820956, 35.395977, 0.48999998, 34.233055
3226, 2193273, -0.0011999999405816197, False, 71.399345, 0.3356006, 0.0, -3.4354928, 35.48318, 0.48999998, 34.09726
3226, 2193274, -0.0011999999405816197, False, 71.27934, -0.20556998, 0.0, -5.604258, 35.621372, 0.48999998, 33.837513
3226, 2193275, -0.0011999999405816197, False, 71.15934, 0.5161886, 0.0, -7.54896, 35.817135, 0.48999998, 33.47082
3226, 2193276, -0.0011999999405816197, False, 71.03934, 0.43617916, 0.0, -3.7056987, 35.96357, 0.48999998, 33.210327
3226, 2193277, -0.0011999999405816197, False, 70.919334, 0.2679916, 0.0, -0.25813988, 36.015915, 0.48999998, 33.143585
3226, 2193278, -0.0011999999405816197, False, 70.79933, 0.18262875, 0.0, 2.2546287, 35.99183, 0.48999998, 33.227264
3226, 2193279, -0.0011999999405816197, False, 70.67933, -0.22615397, 0.0, 4.5247636, 35.91064, 0.48999998, 33.439674
3226, 2193280, -0.0011999999405816197, False, 70.559326, -0.78323174, 0.0, 6.5363193, 35.791885, 0.48999998, 33.774075
3226, 2193281, -0.0011999999405816197, False, 70.43932, -0.65060514, 0.0, 2.7912734, 35.70092, 0.48999998, 34.00083
3226, 2193282, -0.0011999999405816197, False, 70.31932, -0.39597827, 0.0, -0.38180205, 35.664597, 0.48999998, 34.029278
3226, 2193283, -0.0011999999405816197, False, 70.19932, -0.50040543, 0.0, -2.7929327, 35.67337, 0.48999998, 33.90639
3226, 2193284, -0.0011999999405816197, False, 70.079315, -0.41913235, 0.0, -5.01622, 35.72761, 0.48999998, 33.653282
3226, 2193285, -0.0011999999405816197, False, 69.95931, -0.3278016, 0.0, -1.4114348, 35.754887, 0.48999998, 33.49899
3226, 2193286, -0.0011999999405816197, False, 69.83931, -0.179261, 0.0, 1.3984196, 35.732784, 0.48999998, 33.526516
3226, 2193287, -0.0011999999405816197, False, 69.71931, -0.43986177, 0.0, 3.7213244, 35.671127, 0.48999998, 33.694607
3226, 2193288, -0.0011999999405816197, False, 69.599304, -0.8862435, 0.0, 5.7934384, 35.586193, 0.48999998, 33.99305
3226, 2193289, -0.0011999999405816197, False, 69.4793, -0.76643, 0.0, 7.738052, 35.493645, 0.48999998, 34.41191
3226, 2193290, -0.0011999999405816197, False, 69.3593, -0.6495606, 0.0, 3.8788548, 35.42027, 0.48999998, 34.714123
3226, 2193291, -0.0011999999405816197, False, 69.239296, -0.44538888, 0.0, 0.4200874, 35.378906, 0.48999998, 34.80249
3226, 2193292, -0.0011999999405816197, False, 69.11929, -0.2968503, 0.0, -2.126371, 35.367558, 0.48999998, 34.722656
3226, 2193293, -0.0011999999405816197, False, 68.99929, -0.6082058, 0.0, -4.3679056, 35.377575, 0.48999998, 34.50262
3226, 2193294, -0.0011999999405816197, False, 68.87929, -1.0931828, 0.0, -6.3618984, 35.41993, 0.48999998, 34.15793
3226, 2193295, -0.0011999999405816197, False, 68.759285, -1.2728989, 0.0, -2.5242577, 35.433464, 0.48999998, 33.919212
3226, 2193296, -0.0011999999405816197, False, 68.63928, -0.65518636, 0.0, -4.876705, 35.46806, 0.48999998, 33.668793
3226, 2193297, -0.0011999999405816197, False, 68.51928, -0.50965434, 0.0, -1.2925771, 35.481422, 0.48999998, 33.517986
3226, 2193298, -0.0011999999405816197, False, 68.39928, -0.3603483, 0.0, 1.447278, 35.452557, 0.48999998, 33.548466
3226, 2193299, -0.0011999999405816197, False, 68.279274, -0.5905453, 0.0, 3.7514043, 35.39903, 0.48999998, 33.72288
3226, 2193300, -0.0011999999405816197, False, 68.15927, -1.0166426, 0.0, 5.807897, 35.337513, 0.48999998, 34.029438
3226, 2193301, -0.0011999999405816197, False, 68.03927, -0.87936836, 0.0, 7.7518263, 35.28215, 0.48999998, 34.456524
3226, 2193302, -0.0011999999405816197, False, 67.919266, -0.5476827, 0.0, 4.827944, 35.243267, 0.48999998, 34.79932
3226, 2193303, -0.0011999999405816197, False, 67.79926, -0.42350474, 0.0, 1.2452859, 35.215008, 0.48999998, 34.94404
3226, 2193304, -0.0011999999405816197, False, 67.67926, -0.23515093, 0.0, -1.520323, 35.19886, 0.48999998, 34.9035
3226, 2193305, -0.0011999999405816197, False, 67.55926, -0.49705687, 0.0, -3.8267586, 35.189228, 0.48999998, 34.717712
3226, 2193306, -0.0011999999405816197, False, 67.439255, -0.94506097, 0.0, -5.8836303, 35.19822, 0.48999998, 34.4014
3226, 2193307, -0.0011999999405816197, False, 67.31925, -1.0942949, 0.0, -2.1069677, 35.18922, 0.48999998, 34.19062
3226, 2193308, -0.0011999999405816197, False, 67.19925, -0.73216516, 0.0, 0.9715194, 35.13888, 0.48999998, 34.172306
3226, 2193309, -0.0011999999405816197, False, 67.07925, -0.55685043, 0.0, -1.6666896, 35.13356, 0.48999998, 34.11239
3226, 2193310, -0.0011999999405816197, False, 66.95924, -0.13007247, 0.0, -4.030211, 35.203266, 0.48999998, 33.92839
3226, 2193311, -0.0011999999405816197, False, 66.83924, -0.11080742, 0.0, -6.136666, 35.329865, 0.48999998, 33.626823
3226, 2193312, -0.0011999999405816197, False, 66.71924, 0.32534146, 0.0, -3.7445943, 35.43472, 0.48999998, 33.379387
3226, 2193313, -0.0011999999405816197, False, 66.599236, 0.19564834, 0.0, -0.27705306, 35.475285, 0.48999998, 33.304184
3226, 2193314, -0.0011999999405816197, False, 66.47923, -0.00956592, 0.0, 2.243188, 35.45967, 0.48999998, 33.38842
3226, 2193315, -0.0011999999405816197, False, 66.35923, -0.3832946, 0.0, 4.497354, 35.41464, 0.48999998, 33.610313
3226, 2193316, -0.0011999999405816197, False, 66.23923, -0.32810372, 0.0, 6.5608926, 35.357105, 0.48999998, 33.95949
3226, 2193317, -0.0011999999405816197, False, 66.119225, -1.0665743, 0.0, 8.3636055, 35.292854, 0.48999998, 34.42457
3226, 2193318, -0.0011999999405816197, False, 65.99922, -0.667338, 0.0, 5.2329698, 35.24556, 0.48999998, 34.79542
3226, 2193319, -0.0011999999405816197, False, 65.87922, -0.40335023, 0.0, 3.1628945, 35.21656, 0.48999998, 35.022804
3226, 2193320, -0.0011999999405816197, False, 65.75922, -0.20518807, 0.0, -0.10104975, 35.19871, 0.48999998, 35.07729
3226, 2193321, -0.0011999999405816197, False, 65.63921, -0.14993447, 0.0, -2.575137, 35.188923, 0.48999998, 34.971153
3226, 2193322, -0.0011999999405816197, False, 65.51921, -0.12500617, 0.0, -4.816967, 35.180973, 0.48999998, 34.725998
3226, 2193323, -0.0011999999405816197, False, 65.39921, -0.7249841, 0.0, -6.8088274, 35.176823, 0.48999998, 34.35484
3226, 2193324, -0.0011999999405816197, False, 65.279205, -1.4337335, 0.0, -8.551958, 35.190544, 0.48999998, 33.870388
3226, 2193325, -0.0011999999405816197, False, 65.1592, -1.2275374, 0.0, -4.6221404, 35.188034, 0.48999998, 33.50776
3226, 2193326, -0.0011999999405816197, False, 65.0392, -0.956404, 0.0, -1.0940441, 35.153854, 0.48999998, 33.363274
3226, 2193327, -0.0011999999405816197, False, 64.9192, -0.64646685, 0.0, 1.6414561, 35.101562, 0.48999998, 33.400555
3226, 2193328, -0.0011999999405816197, False, 64.799194, -0.8435094, 0.0, 3.905359, 35.031017, 0.48999998, 33.58269
3226, 2193329, -0.0011999999405816197, False, 64.67919, -1.2465508, 0.0, 5.9257126, 34.954994, 0.48999998, 33.8965
3226, 2193330, -0.0011999999405816197, False, 64.55919, -1.7967532, 0.0, 7.7111955, 34.88969, 0.48999998, 34.33019
3226, 2193331, -0.0011999999405816197, False, 64.439186, -1.0173038, 0.0, 3.998094, 34.827785, 0.48999998, 34.64563
3226, 2193332, -0.0011999999405816197, False, 64.31918, -0.5902891, 0.0, 0.6097691, 34.77916, 0.48999998, 34.74513
3226, 2193333, -0.0011999999405816197, False, 64.19918, -0.49958706, 0.0, -1.9382814, 34.763287, 0.48999998, 34.673897
3226, 2193334, -0.0011999999405816197, False, 64.07918, -0.7553361, 0.0, -4.1827, 34.78371, 0.48999998, 34.464172
3226, 2193335, -0.0011999999405816197, False, 63.959175, -1.19982, 0.0, -6.182696, 34.851147, 0.48999998, 34.13322
3226, 2193336, -0.0011999999405816197, False, 63.839172, -0.28679204, 0.0, -8.164545, 34.971222, 0.48999998, 33.69614
3226, 2193337, -0.0011999999405816197, False, 63.71917, -1.1844137, 0.0, -9.813717, 35.131645, 0.48999998, 33.160034
3226, 2193338, -0.0011999999405816197, False, 63.599167, 0.0556674, 0.0, -11.438148, 35.334927, 0.48999998, 32.536556
3226, 2193339, -0.0011999999405816197, False, 63.479164, 0.90218735, 0.0, -7.1797333, 35.499874, 0.48999998, 32.047306
3226, 2193340, -0.0011999999405816197, False, 63.35916, 0.7587802, 0.0, -3.3747654, 35.604893, 0.48999998, 31.786541
3226, 2193341, -0.0011999999405816197, False, 63.23916, 0.48631176, 0.0, -0.042306714, 35.653885, 0.48999998, 31.729755
3226, 2193342, -0.0011999999405816197, False, 63.119156, 0.3519237, 0.0, 2.4581726, 35.65587, 0.48999998, 31.831177
3226, 2193343, -0.0011999999405816197, False, 62.999153, -0.10459688, 0.0, 4.7240453, 35.627037, 0.48999998, 32.068935
3226, 2193344, -0.0011999999405816197, False, 62.87915, -0.08971006, 0.0, 6.7659626, 35.58315, 0.48999998, 32.432346
3226, 2193345, -0.0011999999405816197, False, 62.759148, -0.0779835, 0.0, 8.618039, 35.52801, 0.48999998, 32.91004
3226, 2193346, -0.0011999999405816197, False, 62.639145, 0.90997946, 0.0, 10.256088, 35.45998, 0.48999998, 33.491047
3226, 2193347, -0.0011999999405816197, False, 62.519142, 1.5258714, 0.0, 6.0384836, 35.41767, 0.48999998, 33.94199
3226, 2193348, -0.0011999999405816197, False, 62.39914, 0.91073126, 0.0, 2.469013, 35.426517, 0.48999998, 34.169247
3226, 2193349, -0.0011999999405816197, False, 62.279137, 0.6139035, 0.0, -0.69076747, 35.46602, 0.48999998, 34.19762
3226, 2193350, -0.0011999999405816197, False, 62.159134, 0.7074041, 0.0, -3.0569859, 35.53617, 0.48999998, 34.073627
3226, 2193351, -0.0011999999405816197, False, 62.03913, 0.5953822, 0.0, -5.2571816, 35.62976, 0.48999998, 33.815037
3226, 2193352, -0.0011999999405816197, False, 61.91913, -0.14988756, 0.0, -7.272031, 35.746284, 0.48999998, 33.434986
3226, 2193353, -0.0011999999405816197, False, 61.799126, -0.12607831, 0.0, -3.4530702, 35.825733, 0.48999998, 33.164387
3226, 2193354, -0.0011999999405816197, False, 61.679123, -0.020101473, 0.0, -0.021073636, 35.842144, 0.48999998, 33.098454
3226, 2193355, -0.0011999999405816197, False, 61.55912, -0.014346838, 0.0, 2.4619417, 35.81062, 0.48999998, 33.192444
3226, 2193356, -0.0011999999405816197, False, 61.439117, -0.011932611, 0.0, 4.7141066, 35.736107, 0.48999998, 33.4193
3226, 2193357, -0.0011999999405816197, False, 61.319115, -0.61872613, 0.0, 6.7261605, 35.62508, 0.48999998, 33.767403
3226, 2193358, -0.0011999999405816197, False, 61.199112, -0.51570344, 0.0, 2.9610546, 35.540447, 0.48999998, 34.00634
3226, 2193359, -0.0011999999405816197, False, 61.07911, -0.23511863, 0.0, -0.21458423, 35.51074, 0.48999998, 34.045288
3226, 2193360, -0.0011999999405816197, False, 60.959106, 0.012184083, 0.0, -2.6894555, 35.53228, 0.48999998, 33.93402
3226, 2193361, -0.0011999999405816197, False, 60.839104, 0.010180235, 0.0, -4.9204698, 35.585217, 0.48999998, 33.688076
3226, 2193362, -0.0011999999405816197, False, 60.7191, -0.61935604, 0.0, -6.9143105, 35.666702, 0.48999998, 33.319992
3226, 2193363, -0.0011999999405816197, False, 60.5991, -0.5181142, 0.0, -3.1314454, 35.716053, 0.48999998, 33.06066
3226, 2193364, -0.0011999999405816197, False, 60.479095, -0.29124764, 0.0, 0.12827286, 35.710056, 0.48999998, 33.003105
3226, 2193365, -0.0011999999405816197, False, 60.359093, -0.21414554, 0.0, 2.6020396, 35.663467, 0.48999998, 33.1013
3226, 2193366, -0.0011999999405816197, False, 60.23909, -0.5868979, 0.0, 4.8035, 35.578926, 0.48999998, 33.333126
3226, 2193367, -0.0011999999405816197, False, 60.119087, -1.1181486, 0.0, 6.75629, 35.473373, 0.48999998, 33.689423
3226, 2193368, -0.0011999999405816197, False, 59.999084, -0.9343895, 0.0, 2.995243, 35.38732, 0.48999998, 33.935017
3226, 2193369, -0.0011999999405816197, False, 59.87908, -0.6161445, 0.0, -0.22895867, 35.33833, 0.48999998, 33.97656
3226, 2193370, -0.0011999999405816197, False, 59.75908, -0.6494929, 0.0, -2.6479197, 35.322765, 0.48999998, 33.86032
3226, 2193371, -0.0011999999405816197, False, 59.639076, -0.35513744, 0.0, 0.44897807, 35.30234, 0.48999998, 33.82727
3226, 2193372, -0.0011999999405816197, False, 59.519073, -0.27098146, 0.0, 2.8928719, 35.271717, 0.48999998, 33.950554
3226, 2193373, -0.0011999999405816197, False, 59.39907, -0.6626915, 0.0, 5.060918, 35.232468, 0.48999998, 34.210842
3226, 2193374, -0.0011999999405816197, False, 59.279068, -0.52168787, 0.0, 1.4580077, 35.198, 0.48999998, 34.368713
3226, 2193375, -0.0011999999405816197, False, 59.159065, -0.35721034, 0.0, -1.3202901, 35.179012, 0.48999998, 34.338795
3226, 2193376, -0.0011999999405816197, False, 59.039062, -0.5746794, 0.0, -3.6373868, 35.181488, 0.48999998, 34.16349
3226, 2193377, -0.0011999999405816197, False, 58.91906, -0.9917891, 0.0, -5.706498, 35.217243, 0.48999998, 33.859386
3226, 2193378, -0.0011999999405816197, False, 58.799057, -0.14996552, 0.0, -7.7150383, 35.29359, 0.48999998, 33.441193
3226, 2193379, -0.0011999999405816197, False, 58.679054, -0.12696934, 0.0, -3.8548696, 35.34947, 0.48999998, 33.139397
3226, 2193380, -0.0011999999405816197, False, 58.55905, -0.078156434, 0.0, -0.35644892, 35.36223, 0.48999998, 33.050316
3226, 2193381, -0.0011999999405816197, False, 58.43905, -0.1835878, 0.0, 2.148181, 35.34468, 0.48999998, 33.128628
3226, 2193382, -0.0011999999405816197, False, 58.319046, -0.15161455, 0.0, 4.4298635, 35.31195, 0.48999998, 33.347557
3226, 2193383, -0.0011999999405816197, False, 58.199043, -0.7106716, 0.0, 6.4573064, 35.269886, 0.48999998, 33.694454
3226, 2193384, -0.0011999999405816197, False, 58.07904, -0.6168874, 0.0, 8.3392315, 35.231087, 0.48999998, 34.157993
3226, 2193385, -0.0011999999405816197, False, 57.959038, -0.5398479, 0.0, 10.045627, 35.19722, 0.48999998, 34.727345
3226, 2193386, -0.0011999999405816197, False, 57.839035, -0.340881, 0.0, 6.3431993, 35.173153, 0.48999998, 35.1752
3226, 2193387, -0.0011999999405816197, False, 57.719032, 0.3024439, 0.0, -1.3725064, 35.225254, 0.48999998, 35.092735
3226, 2193388, -0.0011999999405816197, False, 57.59903, 0.2437811, 0.0, -3.7274635, 35.240887, 0.48999998, 34.91515
3226, 2193389, -0.0011999999405816197, False, 57.479027, 0.20695706, 0.0, -5.8622932, 35.253986, 0.48999998, 34.605183
3226, 2193390, -0.0011999999405816197, False, 57.359024, 0.17900066, 0.0, -7.798474, 35.265255, 0.48999998, 34.17516
3226, 2193391, -0.0011999999405816197, False, 57.23902, -0.7448646, 0.0, -9.526032, 35.27771, 0.48999998, 33.636314
3226, 2193392, -0.0011999999405816197, False, 57.11902, -1.311004, 0.0, -5.394849, 35.27745, 0.48999998, 33.225224
3226, 2193393, -0.0011999999405816197, False, 56.999016, -1.0599097, 0.0, -1.778411, 35.246777, 0.48999998, 33.037506
3226, 2193394, -0.0011999999405816197, False, 56.879013, -0.7101463, 0.0, 1.1305431, 35.19607, 0.48999998, 33.041286
3226, 2193395, -0.0011999999405816197, False, 56.75901, -0.83696795, 0.0, 3.443746, 35.12871, 0.48999998, 33.194923
3226, 2193396, -0.0011999999405816197, False, 56.639008, -1.1935357, 0.0, 5.5108037, 35.055927, 0.48999998, 33.482994
3226, 2193397, -0.0011999999405816197, False, 56.519005, -1.7091507, 0.0, 7.342072, 34.993633, 0.48999998, 33.89335
3226, 2193398, -0.0011999999405816197, False, 56.399002, -1.4907494, 0.0, 9.146015, 34.954193, 0.48999998, 34.413803
3226, 2193399, -0.0011999999405816197, False, 56.279, -0.6389667, 0.0, 5.2580967, 34.916584, 0.48999998, 34.807518
3226, 2193400, -0.0011999999405816197, False, 56.158997, -0.24180506, 0.0, 1.6701415, 34.8857, 0.48999998, 34.976444
3226, 2193401, -0.0011999999405816197, False, 56.038994, -0.16504957, 0.0, -1.1658463, 34.880657, 0.48999998, 34.956387
3226, 2193402, -0.0011999999405816197, False, 55.91899, -0.40532756, 0.0, -3.5128403, 34.909367, 0.48999998, 34.792942
3226, 2193403, -0.0011999999405816197, False, 55.79899, -0.8364849, 0.0, -5.6084437, 34.98321, 0.48999998, 34.503757
3226, 2193404, -0.0011999999405816197, False, 55.678986, -1.4118147, 0.0, -7.460297, 35.113144, 0.48999998, 34.106503
3226, 2193405, -0.0011999999405816197, False, 55.558983, -0.3563354, 0.0, -9.337153, 35.303864, 0.48999998, 33.616188
3226, 2193406, -0.0011999999405816197, False, 55.43898, 0.3910942, 0.0, -5.865773, 35.458336, 0.48999998, 33.23027
3226, 2193407, -0.0011999999405816197, False, 55.318977, 0.63887095, 0.0, -2.1282127, 35.54314, 0.48999998, 33.044407
3226, 2193408, -0.0011999999405816197, False, 55.198975, 0.37172854, 0.0, 0.86846215, 35.570328, 0.48999998, 33.047752
3226, 2193409, -0.0011999999405816197, False, 55.07897, 0.29249066, 0.0, 3.272115, 35.557724, 0.48999998, 33.19774
3226, 2193410, -0.0011999999405816197, False, 54.95897, -0.22698176, 0.0, 5.452866, 35.51647, 0.48999998, 33.479626
3226, 2193411, -0.0011999999405816197, False, 54.838966, -0.19579035, 0.0, 7.4271455, 35.46166, 0.48999998, 33.883106
3226, 2193412, -0.0011999999405816197, False, 54.718964, -0.16509357, 0.0, 3.5938556, 35.420795, 0.48999998, 34.171043
3226, 2193413, -0.0011999999405816197, False, 54.59896, -0.004573349, 0.0, 0.122498564, 35.407486, 0.48999998, 34.245216
3226, 2193414, -0.0011999999405816197, False, 54.47896, -0.1576088, 0.0, -2.363562, 35.429134, 0.48999998, 34.154373
3226, 2193415, -0.0011999999405816197, False, 54.358955, -0.5168632, 0.0, -4.593238, 35.49574, 0.48999998, 33.93083
3226, 2193416, -0.0011999999405816197, False, 54.238953, 0.15679646, 0.0, -6.6656795, 35.613667, 0.48999998, 33.590767
3226, 2193417, -0.0011999999405816197, False, 54.11895, 0.130404, 0.0, -2.9031534, 35.698215, 0.48999998, 33.357677
3226, 2193418, -0.0011999999405816197, False, 53.998947, 0.067041196, 0.0, 0.28330287, 35.71617, 0.48999998, 33.320652
3226, 2193419, -0.0011999999405816197, False, 53.878944, -0.14213866, 0.0, 2.7356045, 35.68577, 0.48999998, 33.43295
3226, 2193420, -0.0011999999405816197, False, 53.75894, -0.118873, 0.0, 4.962486, 35.62553, 0.48999998, 33.680004
3226, 2193421, -0.0011999999405816197, False, 53.63894, -0.7336248, 0.0, 6.9406333, 35.542923, 0.48999998, 34.050266
3226, 2193422, -0.0011999999405816197, False, 53.518936, -0.6141983, 0.0, 3.1564531, 35.476257, 0.48999998, 34.308117
3226, 2193423, -0.0011999999405816197, False, 53.398933, -0.363996, 0.0, -0.113411866, 35.44243, 0.48999998, 34.359104
3226, 2193424, -0.0011999999405816197, False, 53.27893, -0.26774144, 0.0, -2.5911863, 35.436253, 0.48999998, 34.25077
3226, 2193425, -0.0011999999405816197, False, 53.158928, -0.22332382, 0.0, -4.8319335, 35.447853, 0.48999998, 34.004555
3226, 2193426, -0.0011999999405816197, False, 53.038925, -0.8103643, 0.0, -6.8136, 35.477314, 0.48999998, 33.633595
3226, 2193427, -0.0011999999405816197, False, 52.918922, -0.6770236, 0.0, -3.042411, 35.488132, 0.48999998, 33.37387
3226, 2193428, -0.0011999999405816197, False, 52.79892, -0.41339314, 0.0, 0.19502527, 35.46756, 0.48999998, 33.319973
3226, 2193429, -0.0011999999405816197, False, 52.678917, -0.30775315, 0.0, 2.6662314, 35.424725, 0.48999998, 33.425095
3226, 2193430, -0.0011999999405816197, False, 52.558914, -0.6709815, 0.0, 4.853541, 35.359253, 0.48999998, 33.666996
3226, 2193431, -0.0011999999405816197, False, 52.43891, -1.1949695, 0.0, 6.794191, 35.286686, 0.48999998, 34.034706
3226, 2193432, -0.0011999999405816197, False, 52.31891, -1.0393318, 0.0, 8.646667, 35.221355, 0.48999998, 34.51727
3226, 2193433, -0.0011999999405816197, False, 52.198906, -0.2963042, 0.0, 4.763571, 35.167526, 0.48999998, 34.876698
3226, 2193434, -0.0011999999405816197, False, 52.078903, -0.01221627, 0.0, 1.1899576, 35.140087, 0.48999998, 35.015537
3226, 2193435, -0.0011999999405816197, False, 51.9589, -0.08270383, 0.0, -1.6125035, 35.151867, 0.48999998, 34.970448
3226, 2193436, -0.0011999999405816197, False, 51.838898, -0.38299263, 0.0, -3.9222198, 35.209232, 0.48999998, 34.78832
3226, 2193437, -0.0011999999405816197, False, 51.718895, -0.85791826, 0.0, -5.979371, 35.323296, 0.48999998, 34.48787
3226, 2193438, -0.0011999999405816197, False, 51.598892, -1.467026, 0.0, -7.7927127, 35.503395, 0.48999998, 34.08769
3226, 2193439, -0.0011999999405816197, False, 51.47889, -0.3745005, 0.0, -9.642256, 35.7528, 0.48999998, 33.603043
3226, 2193440, -0.0011999999405816197, False, 51.358887, -0.32307243, 0.0, -5.603227, 35.942726, 0.48999998, 33.23324
3226, 2193441, -0.0011999999405816197, False, 51.238884, 0.037314057, 0.0, -1.9499953, 36.024273, 0.48999998, 33.063057
3226, 2193442, -0.0011999999405816197, False, 51.11888, 0.010614395, 0.0, 0.9272183, 36.02367, 0.48999998, 33.0671
3226, 2193443, -0.0011999999405816197, False, 50.99888, -0.24360615, 0.0, 3.3118722, 35.964516, 0.48999998, 33.20758
3226, 2193444, -0.0011999999405816197, False, 50.878876, -0.6806978, 0.0, 5.441024, 35.866055, 0.48999998, 33.476856
3226, 2193445, -0.0011999999405816197, False, 50.758873, -0.2618156, 0.0, 1.8391063, 35.796314, 0.48999998, 33.645252
3226, 2193446, -0.0011999999405816197, False, 50.63887, -0.10078432, 0.0, -1.0639402, 35.78821, 0.48999998, 33.631176
3226, 2193447, -0.0011999999405816197, False, 50.518867, -0.0010351241, 0.0, 1.6799697, 35.77761, 0.48999998, 33.6807
3226, 2193448, -0.0011999999405816197, False, 50.398865, -0.0008432865, 0.0, 4.0048256, 35.737053, 0.48999998, 33.871227
3226, 2193449, -0.0011999999405816197, False, 50.278862, -0.00055702776, 0.0, 0.48943484, 35.71661, 0.48999998, 33.96722
3226, 2193450, -0.0011999999405816197, False, 50.15886, -0.12121123, 0.0, -2.0327783, 35.734116, 0.48999998, 33.896595
3226, 2193451, -0.0011999999405816197, False, 50.038857, -0.4548807, 0.0, -4.298013, 35.79683, 0.48999998, 33.691353
3226, 2193452, -0.0011999999405816197, False, 49.918854, -0.33084244, 0.0, -0.7678995, 35.822697, 0.48999998, 33.57701
3226, 2193453, -0.0011999999405816197, False, 49.79885, -0.18032193, 0.0, 1.8325686, 35.787216, 0.48999998, 33.62694
3226, 2193454, -0.0011999999405816197, False, 49.67885, -0.48365116, 0.0, 4.1125813, 35.698257, 0.48999998, 33.809906
3226, 2193455, -0.0011999999405816197, False, 49.558846, -0.9619973, 0.0, 6.1423717, 35.573483, 0.48999998, 34.11801
3226, 2193456, -0.0011999999405816197, False, 49.438843, -0.7924364, 0.0, 2.438608, 35.477974, 0.48999998, 34.32131
3226, 2193457, -0.0011999999405816197, False, 49.31884, -0.5173143, 0.0, -0.7046979, 35.436775, 0.48999998, 34.33071
3226, 2193458, -0.0011999999405816197, False, 49.198837, -0.4036656, 0.0, -3.127576, 35.425518, 0.48999998, 34.188427
3226, 2193459, -0.0011999999405816197, False, 49.078835, -0.79688454, 0.0, -5.261357, 35.435535, 0.48999998, 33.911766
3226, 2193460, -0.0011999999405816197, False, 48.95883, -0.63539326, 0.0, -1.6419269, 35.429935, 0.48999998, 33.737576
3226, 2193461, -0.0011999999405816197, False, 48.83883, -0.38333896, 0.0, 1.2180741, 35.399174, 0.48999998, 33.752476
3226, 2193462, -0.0011999999405816197, False, 48.718826, -0.5847497, 0.0, 3.5435817, 35.347282, 0.48999998, 33.914097
3226, 2193463, -0.0011999999405816197, False, 48.598824, -0.36044437, 0.0, 0.15147753, 35.312054, 0.48999998, 33.984894
3226, 2193464, -0.0011999999405816197, False, 48.47882, -0.40495715, 0.0, -2.3211868, 35.30763, 0.48999998, 33.891605
3226, 2193465, -0.0011999999405816197, False, 48.358818, -0.19725782, 0.0, 0.72810644, 35.296337, 0.48999998, 33.87822
3226, 2193466, -0.0011999999405816197, False, 48.238815, -0.38614702, 0.0, 3.116107, 35.274242, 0.48999998, 34.017918
3226, 2193467, -0.0011999999405816197, False, 48.118813, -0.32511023, 0.0, 5.3084435, 35.253613, 0.48999998, 34.293537
3226, 2193468, -0.0011999999405816197, False, 47.99881, 0.0104350895, 0.0, 1.6842182, 35.239124, 0.48999998, 34.46512
3226, 2193469, -0.0011999999405816197, False, 47.878807, -0.033382043, 0.0, -1.167729, 35.24364, 0.48999998, 34.446697
3226, 2193470, -0.0011999999405816197, False, 47.758804, -0.30092746, 0.0, -3.5251644, 35.278973, 0.48999998, 34.28458
3226, 2193471, -0.0011999999405816197, False, 47.6388, -0.74971807, 0.0, -5.628429, 35.358356, 0.48999998, 33.996483
3226, 2193472, -0.0011999999405816197, False, 47.5188, 0.051086426, 0.0, -7.621513, 35.48825, 0.48999998, 33.59799
3226, 2193473, -0.0011999999405816197, False, 47.398796, 0.04319632, 0.0, -3.7699275, 35.584057, 0.48999998, 33.312042
3226, 2193474, -0.0011999999405816197, False, 47.278793, 0.024609916, 0.0, -0.27686918, 35.612217, 0.48999998, 33.23187
3226, 2193475, -0.0011999999405816197, False, 47.15879, 0.016462207, 0.0, 2.2299697, 35.58706, 0.48999998, 33.312805
3226, 2193476, -0.0011999999405816197, False, 47.038788, -0.360632, 0.0, 4.487701, 35.52062, 0.48999998, 33.528492
3226, 2193477, -0.0011999999405816197, False, 46.918785, -0.8941702, 0.0, 6.491135, 35.430794, 0.48999998, 33.86994
3226, 2193478, -0.0011999999405816197, False, 46.798782, -0.7424096, 0.0, 2.752111, 35.35841, 0.48999998, 34.101883
3226, 2193479, -0.0011999999405816197, False, 46.67878, -0.46354952, 0.0, -0.4112064, 35.320995, 0.48999998, 34.131676
3226, 2193480, -0.0011999999405816197, False, 46.558777, -0.4392783, 0.0, 2.0970123, 35.294823, 0.48999998, 34.208023
3226, 2193481, -0.0011999999405816197, False, 46.438774, -0.36250484, 0.0, 4.3851523, 35.271706, 0.48999998, 34.426376
3226, 2193482, -0.0011999999405816197, False, 46.31877, -0.2660286, 0.0, 0.8416393, 35.253403, 0.48999998, 34.546116
3226, 2193483, -0.0011999999405816197, False, 46.19877, -0.21917737, 0.0, -1.7542886, 35.247364, 0.48999998, 34.48994
3226, 2193484, -0.0011999999405816197, False, 46.078766, -0.50753385, 0.0, -4.0388646, 35.259346, 0.48999998, 34.291164
3226, 2193485, -0.0011999999405816197, False, 45.958763, -0.9749731, 0.0, -6.0739017, 35.303234, 0.48999998, 33.96573
3226, 2193486, -0.0011999999405816197, False, 45.83876, -1.1413369, 0.0, -2.2748322, 35.317963, 0.48999998, 33.744465
3226, 2193487, -0.0011999999405816197, False, 45.718758, -0.5641588, 0.0, -4.6385307, 35.353455, 0.48999998, 33.509846
3226, 2193488, -0.0011999999405816197, False, 45.598755, -0.2244456, 0.0, -1.1054416, 35.36975, 0.48999998, 33.3741
3226, 2193489, -0.0011999999405816197, False, 45.478752, -0.08762032, 0.0, 1.631484, 35.354008, 0.48999998, 33.419434
3226, 2193490, -0.0011999999405816197, False, 45.35875, -0.388796, 0.0, 3.938927, 35.31215, 0.48999998, 33.606834
3226, 2193491, -0.0011999999405816197, False, 45.238747, -0.864472, 0.0, 5.9939356, 35.260296, 0.48999998, 33.924965
3226, 2193492, -0.0011999999405816197, False, 45.118744, -0.7087173, 0.0, 2.302809, 35.21444, 0.48999998, 34.135284
3226, 2193493, -0.0011999999405816197, False, 44.99874, -0.4132012, 0.0, -0.70002615, 35.1857, 0.48999998, 34.14625
3226, 2193494, -0.0011999999405816197, False, 44.87874, -0.35156426, 0.0, 1.8636831, 35.165077, 0.48999998, 34.208157
3226, 2193495, -0.0011999999405816197, False, 44.758736, -0.28821796, 0.0, 4.1729627, 35.146667, 0.48999998, 34.41336
3226, 2193496, -0.0011999999405816197, False, 44.638733, -0.04966726, 0.0, 0.65672034, 35.134674, 0.48999998, 34.521133
3226, 2193497, -0.0011999999405816197, False, 44.51873, -0.13107237, 0.0, -1.8801975, 35.142036, 0.48999998, 34.458176
3226, 2193498, -0.0011999999405816197, False, 44.398727, -0.448157, 0.0, -4.1595945, 35.180683, 0.48999998, 34.255787
3226, 2193499, -0.0011999999405816197, False, 44.278725, -0.93649745, 0.0, -6.187779, 35.26347, 0.48999998, 33.93126
3226, 2193500, -0.0011999999405816197, False, 44.158722, -0.059253216, 0.0, -8.143834, 35.396763, 0.48999998, 33.499817
3226, 2193501, -0.0011999999405816197, False, 44.03872, 0.49016643, 0.0, -4.2184906, 35.498474, 0.48999998, 33.18483
3226, 2193502, -0.0011999999405816197, False, 43.918716, 0.35266417, 0.0, -0.6994247, 35.54548, 0.48999998, 33.081753
3226, 2193503, -0.0011999999405816197, False, 43.798714, 0.20378943, 0.0, 1.8871328, 35.545628, 0.48999998, 33.146618
3226, 2193504, -0.0011999999405816197, False, 43.67871, 0.16712534, 0.0, 4.193231, 35.513138, 0.48999998, 33.3508
3226, 2193505, -0.0011999999405816197, False, 43.55871, -0.41751337, 0.0, 6.2724395, 35.454636, 0.48999998, 33.681965
3226, 2193506, -0.0011999999405816197, False, 43.438705, -0.3620106, 0.0, 8.170802, 35.384624, 0.48999998, 34.130203
3226, 2193507, -0.0011999999405816197, False, 43.318703, 0.23638755, 0.0, 4.270181, 35.332966, 0.48999998, 34.45914
3226, 2193508, -0.0011999999405816197, False, 43.1987, 0.3320629, 0.0, 0.70960975, 35.323296, 0.48999998, 34.572933
3226, 2193509, -0.0011999999405816197, False, 43.078697, 0.082540214, 0.0, -1.8938714, 35.357, 0.48999998, 34.51792
3226, 2193510, -0.0011999999405816197, False, 42.958694, -0.2752564, 0.0, -4.1902776, 35.44741, 0.48999998, 34.33184
3226, 2193511, -0.0011999999405816197, False, 42.83869, -0.2349, 0.0, -6.2821093, 35.602554, 0.48999998, 34.033436
3226, 2193512, -0.0011999999405816197, False, 42.71869, 0.55427766, 0.0, -8.163191, 35.815964, 0.48999998, 33.632915
3226, 2193513, -0.0011999999405816197, False, 42.598686, 0.47201157, 0.0, -4.2626963, 35.978443, 0.48999998, 33.34176
3226, 2193514, -0.0011999999405816197, False, 42.478683, 0.34171027, 0.0, -0.7374668, 36.046066, 0.48999998, 33.24814
3226, 2193515, -0.0011999999405816197, False, 42.35868, 0.19163537, 0.0, 1.8566451, 36.032776, 0.48999998, 33.30957
3226, 2193516, -0.0011999999405816197, False, 42.238678, 0.15701461, 0.0, 4.165528, 35.958656, 0.48999998, 33.500706
3226, 2193517, -0.0011999999405816197, False, 42.118675, 0.09253383, 0.0, 2.4548736, 35.89225, 0.48999998, 33.66639
3226, 2193518, -0.0011999999405816197, False, 41.998672, -0.31882823, 0.0, 4.6973324, 35.802166, 0.48999998, 33.887154
3226, 2193519, -0.0011999999405816197, False, 41.87867, -0.87889373, 0.0, 6.6838093, 35.67563, 0.48999998, 34.22924
3226, 2193520, -0.0011999999405816197, False, 41.758667, -1.5546417, 0.0, 8.425774, 35.532215, 0.48999998, 34.68562
3226, 2193521, -0.0011999999405816197, False, 41.638664, -0.9735953, 0.0, 5.2766447, 35.424545, 0.48999998, 35.05017
3226, 2193522, -0.0011999999405816197, False, 41.51866, -0.5893887, 0.0, 3.1943407, 35.358444, 0.48999998, 35.27398
3226, 2193523, -0.0011999999405816197, False, 41.39866, 0.15990892, 0.0, 0.36005428, 35.363926, 0.48999998, 35.31857
3226, 2193524, -0.0011999999405816197, False, 41.278656, 0.6860208, 1.4901161e-08, 1.7073251, 35.387882, 0.48999998, 35.391148
3226, 2193525, -0.0011999999405816197, False, 41.158653, 0.34187233, 0.0, 0.8508302, 35.40754, 0.48999998, 35.460194
3226, 2193526, -0.0011999999405816197, False, 41.03865, 0.27219585, 0.0, -1.7533689, 35.42298, 0.48999998, 35.405067
3226, 2193527, -0.0011999999405816197, False, 40.918648, 0.5505622, 0.0, -4.033799, 35.434616, 0.48999998, 35.206165
3226, 2193528, -0.0011999999405816197, False, 40.798645, 1.0109723, 0.0, -6.065697, 35.427322, 0.48999998, 34.877956
3226, 2193529, -0.0011999999405816197, False, 40.678642, 1.6075697, 0.0, -7.8573294, 35.386868, 0.48999998, 34.435196
3226, 2193530, -0.0011999999405816197, False, 40.55864, 2.3034778, 0.0, -9.419945, 35.300632, 0.48999998, 33.89297
3226, 2193531, -0.0011999999405816197, False, 40.438637, 1.3141712, 0.0, -5.587082, 35.248997, 0.48999998, 33.474457
3226, 2193532, -0.0011999999405816197, False, 40.318634, 0.7647244, 0.0, -2.0413709, 35.2545, 0.48999998, 33.275024
3226, 2193533, -0.0011999999405816197, False, 40.19863, 0.47220472, 0.0, 0.87930954, 35.28523, 0.48999998, 33.269993
3226, 2193534, -0.0011999999405816197, False, 40.07863, 0.61797434, 0.0, 3.233558, 35.322212, 0.48999998, 33.416885
3226, 2193535, -0.0011999999405816197, False, 39.958626, 0.9874629, 0.0, 5.339218, 35.352665, 0.48999998, 33.699097
3226, 2193536, -0.0011999999405816197, False, 39.838623, 1.5146903, 0.0, 7.2048907, 35.361534, 0.48999998, 34.102894
3226, 2193537, -0.0011999999405816197, False, 39.71862, 1.7234106, 0.0, 3.2485845, 35.385895, 0.48999998, 34.39304
3226, 2193538, -0.0011999999405816197, False, 39.598618, 1.384239, 0.0, -0.15327929, 35.45212, 0.48999998, 34.479065
3226, 2193539, -0.0011999999405816197, False, 39.478615, 0.88264203, 0.0, -2.7895813, 35.563637, 0.48999998, 34.40597
3226, 2193540, -0.0011999999405816197, False, 39.358612, 0.30853295, 0.0, -5.0746765, 35.735306, 0.48999998, 34.207844
3226, 2193541, -0.0011999999405816197, False, 39.23861, 0.9065943, 0.0, -7.0249968, 35.97341, 0.48999998, 33.904133
3226, 2193542, -0.0011999999405816197, False, 39.118607, 0.7605593, 0.0, -3.2348514, 36.149673, 0.48999998, 33.69619
3226, 2193543, -0.0011999999405816197, False, 38.998604, 0.4813692, 0.0, 0.05745176, 36.21001, 0.48999998, 33.663483
3226, 2193544, -0.0011999999405816197, False, 38.8786, 0.35321856, 0.0, 2.546348, 36.17785, 0.48999998, 33.765316
3226, 2193545, -0.0011999999405816197, False, 38.7586, -0.11129582, 0.0, 4.803715, 36.07456, 0.48999998, 33.98687
3226, 2193546, -0.0011999999405816197, False, 38.638596, -0.71201587, 0.0, 6.7980976, 35.920788, 0.48999998, 34.323875
3226, 2193547, -0.0011999999405816197, False, 38.518593, -1.0035679, 0.0, 2.9421785, 35.80312, 0.48999998, 34.554268
3226, 2193548, -0.0011999999405816197, False, 38.39859, -0.6712371, 0.0, -0.26739004, 35.74719, 0.48999998, 34.58719
3226, 2193549, -0.0011999999405816197, False, 38.278587, -0.50829995, 0.0, -2.741986, 35.73907, 0.48999998, 34.466534
3226, 2193550, -0.0011999999405816197, False, 38.158585, -0.42536247, 0.0, -4.9701138, 35.76557, 0.48999998, 34.211853
3226, 2193551, -0.0011999999405816197, False, 38.03858, -0.99639785, 0.0, -6.9204674, 35.824547, 0.48999998, 33.836105
3226, 2193552, -0.0011999999405816197, False, 37.91858, -1.25473, 0.0, -3.0309842, 35.85236, 0.48999998, 33.569153
3226, 2193553, -0.0011999999405816197, False, 37.798576, -0.88257605, 0.0, 0.19538264, 35.816277, 0.48999998, 33.499535
3226, 2193554, -0.0011999999405816197, False, 37.678574, -0.85282433, 0.0, 2.6105337, 35.732906, 0.48999998, 33.58595
3226, 2193555, -0.0011999999405816197, False, 37.55857, -1.1192157, 0.0, 4.760449, 35.615864, 0.48999998, 33.807976
3226, 2193556, -0.0011999999405816197, False, 37.43857, -1.5690246, 0.0, 6.672791, 35.48257, 0.48999998, 34.156044
3226, 2193557, -0.0011999999405816197, False, 37.318565, -1.3126203, 0.0, 2.929074, 35.372913, 0.48999998, 34.394764
3226, 2193558, -0.0011999999405816197, False, 37.198563, -0.92827296, 0.0, -0.27112284, 35.30455, 0.48999998, 34.4316
3226, 2193559, -0.0011999999405816197, False, 37.07856, -0.32610556, 0.0, -0.0952464, 35.275146, 0.48999998, 34.41955
3226, 2193560, -0.0011999999405816197, False, 36.958557, -0.41260278, 0.0, -2.5407836, 35.273216, 0.48999998, 34.312843
3226, 2193561, -0.0011999999405816197, False, 36.838554, -0.7455412, 0.0, -4.7319126, 35.304924, 0.48999998, 34.070946
3226, 2193562, -0.0011999999405816197, False, 36.71855, -0.63970566, 0.0, -6.775114, 35.379795, 0.48999998, 33.709873
3226, 2193563, -0.0011999999405816197, False, 36.59855, -0.53374565, 0.0, -3.005598, 35.425735, 0.48999998, 33.457657
3226, 2193564, -0.0011999999405816197, False, 36.478546, -0.30791932, 0.0, 0.21830519, 35.417065, 0.48999998, 33.406067
3226, 2193565, -0.0011999999405816197, False, 36.358543, -0.4141392, 0.0, 2.6514504, 35.370434, 0.48999998, 33.509476
3226, 2193566, -0.0011999999405816197, False, 36.23854, -0.7579813, 0.0, 4.831482, 35.299606, 0.48999998, 33.74942
3226, 2193567, -0.0011999999405816197, False, 36.118538, -1.2671653, 0.0, 6.766916, 35.222477, 0.48999998, 34.115425
3226, 2193568, -0.0011999999405816197, False, 35.998535, -1.1020342, 0.0, 8.62232, 35.153202, 0.48999998, 34.596474
3226, 2193569, -0.0011999999405816197, False, 35.878532, -0.94356084, 0.0, 4.682546, 35.093365, 0.48999998, 34.954494
3226, 2193570, -0.0011999999405816197, False, 35.75853, -0.09238565, 0.0, -0.5234411, 35.072544, 0.48999998, 35.01979
3226, 2193571, -0.0011999999405816197, False, 35.638527, -0.28463188, 0.0, -2.9394522, 35.084072, 0.48999998, 34.89059
3226, 2193572, -0.0011999999405816197, False, 35.518524, -0.6786645, 0.0, -5.1017604, 35.127, 0.48999998, 34.628193
3226, 2193573, -0.0011999999405816197, False, 35.39852, -1.2261345, 0.0, -7.0172315, 35.214134, 0.48999998, 34.24934
3226, 2193574, -0.0011999999405816197, False, 35.27852, -1.8883595, 0.0, -8.696095, 35.356606, 0.48999998, 33.770893
3226, 2193575, -0.0011999999405816197, False, 35.158516, -0.66048217, 0.0, -10.49764, 35.5592, 0.48999998, 33.207104
3226, 2193576, -0.0011999999405816197, False, 35.038513, 0.19487977, 0.0, -6.397144, 35.71708, 0.48999998, 32.770123
3226, 2193577, -0.0011999999405816197, False, 34.91851, 0.16107523, 0.0, -2.6597505, 35.798862, 0.48999998, 32.55201
3226, 2193578, -0.0011999999405816197, False, 34.798508, 0.08546817, 0.0, 0.49935552, 35.81372, 0.48999998, 32.528194
3226, 2193579, -0.0011999999405816197, False, 34.678505, -0.14709002, 0.0, 2.9321883, 35.7805, 0.48999998, 32.652355
3226, 2193580, -0.0011999999405816197, False, 34.558502, -0.12344408, 0.0, 5.140792, 35.717686, 0.48999998, 32.910164
3226, 2193581, -0.0011999999405816197, False, 34.4385, -0.7545351, 0.0, 7.101057, 35.632744, 0.48999998, 33.290184
3226, 2193582, -0.0011999999405816197, False, 34.318497, -0.6570561, 0.0, 8.923105, 35.539448, 0.48999998, 33.782867
3226, 2193583, -0.0011999999405816197, False, 34.198494, 0.05413544, 0.0, 4.9763513, 35.467335, 0.48999998, 34.152233
3226, 2193584, -0.0011999999405816197, False, 34.07849, 0.04210058, 0.0, 1.3707293, 35.43831, 0.48999998, 34.30227
3226, 2193585, -0.0011999999405816197, False, 33.95849, -0.04331088, 0.0, -1.4517906, 35.449547, 0.48999998, 34.26747
3226, 2193586, -0.0011999999405816197, False, 33.838486, -0.03499818, 0.0, -3.797887, 35.503647, 0.48999998, 34.093716
3226, 2193587, -0.0011999999405816197, False, 33.718483, -0.029735088, 0.0, -5.925866, 35.598866, 0.48999998, 33.794586
3226, 2193588, -0.0011999999405816197, False, 33.59848, -0.024240494, 0.0, -2.2319052, 35.661087, 0.48999998, 33.598
3226, 2193589, -0.0011999999405816197, False, 33.478477, 0.0, 0.0, 0.85404694, 35.66207, 0.48999998, 33.59359
3226, 2193590, -0.0011999999405816197, False, 33.358475, -0.24508739, 0.0, 3.2449682, 35.61868, 0.48999998, 33.735405
3226, 2193591, -0.0011999999405816197, False, 33.238472, -0.08355054, 0.0, -0.036832992, 35.596634, 0.48999998, 33.79078
3226, 2193592, -0.0011999999405816197, False, 33.11847, -0.06029308, 0.0, -2.514893, 35.614067, 0.48999998, 33.68978
3226, 2193593, -0.0011999999405816197, False, 32.998466, -0.028640151, 0.0, 0.632855, 35.61571, 0.48999998, 33.67074
3226, 2193594, -0.0011999999405816197, False, 32.878464, -0.12294331, 0.0, -1.902067, 35.630566, 0.48999998, 33.607773
3226, 2193595, -0.0011999999405816197, False, 32.75846, -0.047765017, 0.0, 0.97754365, 35.624508, 0.48999998, 33.613052
3226, 2193596, -0.0011999999405816197, False, 32.63846, -0.29417825, 0.0, 3.352432, 35.57666, 0.48999998, 33.760723
3226, 2193597, -0.0011999999405816197, False, 32.518456, -0.72715086, 0.0, 5.4732695, 35.503754, 0.48999998, 34.04049
3226, 2193598, -0.0011999999405816197, False, 32.398453, -0.58475965, 0.0, 1.8305802, 35.44684, 0.48999998, 34.216534
3226, 2193599, -0.0011999999405816197, False, 32.27845, -0.33914155, 0.0, -1.0751017, 35.423695, 0.48999998, 34.20229
3226, 2193600, -0.0011999999405816197, False, 32.158447, -0.26979366, 0.0, -3.458555, 35.423256, 0.48999998, 34.04046
3226, 2193601, -0.0011999999405816197, False, 32.038445, -0.22825307, 0.0, -5.618492, 35.439693, 0.48999998, 33.745712
3226, 2193602, -0.0011999999405816197, False, 31.918442, -0.18401837, 0.0, -1.9539521, 35.4475, 0.48999998, 33.556557
3226, 2193603, -0.0011999999405816197, False, 31.798439, -0.06803266, 0.0, 0.94608396, 35.440987, 0.48999998, 33.560486
3226, 2193604, -0.0011999999405816197, False, 31.678436, -0.053682804, 0.0, 3.3392692, 35.421497, 0.48999998, 33.712814
3226, 2193605, -0.0011999999405816197, False, 31.558434, -0.045337677, 0.0, 5.509892, 35.388523, 0.48999998, 33.99906
3226, 2193606, -0.0011999999405816197, False, 31.43843, -0.7226864, 0.0, 7.4410133, 35.345814, 0.48999998, 34.406963
3226, 2193607, -0.0011999999405816197, False, 31.318428, 0.23978251, 0.0, 9.254115, 35.30359, 0.48999998, 34.925747
3226, 2193608, -0.0011999999405816197, False, 31.198425, 1.4123278, 0.0, 1.5535853, 35.31366, 0.48999998, 35.230343
3226, 2193609, -0.0011999999405816197, False, 31.078423, 0.7322654, 0.0, 0.80550474, 35.363346, 0.48999998, 35.2949
3226, 2193610, -0.0011999999405816197, False, 30.95842, 0.28258663, 0.0, 0.3108503, 35.38544, 0.48999998, 35.325012
3226, 2193611, -0.0011999999405816197, False, 30.838417, 0.18994895, 0.0, -2.208656, 35.40662, 0.48999998, 35.243397
3226, 2193612, -0.0011999999405816197, False, 30.718414, 0.22081456, 0.0, -1.1450084, 35.423485, 0.48999998, 35.155952
3226, 2193613, -0.0011999999405816197, False, 30.598412, 0.44754362, 0.0, -3.4897683, 35.43224, 0.48999998, 34.99127
3226, 2193614, -0.0011999999405816197, False, 30.478409, 0.8697763, 0.0, -5.5840974, 35.422512, 0.48999998, 34.694096
3226, 2193615, -0.0011999999405816197, False, 30.358406, 1.4380234, 0.0, -7.435506, 35.380066, 0.48999998, 34.279465
3226, 2193616, -0.0011999999405816197, False, 30.238403, 2.1139283, 0.0, -9.054617, 35.29223, 0.48999998, 33.762726
3226, 2193617, -0.0011999999405816197, False, 30.1184, 1.1810402, 0.0, -5.2389402, 35.239346, 0.48999998, 33.367302
3226, 2193618, -0.0011999999405816197, False, 29.998398, 0.6767487, 0.0, -1.7152311, 35.243797, 0.48999998, 33.188797
3226, 2193619, -0.0011999999405816197, False, 29.878395, 0.43942386, 0.0, 1.116861, 35.27336, 0.48999998, 33.200054
3226, 2193620, -0.0011999999405816197, False, 29.758392, 0.6185571, 0.0, 3.448753, 35.31028, 0.48999998, 33.36031
3226, 2193621, -0.0011999999405816197, False, 29.63839, 1.0098009, 0.0, 5.5329633, 35.34083, 0.48999998, 33.65461
3226, 2193622, -0.0011999999405816197, False, 29.518387, 1.5533316, 0.0, 7.377512, 35.349823, 0.48999998, 34.069374
3226, 2193623, -0.0011999999405816197, False, 29.398384, 2.2083213, 0.0, 8.992462, 35.323322, 0.48999998, 34.59061
3226, 2193624, -0.0011999999405816197, False, 29.278381, 2.514046, 0.0, 4.797083, 35.32298, 0.48999998, 34.98937
3226, 2193625, -0.0011999999405816197, False, 29.158379, 2.2746282, 0.0, 1.0810368, 35.387234, 0.48999998, 35.177982
3226, 2193626, -0.0011999999405816197, False, 29.038376, 1.7736259, 0.0, -1.7114902, 35.51219, 0.48999998, 35.192696
3226, 2193627, -0.0011999999405816197, False, 28.918373, 1.4648705, 0.0, -4.0680037, 35.69223, 0.48999998, 35.067764
3226, 2193628, -0.0011999999405816197, False, 28.79837, 0.69553614, 0.0, -6.2850666, 35.9277, 0.48999998, 34.82327
3226, 2193629, -0.0011999999405816197, False, 28.678368, -0.15734482, 0.0, -8.208745, 36.22726, 0.48999998, 34.480003
3226, 2193630, -0.0011999999405816197, False, 28.558365, -1.0760283, 0.0, -9.865345, 36.598804, 0.48999998, 34.058403
3226, 2193631, -0.0011999999405816197, False, 28.438362, -1.6298318, 0.0, -5.672413, 36.875767, 0.48999998, 33.72644
3226, 2193632, -0.0011999999405816197, False, 28.31836, -1.6373348, 0.0, -1.8808331, 36.979774, 0.48999998, 33.540897
3226, 2193633, -0.0011999999405816197, False, 28.198357, -1.2042756, 0.0, 0.93879426, 36.93342, 0.48999998, 33.478184
3226, 2193634, -0.0011999999405816197, False, 28.078354, -1.2137079, 0.0, 3.2476177, 36.773598, 0.48999998, 33.520912
3226, 2193635, -0.0011999999405816197, False, 27.958351, -1.4909853, 0.0, 5.305379, 36.521317, 0.48999998, 33.664093
3226, 2193636, -0.0011999999405816197, False, 27.838348, -1.2363755, 0.0, 3.107329, 36.318443, 0.48999998, 33.79236
3226, 2193637, -0.0011999999405816197, False, 27.718346, -1.4949346, 0.0, 5.177822, 36.105145, 0.48999998, 33.977848
3226, 2193638, -0.0011999999405816197, False, 27.598343, -1.9343145, 0.0, 7.017544, 35.841213, 0.48999998, 34.27783
3226, 2193639, -0.0011999999405816197, False, 27.47834, -2.0582583, 0.0, 3.052826, 35.63449, 0.48999998, 34.479763
3226, 2193640, -0.0011999999405816197, False, 27.358337, -1.6530118, 0.0, -0.3264095, 35.516357, 0.48999998, 34.49574
3226, 2193641, -0.0011999999405816197, False, 27.238335, -1.3063257, 0.0, -2.846647, 35.459274, 0.48999998, 34.358738
3226, 2193642, -0.0011999999405816197, False, 27.118332, -1.0980963, 0.0, -5.0750036, 35.44535, 0.48999998, 34.088978
3226, 2193643, -0.0011999999405816197, False, 26.99833, -0.61889327, 0.0, -1.559244, 35.42483, 0.48999998, 33.921913
3226, 2193644, -0.0011999999405816197, False, 26.878326, -0.3737482, 0.0, 1.2804598, 35.39621, 0.48999998, 33.944073
3226, 2193645, -0.0011999999405816197, False, 26.758324, -0.58372676, 0.0, 3.6003606, 35.36159, 0.48999998, 34.113758
3226, 2193646, -0.0011999999405816197, False, 26.63832, -0.49493197, 0.0, 5.748547, 35.33025, 0.48999998, 34.41665
3226, 2193647, -0.0011999999405816197, False, 26.518318, -0.4278028, 0.0, 7.695867, 35.30331, 0.48999998, 34.840305
3226, 2193648, -0.0011999999405816197, False, 26.398315, -0.26624152, 0.0, 4.7894945, 35.2844, 0.48999998, 35.180477
3226, 2193649, -0.0011999999405816197, False, 26.278313, 0.4665932, 0.0, 0.61328065, 35.32102, 0.48999998, 35.228867
3226, 2193650, -0.0011999999405816197, False, 26.15831, 1.0246925, 1.4901161e-08, 1.6799161, 35.362827, 0.48999998, 35.310463
3226, 2193651, -0.0011999999405816197, False, 26.038307, 0.52148443, 0.0, 0.8549396, 35.39611, 0.48999998, 35.38061
3226, 2193652, -0.0011999999405816197, False, 25.918304, 0.654105, 0.0, 3.2087262, 35.404354, 0.48999998, 35.53094
3226, 2193653, -0.0011999999405816197, False, 25.798302, 0.372648, 0.0, 1.8280327, 35.403206, 0.48999998, 35.668476
3226, 2193654, -0.0011999999405816197, False, 25.678299, 0.2811695, 0.0, 0.8905632, 35.402596, 0.48999998, 35.741436
3226, 2193655, -0.0011999999405816197, False, 25.558296, 0.09568147, 0.0, 0.30305707, 35.40234, 0.48999998, 35.771694
3226, 2193656, -0.0011999999405816197, False, 25.438293, 0.20114598, 0.0, -2.1952565, 35.4297, 0.48999998, 35.69303
3226, 2193657, -0.0011999999405816197, False, 25.31829, 0.53633106, 0.0, -4.437837, 35.484047, 0.48999998, 35.475857
3226, 2193658, -0.0011999999405816197, False, 25.198288, 0.58168644, 0.0, -0.8471199, 35.526432, 0.48999998, 35.35658
3226, 2193659, -0.0011999999405816197, False, 25.078285, 0.7008296, 0.0, -3.1981933, 35.553417, 0.48999998, 35.208298
3226, 2193660, -0.0011999999405816197, False, 24.958282, 0.59109825, 0.0, -5.3850174, 35.561394, 0.48999998, 34.925587
3226, 2193661, -0.0011999999405816197, False, 24.83828, 1.1789602, 0.0, -7.2801046, 35.548584, 0.48999998, 34.52156
3226, 2193662, -0.0011999999405816197, False, 24.718277, 1.0276742, 0.0, -9.087026, 35.50572, 0.48999998, 34.009407
3226, 2193663, -0.0011999999405816197, False, 24.598274, 0.24777943, 0.0, -5.159538, 35.47799, 0.48999998, 33.622547
3226, 2193664, -0.0011999999405816197, False, 24.478271, -0.058507975, 0.0, -1.5427656, 35.47128, 0.48999998, 33.459164
3226, 2193665, -0.0011999999405816197, False, 24.358269, 0.018977322, 0.0, 1.2982707, 35.46682, 0.48999998, 33.485893
3226, 2193666, -0.0011999999405816197, False, 24.238266, 0.30181116, 0.0, 3.644129, 35.447124, 0.48999998, 33.65804
3226, 2193667, -0.0011999999405816197, False, 24.118263, -0.25297856, 0.0, 5.789369, 35.402073, 0.48999998, 33.960506
3226, 2193668, -0.0011999999405816197, False, 23.99826, 0.11008966, 0.0, 2.1115649, 35.370552, 0.48999998, 34.15689
3226, 2193669, -0.0011999999405816197, False, 23.878258, -2.9802322e-08, 0.0, -0.85404694, 35.371983, 0.48999998, 34.159405
3226, 2193670, -0.0011999999405816197, False, 23.758255, -0.24508727, 0.0, -3.2449682, 35.405308, 0.48999998, 34.0149
3226, 2193671, -0.0011999999405816197, False, 23.638252, -0.2067213, 0.0, -5.424718, 35.480244, 0.48999998, 33.741856
3226, 2193672, -0.0011999999405816197, False, 23.51825, -0.16521212, 0.0, -1.7781458, 35.52496, 0.48999998, 33.56919
3226, 2193673, -0.0011999999405816197, False, 23.398247, -0.08008751, 0.0, 1.086919, 35.51487, 0.48999998, 33.580326
3226, 2193674, -0.0011999999405816197, False, 23.278244, -0.33019507, 0.0, 3.4484453, 35.463543, 0.48999998, 33.733337
3226, 2193675, -0.0011999999405816197, False, 23.158241, -0.76685673, 0.0, 5.5567646, 35.38761, 0.48999998, 34.01799
3226, 2193676, -0.0011999999405816197, False, 23.038239, -1.3468316, 0.0, 7.419711, 35.30559, 0.48999998, 34.42448
3226, 2193677, -0.0011999999405816197, False, 22.918236, -0.837037, 0.0, 4.6112485, 35.246105, 0.48999998, 34.752174
3226, 2193678, -0.0011999999405816197, False, 22.798233, -0.7175341, 0.0, 6.6662927, 35.20081, 0.48999998, 35.111958
3226, 2193679, -0.0011999999405816197, False, 22.67823, 0.0005751186, 0.0, -0.0003532397, 35.206364, 0.48999998, 35.107735
3226, 2193680, -0.0011999999405816197, False, 22.558228, -0.1653422, 0.0, -2.4747956, 35.2089, 0.48999998, 35.007465
3226, 2193681, -0.0011999999405816197, False, 22.438225, -0.077903025, 0.0, 0.66014856, 35.204334, 0.48999998, 34.989784
3226, 2193682, -0.0011999999405816197, False, 22.318222, -0.039873794, 0.0, -1.8850639, 35.2083, 0.48999998, 34.92649
3226, 2193683, -0.0011999999405816197, False, 22.19822, -0.37424985, 0.0, -4.1716814, 35.230354, 0.48999998, 34.721405
3226, 2193684, -0.0011999999405816197, False, 22.078217, -0.8749275, 0.0, -6.205024, 35.2828, 0.48999998, 34.390182
3226, 2193685, -0.0011999999405816197, False, 21.958214, -0.931597, 0.0, -3.7292259, 35.330368, 0.48999998, 34.119694
3226, 2193686, -0.0011999999405816197, False, 21.838211, -0.27131402, 0.0, -5.926291, 35.408382, 0.48999998, 33.814877
3226, 2193687, -0.0011999999405816197, False, 21.718208, -0.22126707, 0.0, -2.233266, 35.45846, 0.48999998, 33.61429
3226, 2193688, -0.0011999999405816197, False, 21.598206, -0.071951106, 0.0, 0.82226044, 35.455795, 0.48999998, 33.607452
3226, 2193689, -0.0011999999405816197, False, 21.478203, -0.2981609, 0.0, 3.21044, 35.42428, 0.48999998, 33.750523
3226, 2193690, -0.0011999999405816197, False, 21.3582, -0.7165892, 0.0, 5.3449173, 35.381664, 0.48999998, 34.02842
3226, 2193691, -0.0011999999405816197, False, 21.238197, -0.6177863, 0.0, 7.3306675, 35.342728, 0.48999998, 34.42941
3226, 2193692, -0.0011999999405816197, False, 21.118195, -0.054702222, 0.0, 3.5361106, 35.312073, 0.48999998, 34.714752
3226, 2193693, -0.0011999999405816197, False, 20.998192, 0.028953854, 0.0, 0.06938477, 35.303703, 0.48999998, 34.786224
3226, 2193694, -0.0011999999405816197, False, 20.87819, -0.13897932, 0.0, -2.4141002, 35.327496, 0.48999998, 34.692776
3226, 2193695, -0.0011999999405816197, False, 20.758186, -0.5063658, 0.0, -4.6403904, 35.39591, 0.48999998, 34.46683
3226, 2193696, -0.0011999999405816197, False, 20.638184, -1.0333252, 0.0, -6.6161866, 35.520214, 0.48999998, 34.126717
3226, 2193697, -0.0011999999405816197, False, 20.51818, -0.104273796, 0.0, -8.539499, 35.70527, 0.48999998, 33.68801
3226, 2193698, -0.0011999999405816197, False, 20.398178, 0.4894352, 0.0, -4.579434, 35.846165, 0.48999998, 33.364056
3226, 2193699, -0.0011999999405816197, False, 20.278175, 0.36956975, 0.0, -1.0204577, 35.91034, 0.48999998, 33.247433
3226, 2193700, -0.0011999999405816197, False, 20.158173, 0.18930027, 0.0, 1.6720594, 35.90708, 0.48999998, 33.299007
3226, 2193701, -0.0011999999405816197, False, 20.03817, 0.15420794, 0.0, 3.9981425, 35.856396, 0.48999998, 33.486923
3226, 2193702, -0.0011999999405816197, False, 19.918167, 0.13132262, 0.0, 6.107613, 35.76381, 0.48999998, 33.798756
3226, 2193703, -0.0011999999405816197, False, 19.798164, -0.6271918, 0.0, 7.996269, 35.635994, 0.48999998, 34.223812
3226, 2193704, -0.0011999999405816197, False, 19.678162, 0.13231182, 0.0, 5.002157, 35.535244, 0.48999998, 34.56426
3226, 2193705, -0.0011999999405816197, False, 19.558159, -0.13437119, 0.0, 1.3906752, 35.491722, 0.48999998, 34.712376
3226, 2193706, -0.0011999999405816197, False, 19.438156, -0.06779939, 0.0, -1.4283915, 35.494377, 0.48999998, 34.67713
3226, 2193707, -0.0011999999405816197, False, 19.318153, -0.05473733, 0.0, -3.7767074, 35.528503, 0.48999998, 34.499695
3226, 2193708, -0.0011999999405816197, False, 19.19815, -0.046493888, 0.0, -5.9066644, 35.590645, 0.48999998, 34.19319
3226, 2193709, -0.0011999999405816197, False, 19.078148, -0.761307, 0.0, -7.7988243, 35.680653, 0.48999998, 33.770218
3226, 2193710, -0.0011999999405816197, False, 18.958145, -0.64571184, 0.0, -3.9338639, 35.737846, 0.48999998, 33.461124
3226, 2193711, -0.0011999999405816197, False, 18.838142, -0.44755653, 0.0, -0.465484, 35.73698, 0.48999998, 33.36075
3226, 2193712, -0.0011999999405816197, False, 18.71814, -0.2945524, 0.0, 2.0881796, 35.694992, 0.48999998, 33.42685
3226, 2193713, -0.0011999999405816197, False, 18.598137, -0.6024911, 0.0, 4.3336773, 35.615437, 0.48999998, 33.629936
3226, 2193714, -0.0011999999405816197, False, 18.478134, -1.0849159, 0.0, 6.3315387, 35.51464, 0.48999998, 33.96024
3226, 2193715, -0.0011999999405816197, False, 18.358131, -0.89856505, 0.0, 2.6115873, 35.433125, 0.48999998, 34.18234
3226, 2193716, -0.0011999999405816197, False, 18.238129, -0.58171517, 0.0, -0.51525164, 35.388863, 0.48999998, 34.204533
3226, 2193717, -0.0011999999405816197, False, 18.118126, -0.66032016, 0.0, -2.902508, 35.376087, 0.48999998, 34.0727
3226, 2193718, -0.0011999999405816197, False, 17.998123, -0.11344841, 0.0, -5.1543636, 35.393925, 0.48999998, 33.806957
3226, 2193719, -0.0011999999405816197, False, 17.87812, -0.08931171, 0.0, -1.5324178, 35.40507, 0.48999998, 33.64442
3226, 2193720, -0.0011999999405816197, False, 17.758118, -0.046842217, 0.0, 1.3039197, 35.39889, 0.48999998, 33.671234
3226, 2193721, -0.0011999999405816197, False, 17.638115, -0.03762415, 0.0, 3.6637719, 35.378338, 0.48999998, 33.843685
3226, 2193722, -0.0011999999405816197, False, 17.518112, -0.031913638, 0.0, 5.8042192, 35.344303, 0.48999998, 34.14817
3226, 2193723, -0.0011999999405816197, False, 17.39811, -0.73905474, 0.0, 7.7077293, 35.30059, 0.48999998, 34.57261
3226, 2193724, -0.0011999999405816197, False, 17.278107, -0.4600791, 0.0, 4.798244, 35.267918, 0.48999998, 34.91336
3226, 2193725, -0.0011999999405816197, False, 17.158104, -0.2756116, 0.0, 2.8744006, 35.24803, 0.48999998, 35.120777
3226, 2193726, -0.0011999999405816197, False, 17.038101, 0.46282893, 0.0, 0.43009534, 35.26714, 0.48999998, 35.16235
3226, 2193727, -0.0011999999405816197, False, 16.918098, 0.30860567, 0.0, -2.1194673, 35.29557, 0.48999998, 35.087135
3226, 2193728, -0.0011999999405816197, False, 16.798096, 0.12547274, 0.0, 0.8690573, 35.306507, 0.48999998, 35.086468
3226, 2193729, -0.0011999999405816197, False, 16.678093, 0.0985692, 0.0, 3.2696855, 35.29723, 0.48999998, 35.235527
3226, 2193730, -0.0011999999405816197, False, 16.55809, 0.39393497, 1.4901161e-08, 0.47612023, 35.33496, 0.48999998, 35.25655
3226, 2193731, -0.0011999999405816197, False, 16.438087, 0.25541762, 0.0, -2.0740542, 35.359634, 0.48999998, 35.18374
3226, 2193732, -0.0011999999405816197, False, 16.318085, 0.08439328, 0.0, 0.9044732, 35.370316, 0.48999998, 35.18486
3226, 2193733, -0.0011999999405816197, False, 16.198082, 0.09110175, 0.0, -1.6843561, 35.368244, 0.48999998, 35.13382
3226, 2193734, -0.0011999999405816197, False, 16.07808, 0.39670846, 0.0, -3.9863195, 35.350018, 0.48999998, 34.93968
3226, 2193735, -0.0011999999405816197, False, 15.958078, 0.33783364, 0.0, -6.0975227, 35.30344, 0.48999998, 34.617783
3226, 2193736, -0.0011999999405816197, False, 15.8380785, 1.030395, 0.0, -7.9448366, 35.226734, 0.48999998, 34.180996
3226, 2193737, -0.0011999999405816197, False, 15.718079, 0.3491735, 0.0, -4.129953, 35.17838, 0.48999998, 33.860252
3226, 2193738, -0.0011999999405816197, False, 15.598079, 0.09459568, 0.0, -0.624757, 35.17111, 0.48999998, 33.75402
3226, 2193739, -0.0011999999405816197, False, 15.478079, 0.15972073, 0.0, 1.9084724, 35.178898, 0.48999998, 33.818874
3226, 2193740, -0.0011999999405816197, False, 15.358079, 0.13105689, 0.0, 4.212391, 35.187267, 0.48999998, 34.02654
3226, 2193741, -0.0011999999405816197, False, 15.238079, 0.11186205, 0.0, 6.3019066, 35.194336, 0.48999998, 34.36377
3226, 2193742, -0.0011999999405816197, False, 15.118079, 0.855163, 0.0, 8.149446, 35.197807, 0.48999998, 34.818443
3226, 2193743, -0.0011999999405816197, False, 14.998079, 1.2658728, 0.0, 4.146091, 35.2118, 0.48999998, 35.153194
3226, 2193744, -0.0011999999405816197, False, 14.878079, 0.83200085, 0.0, -1.2740166, 35.281433, 0.48999998, 35.12013
3226, 2193745, -0.0011999999405816197, False, 14.75808, 0.38175344, 0.0, -3.7063537, 35.37811, 0.48999998, 34.97017
3226, 2193746, -0.0011999999405816197, False, 14.63808, -0.19118357, 0.0, -5.852921, 35.52481, 0.48999998, 34.697533
3226, 2193747, -0.0011999999405816197, False, 14.51808, -0.88066816, 0.0, -7.7373247, 35.732788, 0.48999998, 34.32175
3226, 2193748, -0.0011999999405816197, False, 14.39808, -1.6594381, 0.0, -9.375284, 36.0106, 0.48999998, 33.86173
3226, 2193749, -0.0011999999405816197, False, 14.27808, -0.39952135, 0.0, -11.088014, 36.360756, 0.48999998, 33.332386
3226, 2193750, -0.0011999999405816197, False, 14.15808, -1.1663842, 0.0, -6.8330526, 36.63281, 0.48999998, 32.91621
3226, 2193751, -0.0011999999405816197, False, 14.03808, -1.3876948, 0.0, -2.94052, 36.756824, 0.48999998, 32.681133
3226, 2193752, -0.0011999999405816197, False, 13.91808, -0.9155289, 0.0, 0.16158243, 36.746113, 0.48999998, 32.602596
3226, 2193753, -0.0011999999405816197, False, 13.79808, -0.87401885, 0.0, 2.58047, 36.640106, 0.48999998, 32.656662
3226, 2193754, -0.0011999999405816197, False, 13.678081, -1.1336781, 0.0, 4.7318654, 36.460266, 0.48999998, 32.829647
3226, 2193755, -0.0011999999405816197, False, 13.558081, -1.5784779, 0.0, 6.6458797, 36.226067, 0.48999998, 33.117714
3226, 2193756, -0.0011999999405816197, False, 13.438081, -2.156499, 0.0, 8.3315525, 35.956764, 0.48999998, 33.516945
3226, 2193757, -0.0011999999405816197, False, 13.318081, -2.8295488, 0.0, 9.799799, 35.67075, 0.48999998, 34.022423
3226, 2193758, -0.0011999999405816197, False, 13.198081, -2.451429, 0.0, 5.7665963, 35.431118, 0.48999998, 34.40582
3226, 2193759, -0.0011999999405816197, False, 13.078081, -2.035533, 0.0, 2.1487505, 35.26173, 0.48999998, 34.573605
3226, 2193760, -0.0011999999405816197, False, 12.958081, -1.5436033, 0.0, -0.86322093, 35.16071, 0.48999998, 34.557114
3226, 2193761, -0.0011999999405816197, False, 12.838081, -1.4833927, 0.0, -3.166257, 35.11665, 0.48999998, 34.393444
3226, 2193762, -0.0011999999405816197, False, 12.718081, -1.7102528, 0.0, -5.2125416, 35.129753, 0.48999998, 34.104427
3226, 2193763, -0.0011999999405816197, False, 12.598082, -0.8102337, 0.0, -7.3404856, 35.20262, 0.48999998, 33.705784
3226, 2193764, -0.0011999999405816197, False, 12.478082, -0.21515828, 0.0, -3.56352, 35.25197, 0.48999998, 33.42115
3226, 2193765, -0.0011999999405816197, False, 12.358082, -0.024458881, 0.0, -0.10281579, 35.259857, 0.48999998, 33.347595
3226, 2193766, -0.0011999999405816197, False, 12.238082, -0.017163187, 0.0, 2.387819, 35.248856, 0.48999998, 33.441498
3226, 2193767, -0.0011999999405816197, False, 12.118082, -0.40320897, 0.0, 4.6271663, 35.226017, 0.48999998, 33.67493
3226, 2193768, -0.0011999999405816197, False, 11.998082, -0.34556285, 0.0, 6.6786737, 35.204197, 0.48999998, 34.035515
3226, 2193769, -0.0011999999405816197, False, 11.878082, -0.30027002, 0.0, 8.53911, 35.185318, 0.48999998, 34.51146
3226, 2193770, -0.0011999999405816197, False, 11.758082, -0.18801524, 0.0, 5.3467965, 35.171993, 0.48999998, 34.890263
3226, 2193771, -0.0011999999405816197, False, 11.6380825, 0.12219352, 0.0, 1.7064378, 35.16467, 0.48999998, 35.063972
3226, 2193772, -0.0011999999405816197, False, 11.518083, 0.020994931, 0.0, -1.1817933, 35.173286, 0.48999998, 35.04559
3226, 2193773, -0.0011999999405816197, False, 11.398083, -0.25906903, 0.0, -3.5424373, 35.211517, 0.48999998, 34.883274
3226, 2193774, -0.0011999999405816197, False, 11.278083, -0.71613073, 0.0, -5.647596, 35.29333, 0.48999998, 34.59495
3226, 2193775, -0.0011999999405816197, False, 11.158083, -1.3121915, 0.0, -7.505953, 35.43013, 0.48999998, 34.19837
3226, 2193776, -0.0011999999405816197, False, 11.038083, -0.26576757, 0.0, -9.368733, 35.626846, 0.48999998, 33.708576
3226, 2193777, -0.0011999999405816197, False, 10.918083, -0.22880578, 0.0, -5.3549404, 35.776245, 0.48999998, 33.33742
3226, 2193778, -0.0011999999405816197, False, 10.798083, -0.18224704, 0.0, -1.715092, 35.836132, 0.48999998, 33.173496
3226, 2193779, -0.0011999999405816197, False, 10.678083, -0.1276677, 0.0, 1.1293868, 35.824894, 0.48999998, 33.18708
3226, 2193780, -0.0011999999405816197, False, 10.558084, -0.37203062, 0.0, 3.4829226, 35.770504, 0.48999998, 33.341618
3226, 2193781, -0.0011999999405816197, False, 10.438084, -0.31487846, 0.0, 5.640965, 35.6894, 0.48999998, 33.62723
3226, 2193782, -0.0011999999405816197, False, 10.318084, -0.9666648, 0.0, 7.53513, 35.58841, 0.48999998, 34.032608
3226, 2193783, -0.0011999999405816197, False, 10.198084, -0.8174268, 0.0, 3.6970706, 35.505535, 0.48999998, 34.322422
3226, 2193784, -0.0011999999405816197, False, 10.078084, -0.5594677, 0.0, 0.28845122, 35.45709, 0.48999998, 34.400627
3226, 2193785, -0.0011999999405816197, False, 9.958084, -0.39077663, 0.0, -2.2484088, 35.440475, 0.48999998, 34.31268
3226, 2193786, -0.0011999999405816197, False, 9.838084, -0.69786364, 0.0, -4.4703097, 35.44625, 0.48999998, 34.08527
3226, 2193787, -0.0011999999405816197, False, 9.718084, -1.1797667, 0.0, -6.446592, 35.485046, 0.48999998, 33.73391
3226, 2193788, -0.0011999999405816197, False, 9.598084, -0.5952118, 0.0, -2.7962394, 35.500484, 0.48999998, 33.490826
3226, 2193789, -0.0011999999405816197, False, 9.478085, -0.35635123, 0.0, 0.37797087, 35.481552, 0.48999998, 33.450478
3226, 2193790, -0.0011999999405816197, False, 9.358085, -0.46972537, 0.0, 2.7916195, 35.44157, 0.48999998, 33.566456
3226, 2193791, -0.0011999999405816197, False, 9.238085, -0.39340234, 0.0, 5.0148063, 35.389805, 0.48999998, 33.819828
3226, 2193792, -0.0011999999405816197, False, 9.118085, -0.30755013, 0.0, 1.4096223, 35.353306, 0.48999998, 33.97192
3226, 2193793, -0.0011999999405816197, False, 8.998085, -0.22396249, 0.0, -1.3800976, 35.347507, 0.48999998, 33.938076
3226, 2193794, -0.0011999999405816197, False, 8.878085, 0.11488262, 0.0, -3.7394726, 35.37066, 0.48999998, 33.761112
3226, 2193795, -0.0011999999405816197, False, 8.758085, 0.064090066, 0.0, -0.25260583, 35.384655, 0.48999998, 33.67881
3226, 2193796, -0.0011999999405816197, False, 8.638085, -0.14166057, 0.0, -2.7076468, 35.40222, 0.48999998, 33.565556
3226, 2193797, -0.0011999999405816197, False, 8.5180855, -0.04809492, 0.0, 0.45181113, 35.404552, 0.48999998, 33.53547
3226, 2193798, -0.0011999999405816197, False, 8.398086, -0.036587507, 0.0, 2.890924, 35.38905, 0.48999998, 33.660263
3226, 2193799, -0.0011999999405816197, False, 8.278086, -0.018741522, 0.0, -0.29310572, 35.383293, 0.48999998, 33.69994
3226, 2193800, -0.0011999999405816197, False, 8.158086, -0.15117405, 0.0, 2.2086587, 35.37619, 0.48999998, 33.783424
3226, 2193801, -0.0011999999405816197, False, 8.038086, -0.029805891, 0.0, -0.8535268, 35.37472, 0.48999998, 33.78753
3226, 2193802, -0.0011999999405816197, False, 7.918086, -0.26829657, 0.0, -3.2420382, 35.39126, 0.48999998, 33.640198
3226, 2193803, -0.0011999999405816197, False, 7.798086, -0.019430127, 0.0, 0.011776077, 35.394814, 0.48999998, 33.580524
3226, 2193804, -0.0011999999405816197, False, 7.6780863, -0.013952941, 0.0, 2.491734, 35.38335, 0.48999998, 33.68086
3226, 2193805, -0.0011999999405816197, False, 7.5580864, -0.41036886, 0.0, 4.7211876, 35.36007, 0.48999998, 33.920124
3226, 2193806, -0.0011999999405816197, False, 7.4380865, -0.3135701, 0.0, 1.1451869, 35.339005, 0.48999998, 34.05874
3226, 2193807, -0.0011999999405816197, False, 7.3180866, -0.22917682, 0.0, -1.5775715, 35.330956, 0.48999998, 34.013424
3226, 2193808, -0.0011999999405816197, False, 7.1980867, -0.49798605, 0.0, -3.878812, 35.341427, 0.48999998, 33.82448
3226, 2193809, -0.0011999999405816197, False, 7.078087, -0.20307736, 0.0, -0.42351848, 35.339077, 0.48999998, 33.730225
3226, 2193810, -0.0011999999405816197, False, 6.958087, -0.12971136, 0.0, 2.1038156, 35.322495, 0.48999998, 33.80581
3226, 2193811, -0.0011999999405816197, False, 6.838087, -0.46872175, 0.0, 4.361359, 35.295433, 0.48999998, 34.022743
3226, 2193812, -0.0011999999405816197, False, 6.718087, -0.40073484, 0.0, 6.4378695, 35.270115, 0.48999998, 34.36839
3226, 2193813, -0.0011999999405816197, False, 6.5980873, -0.33168426, 0.0, 2.6978998, 35.24875, 0.48999998, 34.60343
3226, 2193814, -0.0011999999405816197, False, 6.4780874, -0.15231052, 0.0, -0.44111222, 35.236553, 0.48999998, 34.63324
3226, 2193815, -0.0011999999405816197, False, 6.3580875, -0.32182613, 0.0, -2.8609383, 35.24468, 0.48999998, 34.50831
3226, 2193816, -0.0011999999405816197, False, 6.2380877, -0.7019778, 0.0, -5.027866, 35.284767, 0.48999998, 34.249813
3226, 2193817, -0.0011999999405816197, False, 6.118088, -0.7916917, 0.0, -1.3598775, 35.295937, 0.48999998, 34.089214
3226, 2193818, -0.0011999999405816197, False, 5.998088, -0.34328628, 0.0, -3.7789242, 35.32819, 0.48999998, 33.90956
3226, 2193819, -0.0011999999405816197, False, 5.878088, -0.10042615, 0.0, -0.31193936, 35.341305, 0.48999998, 33.823574
3226, 2193820, -0.0011999999405816197, False, 5.758088, -0.20328332, 0.0, 2.187065, 35.322227, 0.48999998, 33.90414
3226, 2193821, -0.0011999999405816197, False, 5.638088, -0.16804552, 0.0, 4.4652033, 35.288227, 0.48999998, 34.125137
3226, 2193822, -0.0011999999405816197, False, 5.5180883, -0.7280382, 0.0, 6.4877276, 35.24507, 0.48999998, 34.47391
3226, 2193823, -0.0011999999405816197, False, 5.3980885, -0.447978, 0.0, 3.992042, 35.213104, 0.48999998, 34.758778
3226, 2193824, -0.0011999999405816197, False, 5.2780886, -0.38153434, 0.0, 6.1029167, 35.188976, 0.48999998, 35.083656
3226, 2193825, -0.0011999999405816197, False, 5.1580887, -9.3130625e-10, 1.4901161e-08, 7.450582e-09, 35.188263, 0.48999998, 35.092785
3226, 2193826, -0.0011999999405816197, False, 5.038089, -0.0003537059, 0.0, 0.0052070557, 35.188217, 0.48999998, 35.092873
3226, 2193827, -0.0011999999405816197, False, 4.918089, -0.00025320053, 0.0, -2.476304, 35.198658, 0.48999998, 34.993397
3226, 2193828, -0.0011999999405816197, False, 4.798089, -0.000113114715, 0.0, 0.66908836, 35.2004, 0.48999998, 34.97675
3226, 2193829, -0.0011999999405816197, False, 4.678089, -8.764863e-05, 0.0, 3.0879161, 35.185974, 0.48999998, 35.11394
3226, 2193830, -0.0011999999405816197, False, 4.5580893, 0.00050517917, 0.0, -1.680608, 35.20033, 0.48999998, 35.052147
3226, 2193831, -0.0011999999405816197, False, 4.4380894, -0.3221193, 0.0, -3.9907053, 35.223278, 0.48999998, 34.85872
3226, 2193832, -0.0011999999405816197, False, 4.3180895, -0.81304896, 0.0, -6.046352, 35.27638, 0.48999998, 34.53804
3226, 2193833, -0.0011999999405816197, False, 4.1980896, -1.4349678, 0.0, -7.8569593, 35.372814, 0.48999998, 34.10634
3226, 2193834, -0.0011999999405816197, False, 4.0780897, -1.4023298, 0.0, -4.7800303, 35.45623, 0.48999998, 33.762833
3226, 2193835, -0.0011999999405816197, False, 3.9580898, -0.5827606, 0.0, -6.919999, 35.572834, 0.48999998, 33.403603
3226, 2193836, -0.0011999999405816197, False, 3.83809, -0.061277628, 0.0, -3.1623466, 35.653316, 0.48999998, 33.152367
3226, 2193837, -0.0011999999405816197, False, 3.71809, -0.014705684, 0.0, 0.05104997, 35.668133, 0.48999998, 33.09909
3226, 2193838, -0.0011999999405816197, False, 3.5980902, -0.18100578, 0.0, 2.5193636, 35.637993, 0.48999998, 33.197723
3226, 2193839, -0.0011999999405816197, False, 3.4780903, -0.15074438, 0.0, 4.7664723, 35.578293, 0.48999998, 33.432465
3226, 2193840, -0.0011999999405816197, False, 3.3580904, -0.74213046, 0.0, 6.760992, 35.496292, 0.48999998, 33.791584
3226, 2193841, -0.0011999999405816197, False, 3.2380905, -0.20727408, 0.0, 3.0343955, 35.432854, 0.48999998, 34.039677
3226, 2193842, -0.0011999999405816197, False, 3.1180906, -0.6232749, 0.0, 5.193932, 35.36826, 0.48999998, 34.302914
3226, 2193843, -0.0011999999405816197, False, 2.9980907, -0.4940298, 0.0, 1.5764967, 35.318634, 0.48999998, 34.463898
3226, 2193844, -0.0011999999405816197, False, 2.8780909, -0.28644744, 0.0, -1.2644328, 35.301033, 0.48999998, 34.437634
3226, 2193845, -0.0011999999405816197, False, 2.758091, -0.2298297, 0.0, -3.6293893, 35.304287, 0.48999998, 34.26553
3226, 2193846, -0.0011999999405816197, False, 2.638091, -0.6999159, 0.0, -5.7285275, 35.32643, 0.48999998, 33.9618
3226, 2193847, -0.0011999999405816197, False, 2.5180912, -0.2557603, 0.0, -2.09987, 35.333397, 0.48999998, 33.76355
3226, 2193848, -0.0011999999405816197, False, 2.3980913, -0.08837848, 0.0, 0.87547207, 35.32529, 0.48999998, 33.76156
3226, 2193849, -0.0011999999405816197, False, 2.2780914, -0.0694485, 0.0, 3.275307, 35.305202, 0.48999998, 33.909836
3226, 2193850, -0.0011999999405816197, False, 2.1580915, -0.53095925, 0.0, 5.423157, 35.274364, 0.48999998, 34.192616
3226, 2193851, -0.0011999999405816197, False, 2.0380917, -0.4579516, 0.0, 7.4009013, 35.245502, 0.48999998, 34.597977
3226, 2193852, -0.0011999999405816197, False, 1.9180918, -0.28430155, 0.0, 4.5945635, 35.22529, 0.48999998, 34.924637
3226, 2193853, -0.0011999999405816197, False, 1.7980919, -0.21390109, 0.0, 1.0277649, 35.21079, 0.48999998, 35.05605
3226, 2193854, -0.0011999999405816197, False, 1.678092, -0.07271563, 0.0, -1.6699297, 35.20585, 0.48999998, 35.006042
3226, 2193855, -0.0011999999405816197, False, 1.5580921, -0.059222043, 0.0, -3.9957914, 35.20206, 0.48999998, 34.811806
3226, 2193856, -0.0011999999405816197, False, 1.4380922, -0.050430767, 0.0, -6.105383, 35.198875, 0.48999998, 34.48676
3226, 2193857, -0.0011999999405816197, False, 1.3180923, -0.7835431, 0.0, -7.9777255, 35.19876, 0.48999998, 34.043137
3226, 2193858, -0.0011999999405816197, False, 1.1980925, -1.1873876, 0.0, -3.9973538, 35.187664, 0.48999998, 33.718414
3226, 2193859, -0.0011999999405816197, False, 1.0780926, -0.8835061, 0.0, -0.55956584, 35.14969, 0.48999998, 33.60819
3226, 2193860, -0.0011999999405816197, False, 0.9580926, -0.7370896, 0.0, 1.9796175, 35.09691, 0.48999998, 33.671627
3226, 2193861, -0.0011999999405816197, False, 0.8380925, -0.9549479, 0.0, 4.2024245, 35.038807, 0.48999998, 33.878544
3226, 2193862, -0.0011999999405816197, False, 0.71809244, -1.3716707, 0.0, 6.1840167, 34.989883, 0.48999998, 34.21531
3226, 2193863, -0.0011999999405816197, False, 0.5980924, -0.77314174, 0.0, 2.5816402, 34.942894, 0.48999998, 34.442863
3226, 2193864, -0.0011999999405816197, False, 0.47809234, -0.4471559, 0.0, -0.48768485, 34.910122, 0.48999998, 34.467873
3226, 2193865, -0.0011999999405816197, False, 0.35809237, -0.41434917, 0.0, 2.0332234, 34.88553, 0.48999998, 34.54027
3226, 2193866, -0.0011999999405816197, False, 0.2380924, -0.21177363, 0.0, -0.89974844, 34.87192, 0.48999998, 34.53849
3226, 2193867, -0.0011999999405816197, False, 0.11809241, -0.41524538, 0.0, -3.269579, 34.879555, 0.48999998, 34.38756
3226, 2193868, -0.0011999999405816197, True, 0.0, -0.83067995, 0.0, -4.683479, 34.901768, 0.48999998, 34.21308
