episode, step, reward, cumulative reward, done, health, vx, vy, vz, px, py, pz
212, 1, 0.0, 0.0, False, 99.96, 0.0, -0.1899216, 0.0, 20.0, 0.50620157, 1.0
212, 2, -0.0011999999405816197, -0.0011999999405816197, False, 99.84, 0.0, -0.06980896, 1.5125134, 20.0, 0.49034908, 1.0471781
212, 3, -0.0011999999405816197, -0.0023999998811632395, False, 99.71999, -0.30294606, -0.0005579144, 3.8015518, 20.002573, 0.4900028, 1.2303432
212, 4, -0.0011999999405816197, -0.0035999998217448592, False, 99.59999, -0.77833986, -4.7683716e-06, 5.877157, 20.0218, 0.49000004, 1.5441041
212, 5, -0.0011999999405816197, -0.004799999762326479, False, 99.47999, -0.84786665, 0.0, 3.5196915, 20.041933, 0.49000004, 1.8024752
212, 6, -0.0011999999405816197, -0.005999999702908099, False, 99.359985, -1.2105963, 0.0, 5.578266, 20.093342, 0.49000004, 2.0994978
212, 7, -0.0011999999405816197, -0.0071999996434897184, False, 99.23998, -1.7306644, 0.0, 7.4013805, 20.204021, 0.49000004, 2.503569
212, 8, -0.0011999999405816197, -0.008399999584071338, False, 99.11998, -2.364846, 0.0, 8.99879, 20.382563, 0.49000004, 2.9971714
212, 9, -0.0011999999405816197, -0.009599999524652958, False, 98.99998, -3.0787916, 0.0, 10.382562, 20.636038, 0.49000004, 3.5628881
212, 10, -0.0011999999405816197, -0.010799999465234578, False, 98.879974, -3.8439045, 0.0, 11.566573, 20.96987, 0.49000004, 4.1835065
212, 11, -0.0011999999405816197, -0.011999999405816197, False, 98.75997, -3.2035074, 0.0, 7.067619, 21.239723, 0.49000004, 4.65821
212, 12, -0.0011999999405816197, -0.013199999346397817, False, 98.63997, -3.6131368, 0.0, 8.5765505, 21.541426, 0.49000004, 5.0911403
212, 13, -0.0011999999405816197, -0.014399999286979437, False, 98.519966, -4.1286826, 0.0, 9.897434, 21.948576, 0.49000004, 5.552651
212, 14, -0.0011999999405816197, -0.015599999227561057, False, 98.39996, -4.717406, 0.0, 11.040782, 22.457846, 0.49000004, 6.0257397
212, 15, -0.0011999999405816197, -0.016799999168142676, False, 98.27996, -5.35288, 0.0, 12.018216, 23.064806, 0.49000004, 6.49423
212, 16, -0.0011999999405816197, -0.017999999108724296, False, 98.15996, -6.013483, 0.0, 12.842279, 23.76388, 0.49000004, 6.9428997
212, 17, -0.0011999999405816197, -0.019199999049305916, False, 98.039955, -6.6815395, 0.0, 13.526093, 24.548357, 0.49000004, 7.3575935
212, 18, -0.0011999999405816197, -0.020399998989887536, False, 97.91995, -7.3427343, 0.0, 14.082996, 25.410454, 0.49000004, 7.725323
212, 19, -0.0011999999405816197, -0.021599998930469155, False, 97.79995, -4.9887276, 0.0, 15.890617, 26.341969, 0.49000004, 8.039645
212, 20, -0.0011999999405816197, -0.022799998871050775, False, 97.67995, -2.7438622, 0.0, 17.285376, 27.336441, 0.49000004, 8.319217
212, 21, -0.0011999999405816197, -0.023999998811632395, False, 97.559944, -2.4422536, 0.0, 18.162834, 28.387241, 0.49000004, 8.582897
212, 22, -0.0011999999405816197, -0.025199998752214015, False, 97.43994, -2.1754904, 0.0, 18.957825, 29.488827, 0.49000004, 8.835142
212, 23, -0.0011999999405816197, -0.026399998692795634, False, 97.31994, 0.029200315, 0.0, 19.78074, 30.636051, 0.49000004, 9.080007
212, 24, -0.0011999999405816197, -0.027599998633377254, False, 97.199936, 2.061432, 0.0, 20.315815, 31.822075, 0.49000004, 9.333159
212, 25, -0.0011999999405816197, -0.028799998573958874, False, 97.07993, -0.04749322, 0.0, 13.202635, 32.724487, 0.49000004, 9.528364
212, 26, -0.0011999999405816197, -0.029999998514540493, False, 96.95993, 1.3703403, 0.0, 14.388997, 33.547756, 0.49000004, 9.708751
212, 27, -0.0011999999405816197, -0.031199998455122113, False, 96.83993, -0.31592464, 0.0, 15.583055, 34.437077, 0.49000004, 9.915073
212, 28, -0.0011999999405816197, -0.03239999839570373, False, 96.719925, -1.2474556, 0.0, 9.928344, 35.1204, 0.49000004, 10.074857
212, 29, -0.0011999999405816197, -0.03359999833628535, False, 96.59992, -2.1932492, 0.0, 11.317915, 35.76859, 0.49000004, 10.209423
212, 30, -0.0011999999405816197, -0.03479999827686697, False, 96.47992, -2.1371062, 0.0, 7.0045023, 36.274963, 0.49000004, 10.3075485
212, 31, -0.0011999999405816197, -0.03599999821744859, False, 96.35992, -1.8035034, 0.0, 3.239856, 36.553425, 0.49000004, 10.394002
212, 32, -0.0011999999405816197, -0.03719999815803021, False, 96.239914, -1.362227, 0.0, -0.01506412, 36.623577, 0.49000004, 10.47836
212, 33, -0.0011999999405816197, -0.03839999809861183, False, 96.11991, -0.601048, 0.0, -0.006646633, 36.628242, 0.49000004, 10.528036
212, 34, -0.0011999999405816197, -0.03959999803919345, False, 95.99991, -0.6046657, 0.0, 2.442346, 36.73143, 0.49000004, 10.543581
212, 35, -0.0011999999405816197, -0.04079999797977507, False, 95.879906, -0.3277958, 0.0, 1.3240219, 36.83414, 0.49000004, 10.546998
212, 36, -0.0011999999405816197, -0.04199999792035669, False, 95.7599, -0.23882502, 0.0, -1.4457796, 36.799774, 0.49000004, 10.564293
212, 37, -0.0011999999405816197, -0.04319999786093831, False, 95.6399, -0.49249497, 0.0, -3.759312, 36.620193, 0.49000004, 10.593018
212, 38, -0.0011999999405816197, -0.04439999780151993, False, 95.5199, -0.28672087, 0.0, -2.188597, 36.46034, 0.49000004, 10.61396
212, 39, -0.0011999999405816197, -0.04559999774210155, False, 95.399895, -0.6060947, 0.0, -4.424801, 36.23697, 0.49000004, 10.62648
212, 40, -0.0011999999405816197, -0.04679999768268317, False, 95.27989, -0.26731393, 0.0, -0.91944504, 36.11244, 0.49000004, 10.641888
212, 41, -0.0011999999405816197, -0.04799999762326479, False, 95.15989, 0.041741967, 0.0, -3.328005, 35.960384, 0.49000004, 10.658028
212, 42, -0.0011999999405816197, -0.04919999756384641, False, 95.03989, 0.023842096, 0.0, -1.9008873, 35.820984, 0.49000004, 10.670915
212, 43, -0.0011999999405816197, -0.05039999750442803, False, 94.91988, 0.11199844, 0.0, -0.9507335, 35.74672, 0.49000004, 10.67778
212, 44, -0.0011999999405816197, -0.05159999744500965, False, 94.79988, 0.038991965, 0.0, -0.3309953, 35.71552, 0.49000004, 10.680664
212, 45, -0.0011999999405816197, -0.05279999738559127, False, 94.67988, 0.0, 0.0, 0.0, 35.711212, 0.49000004, 10.681064
212, 46, -0.0011999999405816197, -0.05399999732617289, False, 94.559875, 5.9604645e-08, 0.0, 2.4810271, 35.80662, 0.49000004, 10.6500635
212, 47, -0.0011999999405816197, -0.05519999726675451, False, 94.43987, 0.0057773143, 0.0, -0.666212, 35.822273, 0.49000004, 10.6429405
212, 48, -0.0011999999405816197, -0.05639999720733613, False, 94.31987, 0.0028868914, 0.0, 1.8767633, 35.88371, 0.49000004, 10.6296835
212, 49, -0.0011999999405816197, -0.05759999714791775, False, 94.19987, 0.34331113, 0.0, 4.1673727, 36.085518, 0.49000004, 10.589275
212, 50, -0.0011999999405816197, -0.05879999708849937, False, 94.079865, 0.84823954, 0.0, 6.2038116, 36.416668, 0.49000004, 10.538483
212, 51, -0.0011999999405816197, -0.05999999702908099, False, 93.95986, 0.1196776, 0.0, 3.8387396, 36.688557, 0.49000004, 10.5013075
212, 52, -0.0011999999405816197, -0.06119999696966261, False, 93.83986, 0.072820306, 0.0, 0.3416405, 36.77635, 0.49000004, 10.486375
212, 53, -0.0011999999405816197, -0.062399996910244226, False, 93.71986, -0.08706036, 0.0, -2.1721053, 36.695118, 0.49000004, 10.489254
212, 54, -0.0011999999405816197, -0.06359999685082585, False, 93.59985, -0.44027385, 0.0, -4.4265604, 36.472706, 0.49000004, 10.49125
212, 55, -0.0011999999405816197, -0.06479999679140747, False, 93.47985, -0.50639164, 0.0, -0.84036857, 36.34849, 0.49000004, 10.503074
212, 56, -0.0011999999405816197, -0.06599999673198909, False, 93.35985, -0.20451742, 0.0, 1.8315012, 36.400433, 0.49000004, 10.537417
212, 57, -0.0011999999405816197, -0.0671999966725707, False, 93.239845, -0.005959481, 0.0, 0.9188361, 36.465942, 0.49000004, 10.567095
212, 58, -0.0011999999405816197, -0.06839999661315233, False, 93.11984, -0.08564401, 0.0, -1.6783093, 36.42065, 0.49000004, 10.544304
212, 59, -0.0011999999405816197, -0.06959999655373394, False, 92.99984, -0.39170253, 0.0, -3.9813228, 36.25115, 0.49000004, 10.448615
212, 60, -0.0011999999405816197, -0.07079999649431556, False, 92.87984, -0.8710942, 0.0, -6.031907, 35.97801, 0.49000004, 10.273012
212, 61, -0.0011999999405816197, -0.07199999643489718, False, 92.759834, -0.016928673, 0.0, -7.9970016, 35.6178, 0.49000004, 10.01612
212, 62, -0.0011999999405816197, -0.0731999963754788, False, 92.63983, 0.9043994, 0.0, -9.69025, 35.170734, 0.49000004, 9.695723
212, 63, -0.0011999999405816197, -0.07439999631606042, False, 92.51983, 0.7807102, 0.0, -5.6487484, 34.833412, 0.49000004, 9.443997
212, 64, -0.0011999999405816197, -0.07559999625664204, False, 92.399826, 0.6324872, 0.0, -1.989886, 34.688667, 0.49000004, 9.312892
212, 65, -0.0011999999405816197, -0.07679999619722366, False, 92.27982, 0.3684998, 0.0, 0.9639261, 34.70568, 0.49000004, 9.29172
212, 66, -0.0011999999405816197, -0.07799999613780528, False, 92.15982, 0.034270167, 0.0, 3.3780484, 34.850258, 0.49000004, 9.350558
212, 67, -0.0011999999405816197, -0.0791999960783869, False, 92.03982, 0.5111749, 0.0, 5.518934, 35.115086, 0.49000004, 9.469312
212, 68, -0.0011999999405816197, -0.08039999601896852, False, 91.919815, -0.24596071, 0.0, 7.500275, 35.485954, 0.49000004, 9.6483
212, 69, -0.0011999999405816197, -0.08159999595955014, False, 91.79981, 0.6587467, 0.0, 9.2631855, 35.95634, 0.49000004, 9.875365
212, 70, -0.0011999999405816197, -0.08279999590013176, False, 91.67981, 0.57820845, 0.0, 10.883664, 36.51254, 0.49000004, 10.154633
212, 71, -0.0011999999405816197, -0.08399999584071338, False, 91.55981, -0.68566227, 0.0, 12.346361, 37.14675, 0.49000004, 10.480893
212, 72, -0.0011999999405816197, -0.085199995781295, False, 91.439804, 0.7282429, 0.0, 13.675959, 37.85619, 0.49000004, 10.841152
212, 73, -0.0011999999405816197, -0.08639999572187662, False, 91.3198, 0.64521265, 0.0, 14.886013, 38.62935, 0.49000004, 11.24097
212, 74, -0.0011999999405816197, -0.08759999566245824, False, 91.1998, 1.7468605, 0.0, 10.236009, 39.263546, 0.49000004, 11.562923
212, 75, -0.0011999999405816197, -0.08879999560303986, False, 91.079796, 0.0, 0.0, 0.0, 39.53165, 0.49, 11.770427
212, 76, -0.0011999999405816197, -0.08999999554362148, False, 90.95979, -0.0028874453, -0.00092697144, 0.0032068035, 39.50025, 0.48973036, 11.772269
212, 77, -0.0011999999405816197, -0.0911999954842031, False, 90.83979, 0.16331768, 0.0, -2.4712596, 39.431458, 0.48999786, 11.699815
212, 78, -0.0011999999405816197, -0.09239999542478472, False, 90.71979, -0.26179218, 0.0, -4.718475, 39.261185, 0.49, 11.531373
212, 79, -0.0011999999405816197, -0.09359999536536634, False, 90.599785, -0.8322761, 0.0, -6.7078824, 39.007946, 0.49, 11.267387
212, 80, -0.0011999999405816197, -0.09479999530594796, False, 90.47978, -0.078066826, 0.0, -4.169025, 38.80496, 0.49, 11.050264
212, 81, -0.0011999999405816197, -0.09599999524652958, False, 90.35978, -0.06660199, 0.0, -6.2625237, 38.57781, 0.49, 10.804286
212, 82, -0.0011999999405816197, -0.0971999951871112, False, 90.23978, -0.8123908, 0.0, -8.118013, 38.27431, 0.49, 10.468715
212, 83, -0.0011999999405816197, -0.09839999512769282, False, 90.119774, -1.637167, 0.0, -9.724558, 37.913067, 0.49, 10.042861
212, 84, -0.0011999999405816197, -0.09959999506827444, False, 89.99977, -2.5143554, 0.0, -11.099656, 37.513615, 0.49, 9.526047
212, 85, -0.0011999999405816197, -0.10079999500885606, False, 89.87977, -2.2183394, 0.0, -12.554787, 37.091976, 0.49, 8.92035
212, 86, -0.0011999999405816197, -0.10199999494943768, False, 89.759766, -1.4146857, 0.0, -8.006474, 36.77209, 0.49, 8.44647
212, 87, -0.0011999999405816197, -0.1031999948900193, False, 89.63976, -0.35590816, 0.0, -5.063931, 36.570637, 0.49, 8.148031
212, 88, -0.0011999999405816197, -0.10439999483060092, False, 89.51976, -0.5319054, 0.0, -3.0103424, 36.447487, 0.49, 7.965599
212, 89, -0.0011999999405816197, -0.10559999477118254, False, 89.39976, -0.89256287, 0.0, -5.145188, 36.314266, 0.49, 7.729759
212, 90, -0.0011999999405816197, -0.10679999471176416, False, 89.279755, -0.53896224, 0.0, -3.1068532, 36.20835, 0.49, 7.5292315
212, 91, -0.0011999999405816197, -0.10799999465234578, False, 89.15975, -0.38348806, 0.0, 0.19158371, 36.16673, 0.49, 7.488512
212, 92, -0.0011999999405816197, -0.1091999945929274, False, 89.03975, -0.28509265, 0.0, 2.6620452, 36.171745, 0.49, 7.601419
212, 93, -0.0011999999405816197, -0.11039999453350902, False, 88.91975, -0.12808068, 0.0, -0.47721362, 36.16768, 0.49, 7.6306176
212, 94, -0.0011999999405816197, -0.11159999447409064, False, 88.79974, 0.044003736, 0.0, 2.055861, 36.167725, 0.49, 7.704644
212, 95, -0.0011999999405816197, -0.11279999441467226, False, 88.67974, -0.029805839, 0.0, -0.8535267, 36.16968, 0.49, 7.7057548
212, 96, -0.0011999999405816197, -0.11399999435525388, False, 88.55974, -0.26829657, 0.0, -3.2420385, 36.18622, 0.49, 7.5584254
212, 97, -0.0011999999405816197, -0.1151999942958355, False, 88.439735, -0.019429976, 0.0, 0.011775946, 36.189774, 0.49, 7.4987493
212, 98, -0.0011999999405816197, -0.11639999423641711, False, 88.31973, -0.17844766, 0.0, -2.4623392, 36.20177, 0.49, 7.399875
212, 99, -0.0011999999405816197, -0.11759999417699873, False, 88.19973, -0.14843696, 0.0, -4.714749, 36.242184, 0.49, 7.1643147
212, 100, -0.0011999999405816197, -0.11879999411758035, False, 88.07973, -0.12730122, 0.0, -6.7575717, 36.31031, 0.49, 6.8051467
212, 101, -0.0011999999405816197, -0.11999999405816197, False, 87.959724, -0.91185606, 0.0, -8.559074, 36.40594, 0.49, 6.334442
212, 102, -0.0011999999405816197, -0.1211999939987436, False, 87.83972, -0.7986436, 0.0, -10.245675, 36.538067, 0.49, 5.765691
212, 103, -0.0011999999405816197, -0.12239999393932521, False, 87.71972, -1.8311434, 0.0, -11.6443405, 36.70777, 0.49, 5.1095114
212, 104, -0.0011999999405816197, -0.12359999387990683, False, 87.59972, -2.4637644, 0.0, -7.210101, 36.828316, 0.49, 4.58509
212, 105, -0.0011999999405816197, -0.12479999382048845, False, 87.47971, -2.533488, 0.0, -3.1887012, 36.850742, 0.49, 4.274998
212, 106, -0.0011999999405816197, -0.12599999376107007, False, 87.35971, -2.0877528, 0.0, 0.24868825, 36.777565, 0.49, 4.14814
212, 107, -0.0011999999405816197, -0.1271999937016517, False, 87.23971, -1.464627, 0.0, 2.971337, 36.616077, 0.49, 4.162832
212, 108, -0.0011999999405816197, -0.1283999936422333, False, 87.119705, -0.78229046, 0.0, 5.2987957, 36.362755, 0.49, 4.282047
212, 109, -0.0011999999405816197, -0.12959999358281493, False, 86.9997, -0.006532192, 0.0, 7.327264, 36.01396, 0.49, 4.479684
212, 110, -0.0011999999405816197, -0.13079999352339655, False, 86.8797, 0.8500571, 0.0, 9.085136, 35.56876, 0.49, 4.73326
212, 111, -0.0011999999405816197, -0.13199999346397817, False, 86.7597, 1.7638941, 0.0, 10.593205, 35.028297, 0.49, 5.0221705
212, 112, -0.0011999999405816197, -0.1331999934045598, False, 86.639694, 1.5540862, 0.0, 12.092682, 34.39621, 0.49, 5.329852
212, 113, -0.0011999999405816197, -0.1343999933451414, False, 86.51969, 1.3734007, 0.0, 13.451557, 33.680447, 0.49, 5.6527395
212, 114, -0.0011999999405816197, -0.13559999328572303, False, 86.39969, 2.2447464, 0.0, 8.877549, 33.10585, 0.49, 5.9217887
212, 115, -0.0011999999405816197, -0.13679999322630465, False, 86.279686, 0.95534134, 0.0, 10.695955, 32.545345, 0.49, 6.1698494
212, 116, -0.0011999999405816197, -0.13799999316688627, False, 86.15968, -0.33766508, 0.0, 12.2123785, 31.894957, 0.49, 6.4393682
212, 117, -0.0011999999405816197, -0.1391999931074679, False, 86.03968, -0.29842663, 0.0, 13.558228, 31.168257, 0.49, 6.742483
212, 118, -0.0011999999405816197, -0.1403999930480495, False, 85.91968, -0.2643485, 0.0, 14.77893, 30.373281, 0.49, 7.0783424
212, 119, -0.0011999999405816197, -0.14159999298863113, False, 85.799675, -1.7948003, 0.0, 15.782044, 29.517494, 0.49, 7.446231
212, 120, -0.0011999999405816197, -0.14279999292921275, False, 85.67967, 0.07070351, 0.0, 16.879871, 28.610813, 0.49, 7.851656
212, 121, -0.0011999999405816197, -0.14399999286979437, False, 85.55967, 1.4328628, 0.0, 12.0869875, 27.862247, 0.49, 8.192123
212, 122, -0.0011999999405816197, -0.145199992810376, False, 85.43967, 2.1615946, 0.0, 7.642823, 27.36155, 0.49, 8.440377
212, 123, -0.0011999999405816197, -0.1463999927509576, False, 85.319664, 2.3243647, 0.0, 3.5941043, 27.08933, 0.49, 8.6204405
212, 124, -0.0011999999405816197, -0.14759999269153923, False, 85.19966, 1.9521333, 0.0, 0.090764284, 27.021828, 0.49, 8.75118
212, 125, -0.0011999999405816197, -0.14879999263212085, False, 85.07966, 1.3629934, 0.0, -2.6651065, 27.122469, 0.49, 8.853242
212, 126, -0.0011999999405816197, -0.14999999257270247, False, 84.959656, 0.72003424, 0.0, -5.0128837, 27.364037, 0.49, 8.954245
212, 127, -0.0011999999405816197, -0.1511999925132841, False, 84.83965, -0.021136522, 0.0, -7.0634403, 27.729279, 0.49, 9.074491
212, 128, -0.0011999999405816197, -0.1523999924538657, False, 84.71965, -0.8490467, 0.0, -8.844624, 28.201975, 0.49, 9.229637
212, 129, -0.0011999999405816197, -0.15359999239444733, False, 84.59965, -1.7396824, 0.0, -10.376429, 28.765926, 0.49, 9.432531
212, 130, -0.0011999999405816197, -0.15479999233502895, False, 84.479645, -2.6682842, 0.0, -11.678059, 29.404894, 0.49, 9.693733
212, 131, -0.0011999999405816197, -0.15599999227561057, False, 84.35964, -1.4399583, 0.0, -7.6566086, 29.918465, 0.49, 9.888937
212, 132, -0.0011999999405816197, -0.15719999221619219, False, 84.23964, -2.1376376, 0.0, -9.253625, 30.416489, 0.49, 10.08837
212, 133, -0.0011999999405816197, -0.1583999921567738, False, 84.11964, -2.9055755, 0.0, -10.631623, 30.986425, 0.49, 10.360304
212, 134, -0.0011999999405816197, -0.15959999209735543, False, 83.99963, -2.561408, 0.0, -12.132757, 31.612879, 0.49, 10.708617
212, 135, -0.0011999999405816197, -0.16079999203793705, False, 83.87963, -3.1500394, 0.0, -7.5879345, 32.12189, 0.49, 10.973858
212, 136, -0.0011999999405816197, -0.16199999197851866, False, 83.75963, -1.9679898, 0.0, -4.7405677, 32.450535, 0.49, 11.130297
212, 137, -0.0011999999405816197, -0.16319999191910028, False, 83.639626, -2.2951078, 0.0, -6.5871496, 32.773773, 0.49, 11.333706
212, 138, -0.0011999999405816197, -0.1643999918596819, False, 83.51962, -1.5202878, 0.0, -3.0476782, 33.015266, 0.49, 11.460814
212, 139, -0.0011999999405816197, -0.16559999180026352, False, 83.39962, -0.82338476, 0.0, -5.373312, 33.2599, 0.49, 11.60702
212, 140, -0.0011999999405816197, -0.16679999174084514, False, 83.27962, -1.3771946, 0.0, -7.249546, 33.587223, 0.49, 11.845071
212, 141, -0.0011999999405816197, -0.16799999168142676, False, 83.159615, -2.0425508, 0.0, -8.892351, 33.9813, 0.49, 12.173989
212, 142, -0.0011999999405816197, -0.16919999162200838, False, 83.03961, -1.1330144, 0.0, -5.085617, 34.288723, 0.49, 12.412445
212, 143, -0.0011999999405816197, -0.17039999156259, False, 82.91961, -0.32592154, 0.0, -7.1688304, 34.59497, 0.49, 12.656737
212, 144, -0.0011999999405816197, -0.17159999150317162, False, 82.79961, -0.20189762, 0.0, -4.4408484, 34.839424, 0.49, 12.857514
212, 145, -0.0011999999405816197, -0.17279999144375324, False, 82.6796, -0.3287899, 0.0, -0.8627635, 34.93916, 0.49, 12.930346
212, 146, -0.0011999999405816197, -0.17399999138433486, False, 82.5596, -0.07971144, 0.0, -0.30039424, 34.965656, 0.49, 12.943928
212, 147, -0.0011999999405816197, -0.17519999132491648, False, 82.4396, 0.08553362, 0.0, 2.209951, 34.907673, 0.49, 12.883673
212, 148, -0.0011999999405816197, -0.1763999912654981, False, 82.319595, 0.0, 0.0, -0.8540472, 34.903824, 0.49, 12.881649
212, 149, -0.0011999999405816197, -0.17759999120607972, False, 82.19959, 0.027700648, 0.0, -0.2635532, 34.921623, 0.49, 12.901418
212, 150, -0.0011999999405816197, -0.17879999114666134, False, 82.07959, -0.1695764, 0.0, -2.7144678, 35.004547, 0.49, 12.981294
212, 151, -0.0011999999405816197, -0.17999999108724296, False, 81.95959, 0.06341976, 0.0, -1.4973303, 35.084606, 0.49, 13.059765
212, 152, -0.0011999999405816197, -0.18119999102782458, False, 81.839584, 0.051336765, 0.0, -3.8392262, 35.21954, 0.49, 13.185685
212, 153, -0.0011999999405816197, -0.1823999909684062, False, 81.71958, -0.07808034, 0.0, -0.3367247, 35.285404, 0.49, 13.245435
212, 154, -0.0011999999405816197, -0.18359999090898782, False, 81.59958, 0.08398926, 0.0, 2.1770263, 35.235313, 0.49, 13.181044
212, 155, -0.0011999999405816197, -0.18479999084956944, False, 81.479576, 0.43822038, 0.0, 4.431261, 35.10294, 0.49, 13.001963
212, 156, -0.0011999999405816197, -0.18599999079015106, False, 81.35957, 0.9547229, 0.0, 6.4335318, 34.909954, 0.49, 12.709817
212, 157, -0.0011999999405816197, -0.18719999073073268, False, 81.23957, 1.5955133, 0.0, 8.193623, 34.67677, 0.49, 12.307736
212, 158, -0.0011999999405816197, -0.1883999906713143, False, 81.11957, 2.3264928, 0.0, 9.723909, 34.42255, 0.49, 11.800222
212, 159, -0.0011999999405816197, -0.18959999061189592, False, 80.999565, 2.102189, 0.0, 5.9511266, 34.231, 0.49, 11.397818
212, 160, -0.0011999999405816197, -0.19079999055247754, False, 80.87956, 2.0718796, 0.0, 2.0996938, 34.095013, 0.49, 11.201695
212, 161, -0.0011999999405816197, -0.19199999049305916, False, 80.75956, 1.5711529, 0.0, -1.0714445, 33.98815, 0.49, 11.199287
212, 162, -0.0011999999405816197, -0.19319999043364078, False, 80.63956, 0.9965913, 0.0, -3.6155403, 33.887455, 0.49, 11.3520975
212, 163, -0.0011999999405816197, -0.1943999903742224, False, 80.519554, 0.3358699, 0.0, -5.83027, 33.76935, 0.49, 11.637621
212, 164, -0.0011999999405816197, -0.19559999031480402, False, 80.39955, -0.42525697, 0.0, -7.764861, 33.617138, 0.49, 12.038364
212, 165, -0.0011999999405816197, -0.19679999025538564, False, 80.27955, -1.2664602, 0.0, -9.440725, 33.417618, 0.49, 12.537313
212, 166, -0.0011999999405816197, -0.19799999019596726, False, 80.159546, -1.4146745, 0.0, -5.8295093, 33.256325, 0.49, 12.929426
212, 167, -0.0011999999405816197, -0.19919999013654888, False, 80.03954, -1.232485, 0.0, -3.4534788, 33.156513, 0.49, 13.172072
212, 168, -0.0011999999405816197, -0.2003999900771305, False, 79.91954, -0.990799, 0.0, -0.028315544, 33.156303, 0.49, 13.267536
212, 169, -0.0011999999405816197, -0.20159999001771212, False, 79.79954, -0.57182807, 0.0, 2.5754862, 33.26563, 0.49, 13.237695
212, 170, -0.0011999999405816197, -0.20279998995829374, False, 79.679535, -0.0675118, 0.0, 4.850874, 33.48339, 0.49, 13.120203
212, 171, -0.0011999999405816197, -0.20399998989887536, False, 79.55953, 0.56383276, 0.0, 6.8567038, 33.80962, 0.49, 12.939112
212, 172, -0.0011999999405816197, -0.20519998983945698, False, 79.43953, 1.2989428, 0.0, 8.609367, 34.24205, 0.49, 12.715729
212, 173, -0.0011999999405816197, -0.2063999897800386, False, 79.31953, 2.1090808, 0.0, 10.12444, 34.776752, 0.49, 12.469731
212, 174, -0.0011999999405816197, -0.20759998972062021, False, 79.199524, 0.7251754, 0.0, 11.806955, 35.40727, 0.49, 12.214152
212, 175, -0.0011999999405816197, -0.20879998966120183, False, 79.07952, 1.2434094, 0.0, 7.418646, 35.89995, 0.49, 12.01994
212, 176, -0.0011999999405816197, -0.20999998960178345, False, 78.95952, 1.5174656, 0.0, 3.4595087, 36.169693, 0.49, 11.891433
212, 177, -0.0011999999405816197, -0.21119998954236507, False, 78.839516, 1.0885872, 0.0, 1.909735, 36.30921, 0.49, 11.811909
212, 178, -0.0011999999405816197, -0.2123999894829467, False, 78.71951, 0.71350425, 0.0, -1.1162663, 36.30137, 0.49, 11.758911
212, 179, -0.0011999999405816197, -0.2135999894235283, False, 78.59951, 0.83798534, 0.0, -3.4307954, 36.142338, 0.49, 11.707905
212, 180, -0.0011999999405816197, -0.21479998936410993, False, 78.47951, 0.44530904, 0.0, -0.13314196, 36.073555, 0.49, 11.67014
212, 181, -0.0011999999405816197, -0.21599998930469155, False, 78.359505, 0.32942683, 0.0, -2.6121366, 35.968025, 0.49, 11.637453
212, 182, -0.0011999999405816197, -0.21719998924527317, False, 78.2395, 0.27491242, 0.0, -4.851234, 35.723938, 0.49, 11.594217
212, 183, -0.0011999999405816197, -0.2183999891858548, False, 78.1195, -0.38678467, 0.0, -6.875959, 35.354713, 0.49, 11.537791
212, 184, -0.0011999999405816197, -0.2195999891264364, False, 77.9995, 0.4784671, 0.0, -8.712975, 34.873436, 0.49, 11.459801
212, 185, -0.0011999999405816197, -0.22079998906701803, False, 77.87949, 1.0022421, 0.0, -4.684913, 34.51536, 0.49, 11.393411
212, 186, -0.0011999999405816197, -0.22199998900759965, False, 77.75949, 0.56142026, 0.0, -1.2013628, 34.37806, 0.49, 11.344186
212, 187, -0.0011999999405816197, -0.22319998894818127, False, 77.63949, 0.72559446, 0.0, -3.516437, 34.21365, 0.49, 11.300429
212, 188, -0.0011999999405816197, -0.2243999888887629, False, 77.519485, 0.62928593, 0.0, -1.9766952, 34.064774, 0.49, 11.269709
212, 189, -0.0011999999405816197, -0.2255999888293445, False, 77.39948, 0.430174, 0.0, -0.98187155, 33.983944, 0.49, 11.25303
212, 190, -0.0011999999405816197, -0.22679998876992613, False, 77.27948, 0.08153921, 0.0, -3.4004734, 33.826565, 0.49, 11.261432
212, 191, -0.0011999999405816197, -0.22799998871050775, False, 77.15948, -0.15723726, 0.0, -1.9430767, 33.68369, 0.49, 11.272992
212, 192, -0.0011999999405816197, -0.22919998865108937, False, 77.039474, -0.07979557, 0.0, -0.9860823, 33.607136, 0.49, 11.279186
212, 193, -0.0011999999405816197, -0.230399988591671, False, 76.91947, -0.06310826, 0.0, -3.3755853, 33.45135, 0.49, 11.283249
212, 194, -0.0011999999405816197, -0.2315999885322526, False, 76.79947, 0.0, 0.0, 0.0, 33.386948, 0.49, 11.284805
212, 195, -0.0011999999405816197, -0.23279998847283423, False, 76.67947, -0.16571942, 0.0, -2.4744318, 33.286987, 0.49, 11.292788
212, 196, -0.0011999999405816197, -0.23399998841341585, False, 76.55946, -0.13788296, 0.0, -4.7256765, 33.047497, 0.49, 11.30156
212, 197, -0.0011999999405816197, -0.23519998835399747, False, 76.43946, -0.37729162, 0.0, -2.8010828, 32.84346, 0.49, 11.307512
212, 198, -0.0011999999405816197, -0.2363999882945791, False, 76.31946, 0.1138184, 0.0, -5.035784, 32.584663, 0.49, 11.303111
212, 199, -0.0011999999405816197, -0.2375999882351607, False, 76.199455, 0.32890618, 0.0, -1.4018669, 32.428432, 0.49, 11.294728
212, 200, -0.0011999999405816197, -0.23879998817574233, False, 76.07945, -0.032549515, 0.0, -3.769009, 32.248184, 0.49, 11.293972
212, 201, -0.0011999999405816197, -0.23999998811632395, False, 75.95945, -0.01893434, 0.0, -2.192481, 32.087994, 0.49, 11.295354
212, 202, -0.0011999999405816197, -0.24119998805690557, False, 75.83945, -0.01565212, 0.0, -4.469697, 31.864368, 0.49, 11.29635
212, 203, -0.0011999999405816197, -0.2423999879974872, False, 75.719444, 0.17123452, 0.0, -0.9014573, 31.739996, 0.49, 11.294748
212, 204, -0.0011999999405816197, -0.2435999879380688, False, 75.59944, 0.1410587, 0.0, 1.7086555, 31.79246, 0.49, 11.288104
212, 205, -0.0011999999405816197, -0.24479998787865043, False, 75.47944, -0.21078923, 0.0, 4.028374, 31.98882, 0.49, 11.278168
212, 206, -0.0011999999405816197, -0.24599998781923205, False, 75.359436, 0.36520594, 0.0, 6.127686, 32.315308, 0.49, 11.257905
212, 207, -0.0011999999405816197, -0.24719998775981367, False, 75.23943, 0.3163896, 0.0, 8.039417, 32.76027, 0.49, 11.237999
212, 208, -0.0011999999405816197, -0.24839998770039529, False, 75.11943, 1.198184, 0.0, 9.698174, 33.312668, 0.49, 11.223289
212, 209, -0.0011999999405816197, -0.2495999876409769, False, 74.99943, -0.033011086, 0.0, 11.335227, 33.962063, 0.49, 11.222542
212, 210, -0.0011999999405816197, -0.2507999875815585, False, 74.879425, 1.2062798, 0.0, 12.703099, 34.699818, 0.49, 11.227022
212, 211, -0.0011999999405816197, -0.25199998752214015, False, 74.75942, -0.30366343, 0.0, 14.04671, 35.517338, 0.49, 11.2431965
212, 212, -0.0011999999405816197, -0.25319998746272177, False, 74.63942, 0.7463043, 0.0, 8.959552, 36.14854, 0.49, 11.256848
212, 213, -0.0011999999405816197, -0.2543999874033034, False, 74.51942, 1.0540754, 0.0, 5.545855, 36.54793, 0.49, 11.265487
212, 214, -0.0011999999405816197, -0.255599987343885, False, 74.399414, 0.9900496, 0.0, 3.2871666, 36.794044, 0.49, 11.27081
212, 215, -0.0011999999405816197, -0.2567999872844666, False, 74.27941, 0.7651628, 0.0, -0.088668674, 36.86842, 0.49, 11.241836
212, 216, -0.0011999999405816197, -0.25799998722504824, False, 74.15941, 0.392668, 0.0, -2.6436698, 36.787067, 0.49, 11.162035
212, 217, -0.0011999999405816197, -0.25919998716562986, False, 74.039406, -0.08713555, 0.0, -4.8952203, 36.583157, 0.49, 11.017227
212, 218, -0.0011999999405816197, -0.2603999871062115, False, 73.9194, -0.70009923, 0.0, -6.8827953, 36.27809, 0.49, 10.798171
212, 219, -0.0011999999405816197, -0.2615999870467931, False, 73.7994, 0.20808363, 0.0, -8.748403, 35.888515, 0.49, 10.502444
212, 220, -0.0011999999405816197, -0.2627999869873747, False, 73.6794, 1.171597, 0.0, -10.347504, 35.414528, 0.49, 10.147199
212, 221, -0.0011999999405816197, -0.26399998692795634, False, 73.559395, 1.7608707, 0.0, -6.0985146, 35.05378, 0.49, 9.861892
212, 222, -0.0011999999405816197, -0.26519998686853796, False, 73.43939, 1.1024175, 0.0, -2.54997, 34.892693, 0.49, 9.690213
212, 223, -0.0011999999405816197, -0.2663999868091196, False, 73.31939, 0.77763486, 0.0, 0.645272, 34.899292, 0.49, 9.630774
212, 224, -0.0011999999405816197, -0.2675999867497012, False, 73.19939, 0.607663, 0.0, 3.082868, 35.04083, 0.49, 9.650831
212, 225, -0.0011999999405816197, -0.2687999866902828, False, 73.079384, 0.5115317, 0.0, 5.279765, 35.304173, 0.49, 9.732555
212, 226, -0.0011999999405816197, -0.26999998663086444, False, 72.95938, 1.1004038, 0.0, 7.1921377, 35.67728, 0.49, 9.871144
212, 227, -0.0011999999405816197, -0.27119998657144606, False, 72.83938, 0.110366344, 0.0, 9.065403, 36.145927, 0.49, 10.069124
212, 228, -0.0011999999405816197, -0.2723999865120277, False, 72.719376, -0.92399216, 0.0, 10.662636, 36.70682, 0.49, 10.309318
212, 229, -0.0011999999405816197, -0.2735999864526093, False, 72.59937, -1.2876575, 0.0, 6.6537256, 37.146923, 0.49, 10.495707
212, 230, -0.0011999999405816197, -0.2747999863931909, False, 72.47937, -1.4691856, 0.0, 2.7718463, 37.37434, 0.49, 10.617184
212, 231, -0.0011999999405816197, -0.27599998633377254, False, 72.35937, -0.99045765, 0.0, 1.4725494, 37.48323, 0.49, 10.690428
212, 232, -0.0011999999405816197, -0.27719998627435416, False, 72.239365, -0.7060664, 0.0, -1.2831999, 37.454285, 0.49, 10.732952
212, 233, -0.0011999999405816197, -0.2783999862149358, False, 72.11936, -0.56873435, 0.0, -3.6534069, 37.27852, 0.49, 10.751161
212, 234, -0.0011999999405816197, -0.2795999861555174, False, 71.99936, -0.9883728, 0.0, -5.7214255, 36.971478, 0.49, 10.746978
212, 235, -0.0011999999405816197, -0.280799986096099, False, 71.87936, -1.1105471, 0.0, -1.9598677, 36.76909, 0.49, 10.7599745
212, 236, -0.0011999999405816197, -0.28199998603668064, False, 71.75935, -1.2613866, 0.0, -4.15927, 36.55107, 0.49, 10.747878
212, 237, -0.0011999999405816197, -0.28319998597726226, False, 71.63935, -1.6282868, 0.0, -6.120553, 36.218887, 0.49, 10.671643
212, 238, -0.0011999999405816197, -0.2843999859178439, False, 71.51935, -0.6619451, 0.0, -8.15039, 35.78797, 0.49, 10.528464
212, 239, -0.0011999999405816197, -0.2855999858584255, False, 71.399345, -0.56369066, 0.0, -4.2517114, 35.470673, 0.49, 10.426415
212, 240, -0.0011999999405816197, -0.2867999857990071, False, 71.27934, -0.409829, 0.0, -0.7329431, 35.356316, 0.49, 10.406518
212, 241, -0.0011999999405816197, -0.28799998573958874, False, 71.15934, -0.08392513, 0.0, -3.1742637, 35.217407, 0.49, 10.370075
212, 242, -0.0011999999405816197, -0.28919998568017036, False, 71.03934, -0.53347015, 0.0, -5.330747, 34.9517, 0.49, 10.285713
212, 243, -0.0011999999405816197, -0.290399985620752, False, 70.919334, -0.6584086, 0.0, -3.175202, 34.73048, 0.49, 10.212614
212, 244, -0.0011999999405816197, -0.2915999855613336, False, 70.79933, -0.31057745, 0.0, 0.061321244, 34.6685, 0.49, 10.209194
212, 245, -0.0011999999405816197, -0.2927999855019152, False, 70.67933, -3.830754e-09, 0.0, 2.6547053e-10, 34.667664, 0.49, 10.212881
212, 246, -0.0011999999405816197, -0.29399998544249684, False, 70.559326, 5.9604645e-08, 0.0, -2.4810266, 34.572254, 0.49, 10.18188
212, 247, -0.0011999999405816197, -0.29519998538307846, False, 70.43932, -2.9802322e-08, 0.0, 0.6648044, 34.55608, 0.49, 10.176624
212, 248, -0.0011999999405816197, -0.2963999853236601, False, 70.31932, -0.22742581, 0.0, 3.0742354, 34.687767, 0.49, 10.216735
212, 249, -0.0011999999405816197, -0.2975999852642417, False, 70.19932, -0.16282277, 0.0, -0.17613879, 34.73407, 0.49, 10.238705
212, 250, -0.0011999999405816197, -0.2987999852048233, False, 70.079315, -0.120154485, 0.0, -2.6421885, 34.623554, 0.49, 10.234964
212, 251, -0.0011999999405816197, -0.29999998514540493, False, 69.95931, -0.06583426, 0.0, -1.4476897, 34.51507, 0.49, 10.228525
212, 252, -0.0011999999405816197, -0.30119998508598655, False, 69.83931, -0.053190738, 0.0, -3.7942076, 34.33397, 0.49, 10.212917
212, 253, -0.0011999999405816197, -0.3023999850265682, False, 69.71931, 0.07143123, 0.0, -0.29649282, 34.248, 0.49, 10.204328
212, 254, -0.0011999999405816197, -0.3035999849671498, False, 69.599304, 0.18575475, 0.0, 2.2023978, 34.331604, 0.49, 10.203677
212, 255, -0.0011999999405816197, -0.3047999849077314, False, 69.4793, -0.21885747, 0.0, 4.47792, 34.5558, 0.49, 10.214792
212, 256, -0.0011999999405816197, -0.30599998484831303, False, 69.3593, 0.39998642, 0.0, 6.5340095, 34.907906, 0.49, 10.229244
212, 257, -0.0011999999405816197, -0.30719998478889465, False, 69.239296, -0.43529236, 0.0, 8.405701, 35.37565, 0.49, 10.2537985
212, 258, -0.0011999999405816197, -0.3083999847294763, False, 69.11929, 0.27885875, 0.0, 5.2584553, 35.748344, 0.49, 10.273102
212, 259, -0.0011999999405816197, -0.3095999846700579, False, 68.99929, 0.89890844, 0.0, 7.193356, 36.143482, 0.49, 10.302052
212, 260, -0.0011999999405816197, -0.3107999846106395, False, 68.87929, 1.0202689, 0.0, 4.376396, 36.462013, 0.49, 10.329233
212, 261, -0.0011999999405816197, -0.31199998455122113, False, 68.759285, 0.87523824, 0.0, 2.524261, 36.654716, 0.49, 10.345677
212, 262, -0.0011999999405816197, -0.31319998449180275, False, 68.63928, 0.5909626, 0.0, -0.6476195, 36.692455, 0.49, 10.315603
212, 263, -0.0011999999405816197, -0.31439998443238437, False, 68.51928, 0.23076689, 0.0, -3.1175704, 36.58977, 0.49, 10.219047
212, 264, -0.0011999999405816197, -0.315599984372966, False, 68.39928, -0.2646458, 0.0, -5.3077564, 36.375584, 0.49, 10.0449705
212, 265, -0.0011999999405816197, -0.3167999843135476, False, 68.279274, 0.43789816, 0.0, -7.2868876, 36.067863, 0.49, 9.7907715
212, 266, -0.0011999999405816197, -0.31799998425412923, False, 68.15927, -0.4724207, 0.0, -9.088448, 35.670837, 0.49, 9.469417
212, 267, -0.0011999999405816197, -0.31919998419471085, False, 68.03927, 0.6103201, 0.0, -10.716951, 35.19732, 0.49, 9.081574
212, 268, -0.0011999999405816197, -0.32039998413529247, False, 67.919266, 1.3126085, 0.0, -6.4798474, 34.833614, 0.49, 8.772774
212, 269, -0.0011999999405816197, -0.3215999840758741, False, 67.79926, 0.70308614, 0.0, -2.8404183, 34.66137, 0.49, 8.595288
212, 270, -0.0011999999405816197, -0.3227999840164557, False, 67.67926, 0.4344629, 0.0, 0.3446712, 34.649597, 0.49, 8.546801
212, 271, -0.0011999999405816197, -0.32399998395703733, False, 67.55926, 0.3288628, 0.0, 2.8012722, 34.759315, 0.49, 8.60012
212, 272, -0.0011999999405816197, -0.32519998389761895, False, 67.439255, 0.2754128, 0.0, 5.0227094, 34.97825, 0.49, 8.737557
212, 273, -0.0011999999405816197, -0.32639998383820057, False, 67.31925, 0.23681092, 0.0, 7.037081, 35.296726, 0.49, 8.950488
212, 274, -0.0011999999405816197, -0.3275999837787822, False, 67.19925, 0.2061286, 0.0, 8.86405, 35.705692, 0.49, 9.23161
212, 275, -0.0011999999405816197, -0.3287999837193638, False, 67.07925, 0.18069744, 0.0, 10.521127, 36.196823, 0.49, 9.57444
212, 276, -0.0011999999405816197, -0.32999998365994543, False, 66.95924, 0.15913057, 0.0, 12.024137, 36.762547, 0.49, 9.973154
212, 277, -0.0011999999405816197, -0.33119998360052705, False, 66.83924, -1.1606946, 0.0, 13.336233, 37.397472, 0.49, 10.420315
212, 278, -0.0011999999405816197, -0.33239998354110867, False, 66.71924, -1.6279969, 0.0, 8.395567, 37.889896, 0.49, 10.764787
212, 279, -0.0011999999405816197, -0.3335999834816903, False, 66.599236, -1.3924909, 0.0, 4.4830947, 38.169582, 0.49, 10.986021
212, 280, -0.0011999999405816197, -0.3347999834222719, False, 66.47923, -0.8318534, 0.0, 2.6781354, 38.321888, 0.49, 11.119618
212, 281, -0.0011999999405816197, -0.3359999833628535, False, 66.35923, -0.4843055, 0.0, -0.4097926, 38.334732, 0.49, 11.164699
212, 282, -0.0011999999405816197, -0.33719998330343515, False, 66.23923, -0.32589573, 0.0, 2.138605, 38.392338, 0.49, 11.222826
212, 283, -0.0011999999405816197, -0.33839998324401677, False, 66.119225, -0.26913917, 0.0, 4.4219356, 38.574844, 0.49, 11.348013
212, 284, -0.0011999999405816197, -0.3395999831845984, False, 65.99922, -0.8099055, 0.0, 6.439813, 38.871082, 0.49, 11.532815
212, 285, -0.0011999999405816197, -0.34079998312518, False, 65.87922, -0.08138728, 0.0, 3.9912038, 39.114864, 0.49, 11.680274
212, 286, -0.0011999999405816197, -0.3419999830657616, False, 65.75922, 0.075792745, 0.0, 0.4749185, 39.1984, 0.49, 11.730509
212, 287, -0.0011999999405816197, -0.34319998300634325, False, 65.63921, 0.00475385, 0.0, 0.017658427, 39.20687, 0.49, 11.734814
212, 288, -0.0011999999405816197, -0.34439998294692487, False, 65.51921, -0.16071463, 0.0, -2.4588668, 39.134937, 0.49, 11.6663685
212, 289, -0.0011999999405816197, -0.3455999828875065, False, 65.39921, -0.06745422, 0.0, 0.67140126, 39.12108, 0.49, 11.657132
212, 290, -0.0011999999405816197, -0.3467999828280881, False, 65.279205, -0.033786178, 0.0, -1.8743074, 39.072975, 0.49, 11.616863
212, 291, -0.0011999999405816197, -0.3479999827686697, False, 65.1592, -0.027692556, 0.0, -4.181111, 38.918903, 0.49, 11.480516
212, 292, -0.0011999999405816197, -0.34919998270925134, False, 65.0392, -0.5816891, 0.0, -6.243942, 38.670406, 0.49, 11.255254
212, 293, -0.0011999999405816197, -0.35039998264983296, False, 64.9192, -0.1180855, 0.0, -2.552524, 38.499264, 0.49, 11.107591
212, 294, -0.0011999999405816197, -0.3515999825904146, False, 64.799194, -0.044733286, 0.0, 0.59356916, 38.481697, 0.49, 11.095437
212, 295, -0.0011999999405816197, -0.3527999825309962, False, 64.67919, -0.13614911, 0.0, -1.9367958, 38.42804, 0.49, 11.055468
212, 296, -0.0011999999405816197, -0.3539999824715778, False, 64.55919, 0.23543966, 0.0, -4.2337866, 38.26608, 0.49, 10.922718
212, 297, -0.0011999999405816197, -0.35519998241215944, False, 64.439186, 0.0084628165, 0.0, -0.70631045, 38.18169, 0.49, 10.849776
212, 298, -0.0011999999405816197, -0.35639998235274106, False, 64.31918, -0.22475839, 0.0, -3.1123836, 38.079662, 0.49, 10.753905
212, 299, -0.0011999999405816197, -0.3575999822933227, False, 64.19918, -0.12702972, 0.0, -1.7590667, 37.985603, 0.49, 10.663487
212, 300, -0.0011999999405816197, -0.3587999822339043, False, 64.07918, -0.0942896, 0.0, 1.0926093, 37.993397, 0.49, 10.676035
212, 301, -0.0011999999405816197, -0.3599999821744859, False, 63.959175, 0.19283497, 0.0, 3.4683218, 38.10863, 0.49, 10.789731
212, 302, -0.0011999999405816197, -0.36119998211506754, False, 63.839172, -0.098178744, 0.0, 1.9947736, 38.21266, 0.49, 10.893102
212, 303, -0.0011999999405816197, -0.36239998205564916, False, 63.71917, -0.4323603, 0.0, 4.265681, 38.36882, 0.49, 11.037159
212, 304, -0.0011999999405816197, -0.3635999819962308, False, 63.599167, -0.9335003, 0.0, 6.2847652, 38.63186, 0.49, 11.253878
212, 305, -0.0011999999405816197, -0.3647999819368124, False, 63.479164, -0.04793477, 0.0, 8.2310295, 38.998085, 0.49, 11.527177
212, 306, -0.0011999999405816197, -0.365999981877394, False, 63.35916, 0.8995681, 0.0, 9.904207, 39.450596, 0.49, 11.862469
212, 307, -0.0011999999405816197, -0.36719998181797564, False, 63.23916, -0.43861902, -1.0430813e-07, 0.48714358, 39.504692, 0.48902535, 12.000916
212, 308, -0.0011999999405816197, -0.36839998175855726, False, 63.119156, -0.16081971, 0.0, -2.0959368, 39.43937, 0.4899922, 11.959927
212, 309, -0.0011999999405816197, -0.3695999816991389, False, 62.999153, 0.22969604, 0.0, -4.3796015, 39.26987, 0.48999995, 11.822174
212, 310, -0.0011999999405816197, -0.3707999816397205, False, 62.87915, -0.3816557, 0.0, -6.446298, 38.998318, 0.49, 11.606304
212, 311, -0.0011999999405816197, -0.3719999815803021, False, 62.759148, -1.1017933, 0.0, -8.255474, 38.64221, 0.49, 11.310148
212, 312, -0.0011999999405816197, -0.37319998152088374, False, 62.639145, -0.014993668, 0.0, -10.024679, 38.217484, 0.49, 10.932784
212, 313, -0.0011999999405816197, -0.37439998146146536, False, 62.519142, 0.65213966, 0.0, -6.295234, 37.88494, 0.49, 10.634258
212, 314, -0.0011999999405816197, -0.375599981402047, False, 62.39914, -0.1957004, 0.0, -8.213834, 37.539833, 0.49, 10.336281
212, 315, -0.0011999999405816197, -0.3767999813426286, False, 62.279137, 0.76941395, 0.0, -9.902281, 37.113083, 0.49, 9.970034
212, 316, -0.0011999999405816197, -0.3779999812832102, False, 62.159134, -0.4267316, 0.0, -11.478908, 36.607876, 0.49, 9.547309
212, 317, -0.0011999999405816197, -0.37919998122379184, False, 62.03913, 0.87433195, 0.0, -12.869228, 36.036068, 0.49, 9.06772
212, 318, -0.0011999999405816197, -0.38039998116437346, False, 61.91913, -0.22808743, 0.0, -8.556723, 35.57998, 0.49, 8.680128
212, 319, -0.0011999999405816197, -0.3815999811049551, False, 61.799126, 0.38580537, 0.0, -4.6061397, 35.3102, 0.49, 8.450358
212, 320, -0.0011999999405816197, -0.3827999810455367, False, 61.679123, 0.09171924, 0.0, -1.0568649, 35.213432, 0.49, 8.358705
212, 321, -0.0011999999405816197, -0.3839999809861183, False, 61.55912, -5.9604645e-08, 0.0, 1.6807644, 35.251114, 0.49, 8.3926115
212, 322, -0.0011999999405816197, -0.38519998092669994, False, 61.439117, 0.0, 0.0, 4.0055466, 35.395912, 0.49, 8.522989
212, 323, -0.0011999999405816197, -0.38639998086728156, False, 61.319115, 2.3841858e-07, 0.0, 6.114215, 35.637875, 0.49, 8.740856
212, 324, -0.0011999999405816197, -0.3875999808078632, False, 61.199112, 9.536743e-07, 0.0, 8.026858, 35.967968, 0.49, 9.038078
212, 325, -0.0011999999405816197, -0.3887999807484448, False, 61.07911, -0.92193794, 0.0, 9.715634, 36.379715, 0.49, 9.40527
212, 326, -0.0011999999405816197, -0.3899999806890264, False, 60.959106, -0.8103051, 0.0, 11.29451, 36.873127, 0.49, 9.826514
212, 327, -0.0011999999405816197, -0.39119998062960804, False, 60.839104, -1.2609363, 0.0, 7.0762978, 37.26046, 0.49, 10.152726
212, 328, -0.0011999999405816197, -0.39239998057018965, False, 60.7191, -1.2351673, 0.0, 4.2783284, 37.502823, 0.49, 10.356844
212, 329, -0.0011999999405816197, -0.3935999805107713, False, 60.5991, -1.1164569, 0.0, 0.6931631, 37.58159, 0.49, 10.463915
212, 330, -0.0011999999405816197, -0.3947999804513529, False, 60.479095, -1.109601, 0.0, 3.035946, 37.69862, 0.49, 10.55903
212, 331, -0.0011999999405816197, -0.3959999803919345, False, 60.359093, -0.8077732, 0.0, 1.6505649, 37.81352, 0.49, 10.631039
212, 332, -0.0011999999405816197, -0.39719998033251613, False, 60.23909, -0.5444417, 0.0, -1.1593746, 37.789864, 0.49, 10.661855
212, 333, -0.0011999999405816197, -0.39839998027309775, False, 60.119087, -0.15902941, 0.0, -3.5721252, 37.621384, 0.49, 10.657277
212, 334, -0.0011999999405816197, -0.3995999802136794, False, 59.999084, -0.134738, 0.0, -5.721224, 37.32092, 0.49, 10.634275
212, 335, -0.0011999999405816197, -0.400799980154261, False, 59.87908, -0.082036406, 0.0, -3.483419, 37.072014, 0.49, 10.614025
212, 336, -0.0011999999405816197, -0.4019999800948426, False, 59.75908, -0.069422424, 0.0, -5.6406627, 36.77695, 0.49, 10.587433
212, 337, -0.0011999999405816197, -0.40319998003542423, False, 59.639076, -0.056000978, 0.0, -1.9732819, 36.587456, 0.49, 10.571189
212, 338, -0.0011999999405816197, -0.40439997997600585, False, 59.519073, 0.076701224, 0.0, -1.0026742, 36.50975, 0.49, 10.565244
212, 339, -0.0011999999405816197, -0.40559997991658747, False, 59.39907, 0.31936538, 0.0, -3.3727489, 36.353107, 0.49, 10.563894
212, 340, -0.0011999999405816197, -0.4067999798571691, False, 59.279068, -0.2135383, 0.0, -5.546145, 36.062668, 0.49, 10.574596
212, 341, -0.0011999999405816197, -0.4079999797977507, False, 59.159065, 0.22307399, 0.0, -3.3628943, 35.821022, 0.49, 10.583899
212, 342, -0.0011999999405816197, -0.40919997973833233, False, 59.039062, 0.15779687, 0.0, 0.0009562522, 35.755886, 0.49, 10.579244
212, 343, -0.0011999999405816197, -0.41039997967891395, False, 58.91906, 0.27860945, 0.0, 2.4648123, 35.85306, 0.49, 10.5535755
212, 344, -0.0011999999405816197, -0.41159997961949557, False, 58.799057, 0.2317934, 0.0, 4.717397, 36.089184, 0.49, 10.5139265
212, 345, -0.0011999999405816197, -0.4127999795600772, False, 58.679054, -0.032926828, 0.0, 1.1423401, 36.225765, 0.49, 10.490077
212, 346, -0.0011999999405816197, -0.4139999795006588, False, 58.55905, -0.087950855, 0.0, -1.6528178, 36.17733, 0.49, 10.498254
212, 347, -0.0011999999405816197, -0.41519997944124043, False, 58.43905, -0.04533294, 0.0, 1.1956826, 36.198154, 0.49, 10.499414
212, 348, -0.0011999999405816197, -0.41639997938182205, False, 58.319046, 0.06475052, 0.0, -1.6068192, 36.15267, 0.49, 10.507544
212, 349, -0.0011999999405816197, -0.41759997932240367, False, 58.199043, -0.2632779, 0.0, -3.9297101, 35.964977, 0.49, 10.541358
212, 350, -0.0011999999405816197, -0.4187999792629853, False, 58.07904, 0.31167102, 0.0, -6.0434785, 35.647213, 0.49, 10.591635
212, 351, -0.0011999999405816197, -0.4199999792035669, False, 57.959038, 0.25515896, 0.0, -2.339784, 35.43558, 0.49, 10.619724
212, 352, -0.0011999999405816197, -0.42119997914414853, False, 57.839035, 0.2116999, 0.0, -4.6039176, 35.20591, 0.49, 10.654758
212, 353, -0.0011999999405816197, -0.42239997908473015, False, 57.719032, -0.03846699, 0.0, -1.0381345, 35.07511, 0.49, 10.673997
212, 354, -0.0011999999405816197, -0.42359997902531177, False, 57.59903, 0.08564434, 0.0, 1.6783093, 35.125713, 0.49, 10.6711
212, 355, -0.0011999999405816197, -0.4247999789658934, False, 57.479027, -0.25293845, 0.0, 3.996054, 35.320362, 0.49, 10.664057
212, 356, -0.0011999999405816197, -0.425999978906475, False, 57.359024, 0.32652575, 0.0, 6.1023865, 35.645283, 0.49, 10.646237
212, 357, -0.0011999999405816197, -0.4271999788470566, False, 57.23902, 0.5892983, 0.0, 3.6944416, 35.912426, 0.49, 10.631945
212, 358, -0.0011999999405816197, -0.42839997878763825, False, 57.11902, 1.0098709, 0.0, 5.7566833, 36.22188, 0.49, 10.635259
212, 359, -0.0011999999405816197, -0.42959997872821987, False, 56.999016, 0.97962725, 0.0, 3.427668, 36.477028, 0.49, 10.644394
212, 360, -0.0011999999405816197, -0.4307999786688015, False, 56.879013, 0.7753762, 0.0, 0.017452538, 36.558334, 0.49, 10.617889
212, 361, -0.0011999999405816197, -0.4319999786093831, False, 56.75901, 0.4037422, 0.0, -2.5526226, 36.482273, 0.49, 10.540251
212, 362, -0.0011999999405816197, -0.4331999785499647, False, 56.639008, -0.06996274, 0.0, -4.814131, 36.283073, 0.49, 10.397518
212, 363, -0.0011999999405816197, -0.43439997849054635, False, 56.519005, -0.6777246, 0.0, -6.811186, 35.982246, 0.49, 10.180391
212, 364, -0.0011999999405816197, -0.43559997843112797, False, 56.399002, -1.3930695, 0.0, -8.5582485, 35.600018, 0.49, 9.882533
212, 365, -0.0011999999405816197, -0.4367999783717096, False, 56.279, -0.24110556, 0.0, -10.32557, 35.151943, 0.49, 9.503225
212, 366, -0.0011999999405816197, -0.4379999783122912, False, 56.158997, 0.5307646, 0.0, -6.5081277, 34.802406, 0.49, 9.202969
212, 367, -0.0011999999405816197, -0.4391999782528728, False, 56.038994, 0.44019604, 0.0, -2.7627156, 34.625675, 0.49, 9.039554
212, 368, -0.0011999999405816197, -0.44039997819345444, False, 55.91899, 0.25186557, 0.0, 0.40470544, 34.610043, 0.49, 9.004147
212, 369, -0.0011999999405816197, -0.44159997813403606, False, 55.79899, 0.19106233, 0.0, 2.8505843, 34.71701, 0.49, 9.066536
212, 370, -0.0011999999405816197, -0.4427999780746177, False, 55.678986, -0.27341628, 0.0, 5.063244, 34.935337, 0.49, 9.20937
212, 371, -0.0011999999405816197, -0.4439999780151993, False, 55.558983, -0.2351687, 0.0, 7.0738406, 35.26142, 0.49, 9.414762
212, 372, -0.0011999999405816197, -0.4451999779557809, False, 55.43898, -0.20473313, 0.0, 8.897388, 35.68641, 0.49, 9.674988
212, 373, -0.0011999999405816197, -0.44639997789636254, False, 55.318977, -0.17949104, 0.0, 10.551366, 36.201015, 0.49, 9.985098
212, 374, -0.0011999999405816197, -0.44759997783694416, False, 55.198975, -0.15807962, 0.0, 12.051563, 36.79686, 0.49, 10.340544
212, 375, -0.0011999999405816197, -0.4487999777775258, False, 55.07897, -1.442009, 0.0, 13.331654, 37.46762, 0.49, 10.734839
212, 376, -0.0011999999405816197, -0.4499999777181074, False, 54.95897, 0.15450239, 0.0, 14.636007, 38.21068, 0.49, 11.155954
212, 377, -0.0011999999405816197, -0.451199977658689, False, 54.838966, -1.0223818, 0.0, 10.083645, 38.816486, 0.49, 11.498928
212, 378, -0.0011999999405816197, -0.45239997759927064, False, 54.718964, -1.3080499, 0.0, 6.2670374, 39.208714, 0.49, 11.723465
212, 379, -0.0011999999405816197, -0.45359997753985226, False, 54.59896, -0.71461964, 0.0, 2.6489801, 39.402885, 0.49, 11.857186
212, 380, -0.0011999999405816197, -0.4547999774804339, False, 54.47896, -0.40070444, 0.0, -0.4421114, 39.416523, 0.49, 11.896141
212, 381, -0.0011999999405816197, -0.4559999774210155, False, 54.358955, -0.38883662, 0.0, 2.0703087, 39.475494, 0.49, 11.947437
212, 382, -0.0011999999405816197, -0.4571999773615971, False, 54.238953, 0.0, 0.0, 0.0, 39.500153, 0.49, 11.967327
212, 383, -0.0011999999405816197, -0.45839997730217874, False, 54.11895, 0.0, 0.0, 0.0, 39.5, 0.49, 11.967327
212, 384, -0.0011999999405816197, -0.45959997724276036, False, 53.998947, 0.0, 0.0, 0.0, 39.5, 0.49, 11.967327
212, 385, -0.0011999999405816197, -0.460799977183342, False, 53.878944, 2.3841858e-07, 0.0, -2.4810266, 39.408356, 0.49, 11.926524
212, 386, -0.0011999999405816197, -0.4619999771239236, False, 53.75894, -0.14015338, 0.0, -1.3334701, 39.315937, 0.49, 11.885377
212, 387, -0.0011999999405816197, -0.4631999770645052, False, 53.63894, -0.001237154, 0.0, 1.4841098, 39.345364, 0.49, 11.910497
212, 388, -0.0011999999405816197, -0.46439997700508684, False, 53.518936, -0.30507946, 0.0, 3.8132858, 39.495464, 0.49, 12.016451
212, 389, -0.0011999999405816197, -0.46559997694566846, False, 53.398933, 0.0, 1.4901161e-08, 0.0, 39.49996, 0.490037, 12.020457
212, 390, -0.0011999999405816197, -0.4667999768862501, False, 53.27893, -0.16573882, -6.198883e-05, -2.4744675, 39.409378, 0.49000028, 11.977381
212, 391, -0.0011999999405816197, -0.4679999768268317, False, 53.158928, -0.0873819, 0.0, 0.6682011, 39.390163, 0.49, 11.976078
212, 392, -0.0011999999405816197, -0.4691999767674133, False, 53.038925, -0.29508722, 0.0, 3.0703251, 39.5006, 0.49, 12.058578
212, 393, -0.0011999999405816197, -0.47039997670799494, False, 52.918922, -2.5809502e-08, 0.0, 1.4901278e-08, 39.500004, 0.48991036, 12.060515
212, 394, -0.0011999999405816197, -0.47159997664857656, False, 52.79892, 0.0, 0.0, 0.0, 39.5, 0.48999923, 12.060515
212, 395, -0.0011999999405816197, -0.4727999765891582, False, 52.678917, -0.16571939, 0.0, -2.4744325, 39.420376, 0.49, 11.999561
212, 396, -0.0011999999405816197, -0.4739999765297398, False, 52.558914, -0.08737403, 0.0, 0.6682059, 39.40185, 0.49, 11.994292
212, 397, -0.0011999999405816197, -0.4751999764703214, False, 52.43891, 0.061017096, 0.0, -1.8800547, 39.35574, 0.49, 11.951167
212, 398, -0.0011999999405816197, -0.47639997641090304, False, 52.31891, -0.0022741258, 0.0, 0.99748, 39.364353, 0.49, 11.953516
212, 399, -0.0011999999405816197, -0.47759997635148466, False, 52.198906, 0.036798477, 0.0, 0.35796255, 39.391148, 0.49, 11.973078
212, 400, -0.0011999999405816197, -0.4787999762920663, False, 52.078903, 0.023877501, 0.0, -2.1565437, 39.332607, 0.49, 11.918243
212, 401, -0.0011999999405816197, -0.4799999762326479, False, 51.9589, -0.34765744, 0.0, -4.4221063, 39.17055, 0.49, 11.767147
212, 402, -0.0011999999405816197, -0.4811999761732295, False, 51.838898, -0.29738116, 0.0, -6.4925475, 38.923035, 0.49, 11.520325
212, 403, -0.0011999999405816197, -0.48239997611381114, False, 51.718895, 0.52001715, 0.0, -8.358799, 38.5976, 0.49, 11.187086
212, 404, -0.0011999999405816197, -0.48359997605439276, False, 51.598892, -0.5008068, 0.0, -10.063129, 38.194603, 0.49, 10.782246
212, 405, -0.0011999999405816197, -0.4847999759949744, False, 51.47889, -1.5529051, 0.0, -11.506702, 37.730274, 0.49, 10.303839
212, 406, -0.0011999999405816197, -0.485999975935556, False, 51.358887, -2.614976, 0.0, -12.713484, 37.22367, 0.49, 9.747962
212, 407, -0.0011999999405816197, -0.4871999758761376, False, 51.238884, -0.8115399, 0.0, -8.2429695, 36.8369, 0.49, 9.312672
212, 408, -0.0011999999405816197, -0.48839997581671923, False, 51.11888, -1.6485746, 0.0, -9.837296, 36.471558, 0.49, 8.88111
212, 409, -0.0011999999405816197, -0.48959997575730085, False, 50.99888, -2.5354397, 0.0, -11.200247, 36.06838, 0.49, 8.359124
212, 410, -0.0011999999405816197, -0.4907999756978825, False, 50.878876, -3.448165, 0.0, -12.350128, 35.645817, 0.49, 7.747727
212, 411, -0.0011999999405816197, -0.4919999756384641, False, 50.758873, -4.365966, 0.0, -13.305597, 35.221214, 0.49, 7.049549
212, 412, -0.0011999999405816197, -0.4931999755790457, False, 50.63887, -4.852733, 0.0, -8.491158, 34.853714, 0.49, 6.491573
212, 413, -0.0011999999405816197, -0.49439997551962733, False, 50.518867, -5.208322, 0.0, -9.718863, 34.53013, 0.49, 5.943291
212, 414, -0.0011999999405816197, -0.49559997546020895, False, 50.398865, -5.649671, 0.0, -10.790141, 34.24543, 0.49, 5.2952356
212, 415, -0.0011999999405816197, -0.49679997540079057, False, 50.278862, -6.149936, 0.0, -11.714313, 34.011604, 0.49, 4.558471
212, 416, -0.0011999999405816197, -0.4979999753413722, False, 50.15886, -6.6871595, 0.0, -12.501488, 33.839424, 0.49, 3.7445962
212, 417, -0.0011999999405816197, -0.4991999752819538, False, 50.038857, -7.2433486, 0.0, -13.162415, 33.738342, 0.49, 2.865724
212, 418, -0.0011999999405816197, -0.5003999752225354, False, 49.918854, -7.377754, 0.0, -8.127078, 33.6206, 0.49, 2.139704
212, 419, -0.0011999999405816197, -0.501599975163117, False, 49.79885, -6.95467, 0.0, -3.6481233, 33.43508, 0.49, 1.6460674
212, 420, -0.0011999999405816197, -0.5027999751036987, False, 49.67885, -6.098918, 0.0, 0.20940912, 33.178604, 0.49, 1.3509114
212, 421, -0.0011999999405816197, -0.5039999750442803, False, 49.558846, -4.992949, 0.0, 3.4265282, 32.849857, 0.49, 1.2183781
212, 422, -0.0011999999405816197, -0.5051999749848619, False, 49.438843, -3.7873206, 0.0, 6.10435, 32.445847, 0.49, 1.2133045
212, 423, -0.0011999999405816197, -0.5063999749254435, False, 49.31884, -2.5343828, 0.0, 8.357634, 31.962572, 0.49, 1.3051172
212, 424, -0.0011999999405816197, -0.5075999748660251, False, 49.198837, -1.2538886, 0.0, 10.255892, 31.397371, 0.49, 1.4675788
212, 425, -0.0011999999405816197, -0.5087999748066068, False, 49.078835, -1.1036923, 0.0, 11.785244, 30.750607, 0.49, 1.679868
212, 426, -0.0011999999405816197, -0.5099999747471884, False, 48.95883, -2.2473454, 0.0, 13.005083, 30.029749, 0.49, 1.9369596
212, 427, -0.0011999999405816197, -0.51119997468777, False, 48.83883, -2.964243, 0.0, 8.399374, 29.442877, 0.49, 2.1298165
212, 428, -0.0011999999405816197, -0.5123999746283516, False, 48.718826, -1.8603064, 0.0, 5.271298, 29.063631, 0.49, 2.2425928
212, 429, -0.0011999999405816197, -0.5135999745689332, False, 48.598824, -1.7789345, 0.0, 1.5189911, 28.865831, 0.49, 2.2616892
212, 430, -0.0011999999405816197, -0.5147999745095149, False, 48.47882, -1.7653368, 0.0, 3.7288136, 28.665731, 0.49, 2.3196206
212, 431, -0.0011999999405816197, -0.5159999744500965, False, 48.358818, -1.4837716, 0.0, 0.22603168, 28.538567, 0.49, 2.3220692
212, 432, -0.0011999999405816197, -0.5171999743906781, False, 48.238815, -0.6919701, 0.0, 0.03216771, 28.488604, 0.49, 2.2962384
212, 433, -0.0011999999405816197, -0.5183999743312597, False, 48.118813, -0.67047685, 0.0, -2.418464, 28.511978, 0.49, 2.1943762
212, 434, -0.0011999999405816197, -0.5195999742718413, False, 47.99881, -0.42120755, 0.0, 0.7117315, 28.495712, 0.49, 2.162198
212, 435, -0.0011999999405816197, -0.520799974212423, False, 47.878807, -0.14437294, 0.0, -1.9106865, 28.523764, 0.49, 2.1022625
212, 436, -0.0011999999405816197, -0.5219999741530046, False, 47.758804, -0.4619758, 0.0, -4.18598, 28.64183, 0.49, 1.9312911
212, 437, -0.0011999999405816197, -0.5231999740935862, False, 47.6388, -0.32977918, 0.0, -0.66913706, 28.697453, 0.49, 1.8350438
212, 438, -0.0011999999405816197, -0.5243999740341678, False, 47.5188, -0.2560222, 0.0, -3.091143, 28.777575, 0.49, 1.7213333
212, 439, -0.0011999999405816197, -0.5255999739747494, False, 47.398796, 0.24110365, 0.0, -5.2862277, 28.948904, 0.49, 1.506733
212, 440, -0.0011999999405816197, -0.5267999739153311, False, 47.278793, 0.1457696, 0.0, -3.1960142, 29.092417, 0.49, 1.327034
212, 441, -0.0011999999405816197, -0.5279999738559127, False, 47.15879, -0.10732627, 0.0, -1.8126097, 29.17609, 0.49, 1.2222632
212, 442, -0.0011999999405816197, -0.5291999737964943, False, 47.038788, -0.05325204, 0.0, -0.8993609, 29.220196, 0.49, 1.1670372
212, 443, -0.0011999999405816197, -0.5303999737370759, False, 46.918785, -0.29099452, 0.0, -3.2814713, 29.321014, 0.49, 1.0548528
212, 444, -0.0011999999405816197, -0.5315999736776575, False, 46.798782, -0.11293197, 0.0, 0.02453189, 29.35772, 0.49, 1.0053356
212, 445, -0.0011999999405816197, -0.5327999736182392, False, 46.67878, -0.08135605, 0.0, 2.5041277, 29.27855, 0.49, 1.06946
212, 446, -0.0011999999405816197, -0.5339999735588208, False, 46.558777, -0.46734548, 0.0, 4.7265177, 29.098242, 0.49, 1.2295021
212, 447, -0.0011999999405816197, -0.5351999734994024, False, 46.438774, -0.35772362, 0.0, 1.1516601, 28.987417, 0.49, 1.3167042
212, 448, -0.0011999999405816197, -0.536399973439984, False, 46.31877, -0.1476313, 0.0, 0.47528616, 28.950695, 0.49, 1.3385469
212, 449, -0.0011999999405816197, -0.5375999733805656, False, 46.19877, -0.21316278, 0.0, -2.040048, 28.997393, 0.49, 1.2813275
212, 450, -0.0011999999405816197, -0.5387999733211473, False, 46.078766, -0.17555714, 0.0, -4.331933, 29.149733, 0.49, 1.1290913
212, 451, -0.0011999999405816197, -0.5399999732617289, False, 45.958763, -0.7216482, 0.0, -6.366865, 29.400702, 0.49, 0.89389247
212, 452, -0.0011999999405816197, -0.5411999732023105, False, 45.83876, -0.6261151, 0.0, -8.257261, 29.74845, 0.49, 0.5925613
212, 453, -0.0011999999405816197, -0.5423999731428921, False, 45.718758, 0.56182677, 0.0, 0.04507801, 29.89561, 0.48974743, 0.50880617
212, 454, -0.0011999999405816197, -0.5435999730834737, False, 45.598755, 0.2396357, 0.0, 2.577034, 29.838291, 0.489998, 0.6000352
212, 455, -0.0011999999405816197, -0.5447999730240554, False, 45.478752, 0.60560346, 0.0, 4.778815, 29.68173, 0.49, 0.7890185
212, 456, -0.0011999999405816197, -0.545999972964637, False, 45.35875, 0.5197756, 0.0, 6.816942, 29.429348, 0.49, 1.0603968
212, 457, -0.0011999999405816197, -0.5471999729052186, False, 45.238747, 1.2569692, 0.0, 8.577424, 29.087162, 0.49, 1.4031827
212, 458, -0.0011999999405816197, -0.5483999728458002, False, 45.118744, 1.101109, 0.0, 10.263409, 28.656239, 0.49, 1.801625
212, 459, -0.0011999999405816197, -0.5495999727863818, False, 44.99874, 0.20626354, 0.0, 6.227561, 28.325764, 0.49, 2.1128912
212, 460, -0.0011999999405816197, -0.5507999727269635, False, 44.87874, -0.18785834, 0.0, 2.5027704, 28.16549, 0.49, 2.2685153
212, 461, -0.0011999999405816197, -0.5519999726675451, False, 44.758736, -0.092151046, 0.0, -0.6341532, 28.147436, 0.49, 2.2774465
212, 462, -0.0011999999405816197, -0.5531999726081267, False, 44.638733, -0.29540682, 0.0, -3.039265, 28.236856, 0.49, 2.175058
212, 463, -0.0011999999405816197, -0.5543999725487083, False, 44.51873, -0.20734671, 0.0, 0.21218704, 28.262407, 0.49, 2.1317384
212, 464, -0.0011999999405816197, -0.5555999724892899, False, 44.398727, 0.032547474, 0.0, 2.6844842, 28.164173, 0.49, 2.187601
212, 465, -0.0011999999405816197, -0.5567999724298716, False, 44.278725, -0.0075840205, 0.0, -0.4815623, 28.139158, 0.49, 2.2012863
212, 466, -0.0011999999405816197, -0.5579999723704532, False, 44.158722, -0.0057851076, 0.0, -2.9178255, 28.242008, 0.49, 2.1260996
212, 467, -0.0011999999405816197, -0.5591999723110348, False, 44.03872, -0.04185173, 0.0, 0.2751077, 28.27437, 0.49, 2.0999086
212, 468, -0.0011999999405816197, -0.5603999722516164, False, 43.918716, 0.11258632, 0.0, -2.2294583, 28.345636, 0.49, 2.0537593
212, 469, -0.0011999999405816197, -0.561599972192198, False, 43.798714, 0.46677852, 0.0, -4.476115, 28.53015, 0.49, 1.92384
212, 470, -0.0011999999405816197, -0.5627999721327797, False, 43.67871, 0.16063112, 0.0, -0.9486963, 28.637245, 0.49, 1.8560624
212, 471, -0.0011999999405816197, -0.5639999720733613, False, 43.55871, 0.123230994, 0.0, 1.6883167, 28.59562, 0.49, 1.8863858
212, 472, -0.0011999999405816197, -0.5651999720139429, False, 43.438705, 0.4231391, 0.0, 3.9872208, 28.428484, 0.49, 1.9873161
212, 473, -0.0011999999405816197, -0.5663999719545245, False, 43.318703, -0.18159127, 0.0, 6.110175, 28.142338, 0.49, 2.142524
212, 474, -0.0011999999405816197, -0.5675999718951061, False, 43.1987, -0.4935354, 0.0, 2.3641703, 27.948618, 0.49, 2.2402928
212, 475, -0.0011999999405816197, -0.5687999718356878, False, 43.078697, -0.28341484, 0.0, -0.7426015, 27.924305, 0.49, 2.2294455
212, 476, -0.0011999999405816197, -0.5699999717762694, False, 42.958694, -0.048668206, 0.0, 1.8577344, 27.87074, 0.49, 2.2607493
212, 477, -0.0011999999405816197, -0.571199971716851, False, 42.83869, 0.007417202, 0.0, -1.015506, 27.875996, 0.49, 2.2524025
212, 478, -0.0011999999405816197, -0.5723999716574326, False, 42.71869, 0.26602244, 0.0, -3.3900123, 27.99148, 0.49, 2.1454868
212, 479, -0.0011999999405816197, -0.5735999715980142, False, 42.598686, 0.3546964, 0.0, -1.9162052, 28.095404, 0.49, 2.046824
212, 480, -0.0011999999405816197, -0.5747999715385959, False, 42.478683, 0.17427766, 0.0, 0.9965152, 28.102106, 0.49, 2.0606265
212, 481, -0.0011999999405816197, -0.5759999714791775, False, 42.35868, 0.13794875, 0.0, 3.3855796, 28.01736, 0.49, 2.1923728
212, 482, -0.0011999999405816197, -0.5771999714197591, False, 42.238678, 0.09487347, 0.0, 0.011032045, 27.98487, 0.49, 2.2493908
212, 483, -0.0011999999405816197, -0.5783999713603407, False, 42.118675, 0.068164825, 0.0, 2.4916477, 27.920622, 0.49, 2.327411
212, 484, -0.0011999999405816197, -0.5795999713009223, False, 41.998672, 0.03938639, 0.0, -0.65704125, 27.912104, 0.49, 2.343732
212, 485, -0.0011999999405816197, -0.580799971241504, False, 41.87867, 0.022204842, 0.0, -0.13368692, 27.925886, 0.49, 2.3327422
212, 486, -0.0011999999405816197, -0.5819999711820856, False, 41.758667, 0.01626587, 0.0, -2.6023145, 27.998835, 0.49, 2.2533147
212, 487, -0.0011999999405816197, -0.5831999711226672, False, 41.638664, 0.42272878, 0.0, -4.82074, 28.16256, 0.49, 2.0688925
212, 488, -0.0011999999405816197, -0.5843999710632488, False, 41.51866, 0.55394113, 0.0, -2.8467457, 28.299866, 0.49, 1.9110084
212, 489, -0.0011999999405816197, -0.5855999710038304, False, 41.39866, 0.4644606, 0.0, -5.065398, 28.455677, 0.49, 1.7001373
212, 490, -0.0011999999405816197, -0.586799970944412, False, 41.278656, 1.0391417, 0.0, -7.0029697, 28.667807, 0.49, 1.3778659
212, 491, -0.0011999999405816197, -0.5879999708849937, False, 41.158653, 1.29967, 0.0, -3.1018445, 28.8298, 0.49, 1.1575744
212, 492, -0.0011999999405816197, -0.5891999708255753, False, 41.03865, 0.6332998, 0.0, -5.3986573, 28.983465, 0.49, 0.91813517
212, 493, -0.0011999999405816197, -0.5903999707661569, False, 40.918648, -0.1302228, 0.0, -7.4032307, 29.181604, 0.49, 0.56419426
212, 494, -0.0011999999405816197, -0.5915999707067385, False, 40.798645, 2.3841858e-07, -1.4901161e-08, 0.85404694, 29.232136, 0.48999998, 0.506308
212, 495, -0.0011999999405816197, -0.5927999706473202, False, 40.678642, -0.004356062, -0.006395787, -0.054520324, 29.234795, 0.4894236, 0.50023466
212, 496, -0.0011999999405816197, -0.5939999705879018, False, 40.55864, -0.00016272138, 0.0, -0.00034096156, 29.234827, 0.48965842, 0.50000316
212, 497, -0.0011999999405816197, -0.5951999705284834, False, 40.438637, -5.596524e-27, 0.0, 3.2312332e-27, 29.234827, 0.48999733, 0.5000017
212, 498, -0.0011999999405816197, -0.596399970469065, False, 40.318634, 0.0, 0.0, 0.0, 29.234997, 0.4899984, 0.5000013
212, 499, -0.0011999999405816197, -0.5975999704096466, False, 40.19863, 1.1920929e-07, 0.0, 2.4810271, 29.176031, 0.48999998, 0.58115786
212, 500, -0.0011999999405816197, -0.5987999703502283, False, 40.07863, -0.14015365, 0.0, 1.3334703, 29.116568, 0.48999998, 0.6630002
212, 501, -0.0011999999405816197, -0.5999999702908099, False, 39.958626, -0.11272979, 0.0, 3.690874, 29.022638, 0.48999998, 0.8112229
212, 502, -0.0011999999405816197, -0.6011999702313915, False, 39.838623, -0.05911064, 0.0, 0.20932004, 28.977898, 0.48999998, 0.8784548
212, 503, -0.0011999999405816197, -0.6023999701719731, False, 39.71862, 0.106325686, 0.0, -2.2903013, 29.017689, 0.48999998, 0.79923457
212, 504, -0.0011999999405816197, -0.6035999701125547, False, 39.598618, 0.013643026, 0.0, 0.81111723, 29.025122, 0.48999998, 0.7942456
212, 505, -0.0011999999405816197, -0.6047999700531363, False, 39.478615, 0.09586212, 0.0, -1.7423694, 29.039965, 0.48999998, 0.7416059
212, 506, -0.0011999999405816197, -0.605999969993718, False, 39.358612, 0.047023207, 0.0, 1.1155112, 29.040216, 0.48999998, 0.7576066
212, 507, -0.0011999999405816197, -0.6071999699342996, False, 39.23861, 0.30677354, 0.0, 3.4769337, 29.006176, 0.48999998, 0.91699815
212, 508, -0.0011999999405816197, -0.6083999698748812, False, 39.118607, 0.7499285, 0.0, 5.5844445, 28.927921, 0.48999998, 1.2026101
212, 509, -0.0011999999405816197, -0.6095999698154628, False, 38.998604, 1.3350179, 0.0, 7.446117, 28.794235, 0.48999998, 1.5966965
212, 510, -0.0011999999405816197, -0.6107999697560444, False, 38.8786, 1.598044, 0.0, 3.4773812, 28.712746, 0.48999998, 1.8870051
212, 511, -0.0011999999405816197, -0.6119999696966261, False, 38.7586, 1.8418369, 0.0, 5.4828143, 28.605864, 0.48999998, 2.1757555
212, 512, -0.0011999999405816197, -0.6131999696372077, False, 38.638596, 2.2648056, 0.0, 7.2635975, 28.404703, 0.48999998, 2.5450299
212, 513, -0.0011999999405816197, -0.6143999695777893, False, 38.518593, 2.8154469, 0.0, 8.829729, 28.107573, 0.48999998, 2.9759724
212, 514, -0.0011999999405816197, -0.6155999695183709, False, 38.39859, 3.455956, 0.0, 10.191959, 27.713825, 0.48999998, 3.4502032
212, 515, -0.0011999999405816197, -0.6167999694589525, False, 38.278587, 1.8997326, 0.0, 11.99979, 27.226757, 0.48999998, 3.954577
212, 516, -0.0011999999405816197, -0.6179999693995342, False, 38.158585, 2.9679823, 0.0, 13.126918, 26.659718, 0.48999998, 4.4930544
212, 517, -0.0011999999405816197, -0.6191999693401158, False, 38.03858, 1.2084699, 0.0, 14.597391, 26.016771, 0.48999998, 5.05702
212, 518, -0.0011999999405816197, -0.6203999692806974, False, 37.91858, 2.6106563, 0.0, 15.5315075, 25.309256, 0.48999998, 5.6505475
212, 519, -0.0011999999405816197, -0.621599969221279, False, 37.798576, 0.6734052, 0.0, 16.73157, 24.539553, 0.48999998, 6.2652125
212, 520, -0.0011999999405816197, -0.6227999691618606, False, 37.678574, 2.3422265, 0.0, 17.505543, 23.71756, 0.48999998, 6.9053326
212, 521, -0.0011999999405816197, -0.6239999691024423, False, 37.55857, 0.25353622, 0.0, 18.486534, 22.8444, 0.48999998, 7.562742
212, 522, -0.0011999999405816197, -0.6251999690430239, False, 37.43857, 2.1375198, 0.0, 19.127476, 21.92887, 0.48999998, 8.242026
212, 523, -0.0011999999405816197, -0.6263999689836055, False, 37.318565, -0.07867527, 0.0, 19.93018, 20.971107, 0.48999998, 8.935281
212, 524, -0.0011999999405816197, -0.6275999689241871, False, 37.198563, 1.979909, 0.0, 20.460686, 19.979034, 0.48999998, 9.647346
212, 525, -0.0011999999405816197, -0.6287999688647687, False, 37.07856, 3.8572636, 0.0, 20.748428, 18.949348, 0.48999998, 10.365945
212, 526, -0.0011999999405816197, -0.6299999688053504, False, 36.958557, 5.5522842, 0.0, 20.836048, 17.877785, 0.48999998, 11.075088
212, 527, -0.0011999999405816197, -0.631199968745932, False, 36.838554, 6.6625595, 0.0, 15.159491, 16.979736, 0.48999998, 11.694073
212, 528, -0.0011999999405816197, -0.6323999686865136, False, 36.71855, 7.0720043, 0.0, 9.962302, 16.345852, 0.48999998, 12.208511
212, 529, -0.0011999999405816197, -0.6335999686270952, False, 36.59855, 6.1929846, 0.0, 5.9788938, 15.952435, 0.48999998, 12.641007
212, 530, -0.0011999999405816197, -0.6347999685676768, False, 36.478546, 3.466632, 0.0, 4.130248, 15.717312, 0.48999998, 12.942024
212, 531, -0.0011999999405816197, -0.6359999685082585, False, 36.358543, 2.860445, 0.0, 0.77626777, 15.646743, 0.48999998, 13.145138
212, 532, -0.0011999999405816197, -0.6371999684488401, False, 36.23854, 2.1797433, 0.0, -2.219047, 15.742882, 0.48999998, 13.279183
212, 533, -0.0011999999405816197, -0.6383999683894217, False, 36.118538, 1.438153, 0.0, -4.7067294, 15.980906, 0.48999998, 13.373431
212, 534, -0.0011999999405816197, -0.6395999683300033, False, 35.998535, 1.8366411, 0.0, -6.598565, 16.34619, 0.48999998, 13.448733
212, 535, -0.0011999999405816197, -0.6407999682705849, False, 35.878532, 0.8005811, 0.0, -8.601768, 16.826063, 0.48999998, 13.501894
212, 536, -0.0011999999405816197, -0.6419999682111666, False, 35.75853, 0.50159395, 0.0, -5.3893313, 17.207785, 0.48999998, 13.537428
212, 537, -0.0011999999405816197, -0.6431999681517482, False, 35.638527, 0.643534, 0.0, -3.2155154, 17.442286, 0.48999998, 13.559257
212, 538, -0.0011999999405816197, -0.6443999680923298, False, 35.518524, 0.07257583, 0.0, -5.434979, 17.725836, 0.48999998, 13.566695
212, 539, -0.0011999999405816197, -0.6455999680329114, False, 35.39852, -0.61444867, 0.0, -7.3841066, 18.131754, 0.48999998, 13.573274
212, 540, -0.0011999999405816197, -0.646799967973493, False, 35.27852, -1.3939315, 0.0, -9.080433, 18.647738, 0.48999998, 13.596333
212, 541, -0.0011999999405816197, -0.6479999679140747, False, 35.158516, -1.1986778, 0.0, -5.09989, 19.038975, 0.48999998, 13.601927
212, 542, -0.0011999999405816197, -0.6491999678546563, False, 35.038513, -0.7240267, 0.0, -3.0804417, 19.266472, 0.48999998, 13.597058
212, 543, -0.0011999999405816197, -0.6503999677952379, False, 34.91851, -0.15163949, 0.0, -5.32102, 19.542738, 0.48999998, 13.613578
212, 544, -0.0011999999405816197, -0.6515999677358195, False, 34.798508, -0.79588413, 0.0, -7.2611017, 19.940643, 0.48999998, 13.649765
212, 545, -0.0011999999405816197, -0.6527999676764011, False, 34.678505, -1.5393242, 0.0, -8.953448, 20.446707, 0.48999998, 13.715493
212, 546, -0.0011999999405816197, -0.6539999676169828, False, 34.558502, -2.352777, 0.0, -10.413396, 21.046421, 0.48999998, 13.824135
212, 547, -0.0011999999405816197, -0.6551999675575644, False, 34.4385, -0.79232645, 0.0, -6.712912, 21.51395, 0.48999998, 13.917295
212, 548, -0.0011999999405816197, -0.656399967498146, False, 34.318497, -0.053233027, 0.0, -4.1695437, 21.805458, 0.48999998, 13.975382
212, 549, -0.0011999999405816197, -0.6575999674387276, False, 34.198494, -0.031373262, 0.0, -2.4573402, 21.980576, 0.48999998, 14.010277
212, 550, -0.0011999999405816197, -0.6587999673793092, False, 34.07849, -0.026091993, 0.0, -4.7099404, 22.21423, 0.48999998, 14.058248
212, 551, -0.0011999999405816197, -0.6599999673198909, False, 33.95849, -0.6304058, 0.0, -6.72113, 22.571138, 0.48999998, 14.135353
212, 552, -0.0011999999405816197, -0.6611999672604725, False, 33.838486, -0.5479412, 0.0, -8.578225, 23.03673, 0.48999998, 14.250418
212, 553, -0.0011999999405816197, -0.6623999672010541, False, 33.718483, -0.46862513, 0.0, -4.6389294, 23.38393, 0.48999998, 14.331969
212, 554, -0.0011999999405816197, -0.6635999671416357, False, 33.59848, -0.5571273, 0.0, -1.0265225, 23.519732, 0.48999998, 14.348282
212, 555, -0.0011999999405816197, -0.6647999670822173, False, 33.478477, -0.24679404, 0.0, 1.7079854, 23.484247, 0.48999998, 14.30519
212, 556, -0.0011999999405816197, -0.665999967022799, False, 33.358475, -0.16299912, 0.0, -1.1334532, 23.50294, 0.48999998, 14.307568
212, 557, -0.0011999999405816197, -0.6671999669633806, False, 33.238472, -0.40046322, 0.0, -3.483808, 23.63903, 0.48999998, 14.399294
212, 558, -0.0011999999405816197, -0.6683999669039622, False, 33.11847, -0.82951593, 0.0, -5.582687, 23.871782, 0.48999998, 14.583488
212, 559, -0.0011999999405816197, -0.6695999668445438, False, 32.998466, -1.4032655, 0.0, -7.4376855, 24.180586, 0.48999998, 14.862948
212, 560, -0.0011999999405816197, -0.6707999667851254, False, 32.878464, -1.3508269, 0.0, -4.507002, 24.42384, 0.48999998, 15.09231
212, 561, -0.0011999999405816197, -0.671999966725707, False, 32.75846, -1.741029, 0.0, -6.426014, 24.66188, 0.48999998, 15.36368
212, 562, -0.0011999999405816197, -0.6731999666662887, False, 32.63846, -2.2749684, 0.0, -8.120026, 24.934233, 0.48999998, 15.748088
212, 563, -0.0011999999405816197, -0.6743999666068703, False, 32.518456, -2.9115558, 0.0, -9.599327, 25.222715, 0.48999998, 16.240305
212, 564, -0.0011999999405816197, -0.6755999665474519, False, 32.398453, -3.6181588, 0.0, -10.876137, 25.510185, 0.48999998, 16.83406
212, 565, -0.0011999999405816197, -0.6767999664880335, False, 32.27845, -3.9415178, 0.0, -6.374022, 25.761028, 0.48999998, 17.296017
212, 566, -0.0011999999405816197, -0.6779999664286152, False, 32.158447, -3.7151272, 0.0, -2.3588681, 25.976643, 0.48999998, 17.530819
212, 567, -0.0011999999405816197, -0.6791999663691968, False, 32.038445, -3.0590172, 0.0, 1.0157763, 26.172497, 0.48999998, 17.568398
212, 568, -0.0011999999405816197, -0.6803999663097784, False, 31.918442, -2.2583656, 0.0, 3.7595503, 26.367256, 0.48999998, 17.444042
212, 569, -0.0011999999405816197, -0.68159996625036, False, 31.798439, -1.9274198, 0.0, 5.914482, 26.57981, 0.48999998, 17.184196
212, 570, -0.0011999999405816197, -0.6827999661909416, False, 31.678436, -0.93783665, 0.0, 7.994505, 26.816172, 0.48999998, 16.805384
212, 571, -0.0011999999405816197, -0.6839999661315233, False, 31.558434, 0.10375929, 0.0, 9.77372, 27.089275, 0.48999998, 16.324999
212, 572, -0.0011999999405816197, -0.6851999660721049, False, 31.43843, 1.1780472, 0.0, 11.281916, 27.411596, 0.48999998, 15.760612
212, 573, -0.0011999999405816197, -0.6863999660126865, False, 31.318428, 2.263957, 0.0, 12.54451, 27.793041, 0.48999998, 15.129474
212, 574, -0.0011999999405816197, -0.6875999659532681, False, 31.198425, 3.341876, 0.0, 13.58535, 28.241241, 0.48999998, 14.448545
212, 575, -0.0011999999405816197, -0.6887999658938497, False, 31.078423, 4.3948298, 0.0, 14.427345, 28.761713, 0.48999998, 13.734445
212, 576, -0.0011999999405816197, -0.6899999658344314, False, 30.95842, 5.408799, 0.0, 15.09258, 29.358006, 0.48999998, 13.003358
212, 577, -0.0011999999405816197, -0.691199965775013, False, 30.838417, 6.3727036, 0.0, 15.602147, 30.031782, 0.48999998, 12.270932
212, 578, -0.0011999999405816197, -0.6923999657155946, False, 30.718414, 5.1274223, 0.0, 9.555552, 30.557535, 0.48999998, 11.722368
212, 579, -0.0011999999405816197, -0.6935999656561762, False, 30.598412, 5.561398, 0.0, 10.650393, 31.078568, 0.48999998, 11.2585125
212, 580, -0.0011999999405816197, -0.6947999655967578, False, 30.478409, 5.62265, 0.0, 6.020501, 31.478153, 0.48999998, 10.858363
212, 581, -0.0011999999405816197, -0.6959999655373394, False, 30.358406, 3.1008294, 0.0, 4.1085324, 31.717403, 0.48999998, 10.582731
212, 582, -0.0011999999405816197, -0.6971999654779211, False, 30.238403, 2.699416, 0.0, 0.47079372, 31.79008, 0.48999998, 10.397117
212, 583, -0.0011999999405816197, -0.6983999654185027, False, 30.1184, 2.413078, 0.0, 2.7784696, 31.90683, 0.48999998, 10.245308
212, 584, -0.0011999999405816197, -0.6995999653590843, False, 29.998398, 2.456996, 0.0, 4.8034782, 32.164997, 0.48999998, 10.118639
212, 585, -0.0011999999405816197, -0.7007999652996659, False, 29.878395, 1.7841164, 0.0, 2.737882, 32.384003, 0.48999998, 10.034183
212, 586, -0.0011999999405816197, -0.7019999652402475, False, 29.758392, 1.378278, 0.0, -0.5534744, 32.43718, 0.48999998, 9.95157
212, 587, -0.0011999999405816197, -0.7031999651808292, False, 29.63839, 0.8962554, 0.0, 2.1976073, 32.5302, 0.48999998, 9.908388
212, 588, -0.0011999999405816197, -0.7043999651214108, False, 29.518387, 0.7428241, 0.0, 4.482192, 32.759426, 0.48999998, 9.908733
212, 589, -0.0011999999405816197, -0.7055999650619924, False, 29.398384, 0.5609135, 0.0, 0.9455993, 32.890224, 0.48999998, 9.897776
212, 590, -0.0011999999405816197, -0.706799965002574, False, 29.278381, 0.6959133, 0.0, 3.287447, 33.046043, 0.48999998, 9.904282
212, 591, -0.0011999999405816197, -0.7079999649431556, False, 29.158379, 0.5240722, 0.0, -0.07459459, 33.11513, 0.48999998, 9.889639
212, 592, -0.0011999999405816197, -0.7091999648837373, False, 29.038376, 0.378354, 0.0, 2.431908, 33.213955, 0.48999998, 9.906525
212, 593, -0.0011999999405816197, -0.7103999648243189, False, 28.918373, 0.70615935, 0.0, 4.6366014, 33.43762, 0.48999998, 9.987035
212, 594, -0.0011999999405816197, -0.7115999647649005, False, 28.79837, 0.0006585121, 0.0, 6.722702, 33.77076, 0.48999998, 10.132228
212, 595, -0.0011999999405816197, -0.7127999647054821, False, 28.678368, 0.40485173, 0.0, 2.931388, 34.00119, 0.48999998, 10.231975
212, 596, -0.0011999999405816197, -0.7139999646460637, False, 28.558365, 0.27824807, 0.0, -0.3069508, 34.047977, 0.48999998, 10.235562
212, 597, -0.0011999999405816197, -0.7151999645866454, False, 28.438362, 0.1871661, 0.0, 2.2118452, 34.122852, 0.48999998, 10.274705
212, 598, -0.0011999999405816197, -0.716399964527227, False, 28.31836, 0.043224454, 0.0, -0.8373739, 34.131466, 0.48999998, 10.271625
212, 599, -0.0011999999405816197, -0.7175999644678086, False, 28.198357, -0.08021861, 0.0, 1.7235131, 34.17319, 0.48999998, 10.30506
212, 600, -0.0011999999405816197, -0.7187999644083902, False, 28.078354, -0.07520014, 0.0, -1.1263946, 34.159317, 0.48999998, 10.2960415
212, 601, -0.0011999999405816197, -0.7199999643489718, False, 27.958351, -0.33014178, 0.0, -3.4844415, 34.03688, 0.48999998, 10.187525
212, 602, -0.0011999999405816197, -0.7211999642895535, False, 27.838348, -0.77034307, 0.0, -5.58922, 33.82745, 0.48999998, 9.9774685
212, 603, -0.0011999999405816197, -0.7223999642301351, False, 27.718346, -1.3530405, 0.0, -7.448661, 33.55195, 0.48999998, 9.66508
212, 604, -0.0011999999405816197, -0.7235999641707167, False, 27.598343, -2.0414038, 0.0, -9.073809, 33.230392, 0.48999998, 9.251081
212, 605, -0.0011999999405816197, -0.7247999641112983, False, 27.47834, -2.8034527, 0.0, -10.478032, 32.881783, 0.48999998, 8.737684
212, 606, -0.0011999999405816197, -0.7259999640518799, False, 27.358337, -3.6116662, 0.0, -11.67634, 32.524044, 0.48999998, 8.128532
212, 607, -0.0011999999405816197, -0.7271999639924616, False, 27.238335, -4.4426656, 0.0, -12.68481, 32.173916, 0.48999998, 7.4286304
212, 608, -0.0011999999405816197, -0.7283999639330432, False, 27.118332, -5.2768917, 0.0, -13.520093, 31.846905, 0.48999998, 6.6442604
212, 609, -0.0011999999405816197, -0.7295999638736248, False, 26.99833, -6.0982766, 0.0, -14.199003, 31.557196, 0.48999998, 5.782885
212, 610, -0.0011999999405816197, -0.7307999638142064, False, 26.878326, -6.8939133, 0.0, -14.738174, 31.317585, 0.48999998, 4.8530364
212, 611, -0.0011999999405816197, -0.731999963754788, False, 26.758324, -7.65372, 0.0, -15.153775, 31.139427, 0.48999998, 3.864199
212, 612, -0.0011999999405816197, -0.7331999636953697, False, 26.63832, -7.94976, 0.0, -9.874228, 30.958506, 0.48999998, 3.0409594
212, 613, -0.0011999999405816197, -0.7343999636359513, False, 26.518318, -7.6533422, 0.0, -5.145493, 30.73196, 0.48999998, 2.46701
212, 614, -0.0011999999405816197, -0.7355999635765329, False, 26.398315, -6.8802853, 0.0, -1.0239017, 30.452616, 0.48999998, 2.1090057
212, 615, -0.0011999999405816197, -0.7367999635171145, False, 26.278313, -5.7916226, 0.0, 2.4502208, 30.115929, 0.48999998, 1.9320467
212, 616, -0.0011999999405816197, -0.7379999634576961, False, 26.15831, -4.558875, 0.0, 5.3368483, 29.716875, 0.48999998, 1.9007072
212, 617, -0.0011999999405816197, -0.7391999633982778, False, 26.038307, -3.2670999, 0.0, 7.7537036, 29.249231, 0.48999998, 1.9830095
212, 618, -0.0011999999405816197, -0.7403999633388594, False, 25.918304, -1.9450419, 0.0, 9.785571, 28.70774, 0.48999998, 2.1514397
212, 619, -0.0011999999405816197, -0.741599963279441, False, 25.798302, -2.3712475, 0.0, 5.5292263, 28.286345, 0.48999998, 2.269026
212, 620, -0.0011999999405816197, -0.7427999632200226, False, 25.678299, -1.6478556, 0.0, 2.1216245, 28.06317, 0.48999998, 2.2784734
212, 621, -0.0011999999405816197, -0.7439999631606042, False, 25.558296, -1.2026267, 0.0, -1.0137432, 28.018661, 0.48999998, 2.2077377
212, 622, -0.0011999999405816197, -0.7451999631011859, False, 25.438293, -1.2220973, 0.0, -3.3136623, 28.11201, 0.48999998, 2.0664694
212, 623, -0.0011999999405816197, -0.7463999630417675, False, 25.31829, -0.9631155, 0.0, 0.07880336, 28.13575, 0.48999998, 1.9802079
212, 624, -0.0011999999405816197, -0.7475999629823491, False, 25.198288, -0.5512393, 0.0, -2.5280087, 28.205587, 0.48999998, 1.8950652
212, 625, -0.0011999999405816197, -0.7487999629229307, False, 25.078285, -0.05445981, 0.0, -4.8060627, 28.399738, 0.48999998, 1.7462296
212, 626, -0.0011999999405816197, -0.7499999628635123, False, 24.958282, -0.25892237, 0.0, -1.1993576, 28.512583, 0.48999998, 1.657754
212, 627, -0.0011999999405816197, -0.751199962804094, False, 24.83828, -0.19528186, 0.0, 1.5513757, 28.471937, 0.48999998, 1.6743462
212, 628, -0.0011999999405816197, -0.7523999627446756, False, 24.718277, -0.055560887, 0.0, -1.2979035, 28.487331, 0.48999998, 1.6511303
212, 629, -0.0011999999405816197, -0.7535999626852572, False, 24.598274, -0.09417373, 0.0, 1.5111296, 28.457762, 0.48999998, 1.6786419
212, 630, -0.0011999999405816197, -0.7547999626258388, False, 24.478271, 0.0028279424, 0.0, -1.328388, 28.47251, 0.48999998, 1.6536148
212, 631, -0.0011999999405816197, -0.7559999625664204, False, 24.358269, -0.06601775, 0.0, 1.4883246, 28.451683, 0.48999998, 1.6864262
212, 632, -0.0011999999405816197, -0.7571999625070021, False, 24.238266, -0.053422093, 0.0, 3.8310633, 28.3567, 0.48999998, 1.844083
212, 633, -0.0011999999405816197, -0.7583999624475837, False, 24.118263, 0.07582759, 0.0, 0.32949606, 28.31209, 0.48999998, 1.9204777
212, 634, -0.0011999999405816197, -0.7595999623881653, False, 23.99826, -0.08597803, 0.0, -2.1833384, 28.364828, 0.48999998, 1.8577191
212, 635, -0.0011999999405816197, -0.7607999623287469, False, 23.878258, -0.44045997, 0.0, -4.436784, 28.512636, 0.48999998, 1.6906728
212, 636, -0.0011999999405816197, -0.7619999622693285, False, 23.758255, -0.50796807, 0.0, -0.849345, 28.587378, 0.48999998, 1.5900564
212, 637, -0.0011999999405816197, -0.7631999622099102, False, 23.638252, -0.6427746, 0.0, -3.2045343, 28.693726, 0.48999998, 1.4840975
212, 638, -0.0011999999405816197, -0.7643999621504918, False, 23.51825, -0.5548461, 0.0, -1.7768108, 28.79677, 0.48999998, 1.3934423
212, 639, -0.0011999999405816197, -0.7655999620910734, False, 23.398247, -0.34496137, 0.0, 1.0748119, 28.775482, 0.48999998, 1.3802886
212, 640, -0.0011999999405816197, -0.766799962031655, False, 23.278244, -0.2517463, 0.0, -1.6173815, 28.81234, 0.48999998, 1.3483077
212, 641, -0.0011999999405816197, -0.7679999619722366, False, 23.158241, -0.20473075, 0.0, -3.9489532, 28.981796, 0.48999998, 1.2585247
212, 642, -0.0011999999405816197, -0.7691999619128183, False, 23.038239, -0.11985654, 0.0, -2.311856, 29.132135, 0.48999998, 1.1820346
212, 643, -0.0011999999405816197, -0.7703999618533999, False, 22.918236, -0.026953131, 0.0, 0.795022, 29.137852, 0.48999998, 1.1734554
212, 644, -0.0011999999405816197, -0.7715999617939815, False, 22.798233, -0.26052755, 0.0, 3.1894975, 29.000353, 0.48999998, 1.2193812
212, 645, -0.0011999999405816197, -0.7727999617345631, False, 22.67823, -0.21956515, 0.0, 5.374462, 28.739151, 0.48999998, 1.3204232
212, 646, -0.0011999999405816197, -0.7739999616751447, False, 22.558228, -0.44816372, 0.0, 1.6989372, 28.57331, 0.48999998, 1.3789268
212, 647, -0.0011999999405816197, -0.7751999616157264, False, 22.438225, -0.28379875, 0.0, -1.1358459, 28.580908, 0.48999998, 1.3562747
212, 648, -0.0011999999405816197, -0.776399961556308, False, 22.318222, -0.22636592, 0.0, -3.5128736, 28.725069, 0.48999998, 1.2761692
212, 649, -0.0011999999405816197, -0.7775999614968896, False, 22.19822, -0.18767379, 0.0, -0.085423365, 28.785746, 0.48999998, 1.2359793
212, 650, -0.0011999999405816197, -0.7787999614374712, False, 22.078217, 3.831241e-16, 0.0, 2.3132806e-16, 28.785896, 0.48999998, 1.2346649
212, 651, -0.0011999999405816197, -0.7799999613780528, False, 21.958214, -1.7881393e-07, 0.0, -2.4810266, 28.877542, 0.48999998, 1.1938651
212, 652, -0.0011999999405816197, -0.7811999613186345, False, 21.838211, -3.5762787e-07, 0.0, -4.7314157, 29.09666, 0.48999998, 1.0963145
212, 653, -0.0011999999405816197, -0.7823999612592161, False, 21.718208, 0.2097255, 0.0, -1.1360656, 29.22472, 0.48999998, 1.041974
212, 654, -0.0011999999405816197, -0.7835999611997977, False, 21.598206, 0.4378227, 0.0, -3.4825568, 29.370996, 0.48999998, 0.96697617
212, 655, -0.0011999999405816197, -0.7847999611403793, False, 21.478203, 0.86086774, 0.0, -5.5784144, 29.622862, 0.48999998, 0.8097887
212, 656, -0.0011999999405816197, -0.7859999610809609, False, 21.3582, 0.98868644, 0.0, -1.8401505, 29.793991, 0.48999998, 0.72016776
212, 657, -0.0011999999405816197, -0.7871999610215425, False, 21.238197, 0.66675425, 0.0, 1.0110924, 29.818201, 0.48999998, 0.75686544
212, 658, -0.0011999999405816197, -0.7883999609621242, False, 21.118195, 0.7880261, 0.0, 3.3396592, 29.722225, 0.48999998, 0.88573897
212, 659, -0.0011999999405816197, -0.7895999609027058, False, 20.998192, 1.1414878, 0.0, 5.421049, 29.51231, 0.48999998, 1.0871937
212, 660, -0.0011999999405816197, -0.7907999608432874, False, 20.87819, 0.3038416, 0.0, 7.472092, 29.193636, 0.48999998, 1.3458657
212, 661, -0.0011999999405816197, -0.791999960783869, False, 20.758186, -0.22118771, 0.0, 3.63446, 28.964493, 0.48999998, 1.5293659
212, 662, -0.0011999999405816197, -0.7931999607244506, False, 20.638184, -0.029676005, 0.0, 0.16606139, 28.901487, 0.48999998, 1.5752647
212, 663, -0.0011999999405816197, -0.7943999606650323, False, 20.51818, 0.15935695, 0.0, 2.6266494, 28.810507, 0.48999998, 1.6364871
212, 664, -0.0011999999405816197, -0.7955999606056139, False, 20.398178, -0.27928567, 0.0, 4.85832, 28.601269, 0.48999998, 1.7700489
212, 665, -0.0011999999405816197, -0.7967999605461955, False, 20.278175, -0.43782952, 0.0, 1.2316587, 28.472967, 0.48999998, 1.8424083
212, 666, -0.0011999999405816197, -0.7979999604867771, False, 20.158173, -0.068428636, 0.0, 3.6262612, 28.330046, 0.48999998, 1.9372953
212, 667, -0.0011999999405816197, -0.7991999604273587, False, 20.03817, 0.4481094, 0.0, 5.752002, 28.080246, 0.48999998, 2.111003
212, 668, -0.0011999999405816197, -0.8003999603679404, False, 19.918167, 0.050544977, 0.0, 2.0959785, 27.920574, 0.48999998, 2.2275608
212, 669, -0.0011999999405816197, -0.801599960308522, False, 19.798164, 0.02980581, 0.0, -0.8535268, 27.918856, 0.48999998, 2.228418
212, 670, -0.0011999999405816197, -0.8027999602491036, False, 19.678162, 0.26829648, 0.0, -3.242038, 28.02833, 0.48999998, 2.128444
212, 671, -0.0011999999405816197, -0.8039999601896852, False, 19.558159, 0.6946213, 0.0, -5.375947, 28.22616, 0.48999998, 1.9262931
212, 672, -0.0011999999405816197, -0.8051999601302668, False, 19.438156, 1.266916, 0.0, -7.2629724, 28.491255, 0.48999998, 1.6211858
212, 673, -0.0011999999405816197, -0.8063999600708485, False, 19.318153, 1.9481602, 0.0, -8.913971, 28.803486, 0.48999998, 1.2138795
212, 674, -0.0011999999405816197, -0.8075999600114301, False, 19.19815, 2.2814445, 0.0, -4.7467604, 29.055204, 0.48999998, 0.9156662
212, 675, -0.0011999999405816197, -0.8087999599520117, False, 19.078148, 1.6095593, 0.0, -1.430227, 29.211077, 0.48999998, 0.81605357
212, 676, -0.0011999999405816197, -0.8099999598925933, False, 18.958145, 1.2266337, 0.0, 1.2842124, 29.26771, 0.48999998, 0.87555104
212, 677, -0.0011999999405816197, -0.8111999598331749, False, 18.838142, 1.2762063, 0.0, 3.5512602, 29.23386, 0.48999998, 1.0564455
212, 678, -0.0011999999405816197, -0.8123999597737566, False, 18.71814, 0.5224664, 0.0, 2.1324427, 29.189016, 0.48999998, 1.21045
212, 679, -0.0011999999405816197, -0.8135999597143382, False, 18.598137, 0.2823206, 0.0, -0.8340387, 29.204132, 0.48999998, 1.2221589
212, 680, -0.0011999999405816197, -0.8147999596549198, False, 18.478134, 0.11805705, 0.0, -0.25666392, 29.222996, 0.48999998, 1.2017181
212, 681, -0.0011999999405816197, -0.8159999595955014, False, 18.358131, -0.06302032, 0.0, 2.2530727, 29.203806, 0.48999998, 1.2858196
212, 682, -0.0011999999405816197, -0.817199959536083, False, 18.238129, -0.033290952, 0.0, 1.190202, 29.182459, 0.48999998, 1.3740307
212, 683, -0.0011999999405816197, -0.8183999594766647, False, 18.118126, 0.03738892, 0.0, 0.48615348, 29.172573, 0.48999998, 1.41488
212, 684, -0.0011999999405816197, -0.8195999594172463, False, 17.998123, 0.0017400011, 0.0, 0.02262457, 29.170265, 0.48999998, 1.4244123
212, 685, -0.0011999999405816197, -0.8207999593578279, False, 17.87812, -0.16239792, 0.0, -2.4541526, 29.203316, 0.48999998, 1.3310809
212, 686, -0.0011999999405816197, -0.8219999592984095, False, 17.758118, 0.26099038, 0.0, -4.7029567, 29.290016, 0.48999998, 1.1088464
212, 687, -0.0011999999405816197, -0.8231999592389911, False, 17.638115, 0.15596801, 0.0, -2.8104856, 29.36347, 0.48999998, 0.9192556
212, 688, -0.0011999999405816197, -0.8243999591795728, False, 17.518112, -0.29897416, 0.0, -5.023882, 29.45367, 0.48999998, 0.6769468
212, 689, -0.0011999999405816197, -0.8255999591201544, False, 17.39811, 4.449037e-07, 0.0, 2.9373086e-07, 29.543072, 0.48999998, 0.4903097
212, 690, -0.0011999999405816197, -0.826799959060736, False, 17.278107, 5.007369e-10, 0.0, 1.1245868e-09, 29.543072, 0.48999998, 0.49992383
212, 691, -0.0011999999405816197, -0.8279999590013176, False, 17.158104, 0.0, 1.4901161e-08, 0.0, 29.543167, 0.48999998, 0.5000008
212, 692, -0.0011999999405816197, -0.8291999589418992, False, 17.038101, 0.16571921, 0.0, 2.4744322, 29.509798, 0.48999998, 0.59456664
212, 693, -0.0011999999405816197, -0.8303999588824809, False, 16.918098, 0.07806404, 0.0, -0.66041696, 29.508698, 0.48999998, 0.61278284
212, 694, -0.0011999999405816197, -0.8315999588230625, False, 16.798096, 0.030879356, 0.0, -0.13656312, 29.517868, 0.48999998, 0.59736514
212, 695, -0.0011999999405816197, -0.8327999587636441, False, 16.678093, 0.2008453, 0.0, -2.5952725, 29.550232, 0.48999998, 0.49439624
212, 696, -0.0011999999405816197, -0.8339999587042257, False, 16.55809, 1.07932295e-10, 0.0, 3.3214928e-10, 29.550339, 0.48999998, 0.49995655
212, 697, -0.0011999999405816197, -0.8351999586448073, False, 16.438087, 0.16571945, 0.0, 2.474432, 29.51697, 0.48999998, 0.5945224
212, 698, -0.0011999999405816197, -0.836399958585389, False, 16.318085, 0.0698591, 0.0, -0.65701556, 29.514055, 0.48999998, 0.6118464
212, 699, -0.0011999999405816197, -0.8375999585259706, False, 16.198082, -0.07031754, 0.0, 1.8877935, 29.499054, 0.48999998, 0.6736798
212, 700, -0.0011999999405816197, -0.8387999584665522, False, 16.07808, -0.027233854, 0.0, -0.98485005, 29.498308, 0.48999998, 0.665871
212, 701, -0.0011999999405816197, -0.8399999584071338, False, 15.958078, -0.27872926, 0.0, -3.3607094, 29.531818, 0.48999998, 0.51388013
212, 702, -0.0011999999405816197, -0.8411999583477154, False, 15.8380785, -0.00589744, 0.0, -0.021437943, 29.53238, 0.48999998, 0.5001124
212, 703, -0.0011999999405816197, -0.8423999582882971, False, 15.718079, -3.6674322e-05, 0.0, -0.00017251499, 29.532434, 0.48999998, 0.5000023
212, 704, -0.0011999999405816197, -0.8435999582288787, False, 15.598079, -0.16572955, 0.0, 2.4742734, 29.514044, 0.48999998, 0.5985719
212, 705, -0.0011999999405816197, -0.8447999581694603, False, 15.478079, -0.5343217, 0.0, 4.6923833, 29.482866, 0.48999998, 0.83602566
212, 706, -0.0011999999405816197, -0.8459999581100419, False, 15.358079, 0.15088737, 0.0, 6.756764, 29.451311, 0.48999998, 1.2002294
212, 707, -0.0011999999405816197, -0.8471999580506235, False, 15.238079, 0.9321701, 0.0, 8.556211, 29.406677, 0.48999998, 1.6784407
212, 708, -0.0011999999405816197, -0.8483999579912052, False, 15.118079, 1.3732945, 0.0, 4.505864, 29.385036, 0.48999998, 2.0360944
212, 709, -0.0011999999405816197, -0.8495999579317868, False, 14.998079, 1.7601333, 0.0, 6.423197, 29.34382, 0.48999998, 2.3949006
212, 710, -0.0011999999405816197, -0.8507999578723684, False, 14.878079, 1.8400909, 0.0, 2.5362077, 29.336567, 0.48999998, 2.6491296
212, 711, -0.0011999999405816197, -0.85199995781295, False, 14.75808, 1.4067217, 0.0, -0.71318114, 29.406223, 0.48999998, 2.7176745
212, 712, -0.0011999999405816197, -0.8531999577535316, False, 14.63808, 1.1444476, 0.0, 1.8495605, 29.420147, 0.48999998, 2.810516
212, 713, -0.0011999999405816197, -0.8543999576941133, False, 14.51808, 1.2766762, 0.0, 4.0586166, 29.325762, 0.48999998, 3.0013337
212, 714, -0.0011999999405816197, -0.8555999576346949, False, 14.39808, 1.6307535, 0.0, 6.0288815, 29.125713, 0.48999998, 3.2705886
212, 715, -0.0011999999405816197, -0.8567999575752765, False, 14.27808, 2.1389637, 0.0, 7.7718973, 28.820782, 0.48999998, 3.5987902
212, 716, -0.0011999999405816197, -0.8579999575158581, False, 14.15808, 2.7576733, 0.0, 9.297592, 28.412477, 0.48999998, 3.9669425
212, 717, -0.0011999999405816197, -0.8591999574564397, False, 14.03808, 1.3665104, 0.0, 11.124921, 27.905638, 0.48999998, 4.361676
212, 718, -0.0011999999405816197, -0.8603999573970214, False, 13.91808, -0.016849041, 0.0, 12.638209, 27.315928, 0.48999998, 4.7922816
212, 719, -0.0011999999405816197, -0.861599957337603, False, 13.79808, -1.3735023, 0.0, 13.873886, 26.660784, 0.48999998, 5.2703676
212, 720, -0.0011999999405816197, -0.8627999572781846, False, 13.678081, -2.2863307, 0.0, 9.258169, 26.122784, 0.48999998, 5.649284
212, 721, -0.0011999999405816197, -0.8639999572187662, False, 13.558081, -1.3126347, 0.0, 5.4398174, 25.768278, 0.48999998, 5.860597
212, 722, -0.0011999999405816197, -0.8651999571593478, False, 13.438081, -0.77222776, 0.0, 1.9099772, 25.590122, 0.48999998, 5.931367
212, 723, -0.0011999999405816197, -0.8663999570999295, False, 13.318081, -0.2869208, 0.0, 4.271373, 25.396484, 0.48999998, 6.0187335
212, 724, -0.0011999999405816197, -0.8675999570405111, False, 13.198081, 0.32304454, 0.0, 6.3539085, 25.092552, 0.48999998, 6.1732907
212, 725, -0.0011999999405816197, -0.8687999569810927, False, 13.078081, 1.0423124, 0.0, 8.177382, 24.6806, 0.48999998, 6.3731017
212, 726, -0.0011999999405816197, -0.8699999569216743, False, 12.958081, -0.029628515, 0.0, 9.948586, 24.166275, 0.48999998, 6.6031284
212, 727, -0.0011999999405816197, -0.8711999568622559, False, 12.838081, 1.0779958, 0.0, 11.4519205, 23.561798, 0.48999998, 6.8675513
212, 728, -0.0011999999405816197, -0.8723999568028376, False, 12.718081, 0.07897496, 0.0, 7.297394, 23.087433, 0.48999998, 7.0810847
212, 729, -0.0011999999405816197, -0.8735999567434192, False, 12.598082, 0.066455364, 0.0, 3.4759655, 22.830322, 0.48999998, 7.2001967
212, 730, -0.0011999999405816197, -0.8747999566840008, False, 12.478082, 0.06778053, 0.0, 0.046340704, 22.768711, 0.48999998, 7.232187
212, 731, -0.0011999999405816197, -0.8759999566245824, False, 12.358082, 0.04815507, 0.0, -2.4393413, 22.862635, 0.48999998, 7.2049904
212, 732, -0.0011999999405816197, -0.877199956565164, False, 12.238082, 0.040033817, 0.0, -4.6936264, 23.08931, 0.48999998, 7.1340275
212, 733, -0.0011999999405816197, -0.8783999565057456, False, 12.118082, -0.17562881, 0.0, -1.1049936, 23.219452, 0.48999998, 7.091342
212, 734, -0.0011999999405816197, -0.8795999564463273, False, 11.998082, -0.114139706, 0.0, -0.42505178, 23.255611, 0.48999998, 7.077441
212, 735, -0.0011999999405816197, -0.8807999563869089, False, 11.878082, 0.0, 0.0, 0.0, 23.26291, 0.48999998, 7.074634
212, 736, -0.0011999999405816197, -0.8819999563274905, False, 11.758082, 0.1657193, 0.0, 2.4744327, 23.162663, 0.48999998, 7.0721216
212, 737, -0.0011999999405816197, -0.8831999562680721, False, 11.6380825, 0.53432906, 0.0, 4.692529, 22.923908, 0.48999998, 7.0532317
212, 738, -0.0011999999405816197, -0.8843999562086537, False, 11.518083, 0.61533606, 0.0, 1.0710613, 22.783426, 0.48999998, 7.0539417
212, 739, -0.0011999999405816197, -0.8855999561492354, False, 11.398083, 0.37643486, 0.0, -1.6435127, 22.821209, 0.48999998, 7.093012
212, 740, -0.0011999999405816197, -0.886799956089817, False, 11.278083, 0.26405573, 0.0, -0.77121323, 22.87675, 0.48999998, 7.126257
212, 741, -0.0011999999405816197, -0.8879999560303986, False, 11.158083, -0.03235823, 0.0, -3.194016, 23.014038, 0.48999998, 7.1716676
212, 742, -0.0011999999405816197, -0.8891999559709802, False, 11.038083, -0.02726984, 0.0, -5.378132, 23.280819, 0.48999998, 7.2565417
212, 743, -0.0011999999405816197, -0.8903999559115618, False, 10.918083, -0.021735042, 0.0, -1.7350914, 23.448061, 0.48999998, 7.3093877
212, 744, -0.0011999999405816197, -0.8915999558521435, False, 10.798083, -0.34528553, 0.0, -4.0379477, 23.635761, 0.48999998, 7.371904
212, 745, -0.0011999999405816197, -0.8927999557927251, False, 10.678083, -0.83729076, 0.0, -6.086949, 23.941324, 0.48999998, 7.4904623
212, 746, -0.0011999999405816197, -0.8939999557333067, False, 10.558084, -0.7253523, 0.0, -8.00391, 24.34756, 0.48999998, 7.67231
212, 747, -0.0011999999405816197, -0.8951999556738883, False, 10.438084, 0.2893257, 0.0, -9.762176, 24.845463, 0.48999998, 7.910797
212, 748, -0.0011999999405816197, -0.89639995561447, False, 10.318084, -0.83335304, 0.0, -11.307745, 25.43105, 0.48999998, 8.191879
212, 749, -0.0011999999405816197, -0.8975999555550516, False, 10.198084, 0.22420955, 0.0, -7.1941056, 25.887636, 0.48999998, 8.412474
212, 750, -0.0011999999405816197, -0.8987999554956332, False, 10.078084, -0.64889765, 0.0, -8.984972, 26.342777, 0.48999998, 8.631453
212, 751, -0.0011999999405816197, -0.8999999554362148, False, 9.958084, 0.44675255, 0.0, -10.64007, 26.886396, 0.48999998, 8.90108
212, 752, -0.0011999999405816197, -0.9011999553767964, False, 9.838084, 0.39355087, 0.0, -12.132195, 27.514692, 0.48999998, 9.207812
212, 753, -0.0011999999405816197, -0.902399955317378, False, 9.718084, -0.57788897, 0.0, -7.846978, 28.014273, 0.48999998, 9.451046
212, 754, -0.0011999999405816197, -0.9035999552579597, False, 9.598084, -0.9999138, 0.0, -3.8963857, 28.30344, 0.48999998, 9.578958
212, 755, -0.0011999999405816197, -0.9047999551985413, False, 9.478085, -0.86380464, 0.0, -0.38320488, 28.410555, 0.48999998, 9.591815
212, 756, -0.0011999999405816197, -0.9059999551391229, False, 9.358085, -0.30935964, 0.0, -0.10005902, 28.438648, 0.48999998, 9.579263
212, 757, -0.0011999999405816197, -0.9071999550797045, False, 9.238085, -0.060879707, 0.0, 2.4152322, 28.38759, 0.48999998, 9.497318
212, 758, -0.0011999999405816197, -0.9083999550202861, False, 9.118085, -0.025756061, 0.0, -0.7226894, 28.37995, 0.48999998, 9.486319
212, 759, -0.0011999999405816197, -0.9095999549608678, False, 8.998085, -0.25274706, 0.0, -3.1243482, 28.449305, 0.48999998, 9.608966
212, 760, -0.0011999999405816197, -0.9107999549014494, False, 8.878085, -0.67009485, 0.0, -5.271158, 28.5715, 0.48999998, 9.85666
212, 761, -0.0011999999405816197, -0.911999954842031, False, 8.758085, -1.235529, 0.0, -7.1706424, 28.72621, 0.48999998, 10.223574
212, 762, -0.0011999999405816197, -0.9131999547826126, False, 8.638085, -1.9117521, 0.0, -8.833499, 28.894482, 0.48999998, 10.702718
212, 763, -0.0011999999405816197, -0.9143999547231942, False, 8.5180855, -2.6661646, 0.0, -10.272845, 29.058805, 0.48999998, 11.286006
212, 764, -0.0011999999405816197, -0.9155999546637759, False, 8.398086, -3.470611, 0.0, -11.503526, 29.203163, 0.48999998, 11.964333
212, 765, -0.0011999999405816197, -0.9167999546043575, False, 8.278086, -4.3011017, 0.0, -12.541526, 29.313076, 0.48999998, 12.727666
212, 766, -0.0011999999405816197, -0.9179999545449391, False, 8.158086, -4.716039, 0.0, -7.8111744, 29.426962, 0.48999998, 13.344131
212, 767, -0.0011999999405816197, -0.9191999544855207, False, 8.038086, -4.5627365, 0.0, -3.5664353, 29.576496, 0.48999998, 13.72414
212, 768, -0.0011999999405816197, -0.9203999544261023, False, 7.918086, -3.940312, 0.0, 0.08285117, 29.768728, 0.48999998, 13.899622
212, 769, -0.0011999999405816197, -0.921599954366684, False, 7.798086, -3.0814033, 0.0, 3.0709696, 30.008972, 0.48999998, 13.907883
212, 770, -0.0011999999405816197, -0.9227999543072656, False, 7.6780863, -2.1511214, 0.0, 5.5691767, 30.307154, 0.48999998, 13.784357
212, 771, -0.0011999999405816197, -0.9239999542478472, False, 7.5580864, -1.1598887, 0.0, 7.706263, 30.673231, 0.48999998, 13.556834
212, 772, -0.0011999999405816197, -0.9251999541884288, False, 7.4380865, -0.115448, 0.0, 9.534813, 31.114222, 0.48999998, 13.248911
212, 773, -0.0011999999405816197, -0.9263999541290104, False, 7.3180866, 0.5553868, 0.0, 5.9797277, 31.46062, 0.48999998, 13.003609
212, 774, -0.0011999999405816197, -0.9275999540695921, False, 7.1980867, 1.206403, 0.0, 7.8193755, 31.82491, 0.48999998, 12.7614
212, 775, -0.0011999999405816197, -0.9287999540101737, False, 7.078087, 1.9506626, 0.0, 9.420603, 32.29251, 0.48999998, 12.4837055
212, 776, -0.0011999999405816197, -0.9299999539507553, False, 6.958087, 1.8427892, 0.0, 5.7747173, 32.664604, 0.48999998, 12.271499
212, 777, -0.0011999999405816197, -0.9311999538913369, False, 6.838087, 2.295992, 0.0, 7.525875, 33.0604, 0.48999998, 12.087422
212, 778, -0.0011999999405816197, -0.9323999538319185, False, 6.718087, 2.4261904, 0.0, 3.4806015, 33.342793, 0.48999998, 11.930301
212, 779, -0.0011999999405816197, -0.9335999537725002, False, 6.5980873, 1.6399024, 0.0, 1.8945677, 33.492023, 0.48999998, 11.826288
212, 780, -0.0011999999405816197, -0.9347999537130818, False, 6.4780874, 1.1987658, 0.0, -1.055565, 33.49221, 0.48999998, 11.745608
212, 781, -0.0011999999405816197, -0.9359999536536634, False, 6.3580875, 0.692242, 0.0, -3.5545642, 33.338905, 0.48999998, 11.664679
212, 782, -0.0011999999405816197, -0.937199953594245, False, 6.2380877, 0.08419156, 0.0, -5.7454443, 33.05345, 0.48999998, 11.5633335
212, 783, -0.0011999999405816197, -0.9383999535348266, False, 6.118088, -0.6336942, 0.0, -7.665242, 32.65303, 0.48999998, 11.425627
212, 784, -0.0011999999405816197, -0.9395999534754083, False, 5.998088, -0.89074504, 0.0, -4.7024536, 32.33214, 0.48999998, 11.313402
212, 785, -0.0011999999405816197, -0.9407999534159899, False, 5.878088, -0.15229797, 0.0, -6.799801, 31.990744, 0.48999998, 11.175002
212, 786, -0.0011999999405816197, -0.9419999533565715, False, 5.758088, -0.9374881, 0.0, -8.594907, 31.547491, 0.48999998, 10.983858
212, 787, -0.0011999999405816197, -0.9431999532971531, False, 5.638088, -0.8211987, 0.0, -10.278238, 31.016195, 0.48999998, 10.736562
212, 788, -0.0011999999405816197, -0.9443999532377347, False, 5.5180883, -1.8540335, 0.0, -11.671666, 30.407442, 0.48999998, 10.434278
212, 789, -0.0011999999405816197, -0.9455999531783164, False, 5.3980885, -1.6183538, 0.0, -7.4497232, 29.919178, 0.48999998, 10.205347
212, 790, -0.0011999999405816197, -0.946799953118898, False, 5.2780886, -1.3700026, 0.0, -3.6292918, 29.631279, 0.48999998, 10.104088
212, 791, -0.0011999999405816197, -0.9479999530594796, False, 5.1580887, -1.1640296, 0.0, -5.782633, 29.341333, 0.48999998, 9.984478
212, 792, -0.0011999999405816197, -0.9491999530000612, False, 5.038089, -1.0068278, 0.0, -7.7297926, 28.959679, 0.48999998, 9.785526
212, 793, -0.0011999999405816197, -0.9503999529406428, False, 4.918089, 0.019624233, 0.0, -9.541467, 28.492819, 0.48999998, 9.517798
212, 794, -0.0011999999405816197, -0.9515999528812245, False, 4.798089, 0.64044905, 0.0, -5.9751887, 28.125435, 0.48999998, 9.304661
212, 795, -0.0011999999405816197, -0.9527999528218061, False, 4.678089, -0.17653513, 0.0, -7.9240093, 27.742083, 0.48999998, 9.092881
212, 796, -0.0011999999405816197, -0.9539999527623877, False, 4.5580893, -0.62582076, 0.0, -4.9013953, 27.43455, 0.48999998, 8.924328
212, 797, -0.0011999999405816197, -0.9551999527029693, False, 4.4380894, 0.091658115, 0.0, -6.953939, 27.108908, 0.48999998, 8.732889
212, 798, -0.0011999999405816197, -0.9563999526435509, False, 4.3180895, -0.7410779, 0.0, -8.756139, 26.687225, 0.48999998, 8.480576
212, 799, -0.0011999999405816197, -0.9575999525841326, False, 4.1980896, -0.6494627, 0.0, -10.423974, 26.183706, 0.48999998, 8.165062
212, 800, -0.0011999999405816197, -0.9587999525247142, False, 4.0780897, -0.57183695, 0.0, -11.936433, 25.607208, 0.48999998, 7.7904387
212, 801, -0.0011999999405816197, -0.9599999524652958, False, 3.9580898, 0.78986645, 0.0, -13.295508, 24.962873, 0.48999998, 7.3645988
212, 802, -0.0011999999405816197, -0.9611999524058774, False, 3.83809, 0.6994028, 0.0, -14.541013, 24.250282, 0.48999998, 6.9026637
212, 803, -0.0011999999405816197, -0.962399952346459, False, 3.71809, 0.61574364, 0.0, -10.046698, 23.671402, 0.48999998, 6.5238395
212, 804, -0.0011999999405816197, -0.9635999522870407, False, 3.5980902, 0.5326624, 0.0, -5.9706717, 23.308918, 0.48999998, 6.275702
212, 805, -0.0011999999405816197, -0.9647999522276223, False, 3.4780903, 0.32557988, 0.0, -3.6494641, 23.09442, 0.48999998, 6.1249485
212, 806, -0.0011999999405816197, -0.9659999521682039, False, 3.3580904, 0.1829714, 0.0, -0.20006971, 23.033615, 0.48999998, 6.072457
212, 807, -0.0011999999405816197, -0.9671999521087855, False, 3.2380905, 0.12591267, 0.0, 2.3028698, 23.11505, 0.48999998, 6.1099143
212, 808, -0.0011999999405816197, -0.9683999520493671, False, 3.1180906, 0.104364514, 0.0, 4.569973, 23.317417, 0.48999998, 6.219085
212, 809, -0.0011999999405816197, -0.9695999519899487, False, 2.9980907, -0.5060394, 0.0, 6.6066284, 23.630949, 0.48999998, 6.3905745
212, 810, -0.0011999999405816197, -0.9707999519305304, False, 2.8780909, -1.2247248, 0.0, 8.388997, 24.051811, 0.48999998, 6.6053476
212, 811, -0.0011999999405816197, -0.971999951871112, False, 2.758091, -2.0227113, 0.0, 9.932359, 24.575981, 0.48999998, 6.8436265
212, 812, -0.0011999999405816197, -0.9731999518116936, False, 2.638091, -2.8724895, 0.0, 11.252993, 25.197998, 0.48999998, 7.0871086
212, 813, -0.0011999999405816197, -0.9743999517522752, False, 2.5180912, -2.5354776, 0.0, 12.695444, 25.910908, 0.48999998, 7.3215885
212, 814, -0.0011999999405816197, -0.9755999516928568, False, 2.3980913, -0.8667302, 0.0, 14.166557, 26.705961, 0.48999998, 7.548897
212, 815, -0.0011999999405816197, -0.9767999516334385, False, 2.2780914, -2.2677922, 0.0, 15.174225, 27.573929, 0.48999998, 7.779797
212, 816, -0.0011999999405816197, -0.9779999515740201, False, 2.1580915, -3.60193, 0.0, 15.955347, 28.50961, 0.48999998, 8.001956
212, 817, -0.0011999999405816197, -0.9791999515146017, False, 2.0380917, -1.2307878, 0.0, 10.443684, 29.22858, 0.48999998, 8.164292
212, 818, -0.0011999999405816197, -0.9803999514551833, False, 1.9180918, 0.073052645, 0.0, 12.0108185, 29.905123, 0.48999998, 8.306331
212, 819, -0.0011999999405816197, -0.981599951395765, False, 1.7980919, 0.064539194, 0.0, 13.375317, 30.664824, 0.48999998, 8.463713
212, 820, -0.0011999999405816197, -0.9827999513363466, False, 1.678092, 1.4853566, 0.0, 14.534395, 31.49887, 0.48999998, 8.64009
212, 821, -0.0011999999405816197, -0.9839999512769282, False, 1.5580921, 1.3177166, 0.0, 15.665623, 32.397182, 0.48999998, 8.845453
212, 822, -0.0011999999405816197, -0.9851999512175098, False, 1.4380922, 1.1706448, 0.0, 16.691275, 33.353138, 0.48999998, 9.079244
212, 823, -0.0011999999405816197, -0.9863999511580914, False, 1.3180923, 1.871381, 0.0, 10.600271, 34.085037, 0.48999998, 9.261596
212, 824, -0.0011999999405816197, -0.987599951098673, False, 1.1980925, 1.6488729, 0.0, 12.099482, 34.76343, 0.48999998, 9.450667
212, 825, -0.0011999999405816197, -0.9887999510392547, False, 1.0780926, 1.4572158, 0.0, 13.4579735, 35.513885, 0.48999998, 9.685055
212, 826, -0.0011999999405816197, -0.9899999509798363, False, 0.9580926, 1.8252265, 0.0, 8.456397, 36.09254, 0.48999998, 9.87109
212, 827, -0.0011999999405816197, -0.9911999509204179, False, 0.8380925, 1.5987079, 0.0, 10.156259, 36.641613, 0.48999998, 10.072334
212, 828, -0.0011999999405816197, -0.9923999508609995, False, 0.71809244, 2.1104429, 0.0, 5.8906384, 37.071514, 0.48999998, 10.216602
212, 829, -0.0011999999405816197, -0.9935999508015811, False, 0.5980924, 1.828752, 0.0, 7.8354316, 37.488743, 0.48999998, 10.377503
212, 830, -0.0011999999405816197, -0.9947999507421628, False, 0.47809234, 1.1411067, 0.0, 4.889161, 37.816956, 0.48999998, 10.515907
212, 831, -0.0011999999405816197, -0.9959999506827444, False, 0.35809237, 1.1280775, 0.0, 1.2187567, 37.9739, 0.48999998, 10.553427
212, 832, -0.0011999999405816197, -0.997199950623326, False, 0.2380924, 0.70899886, 0.0, -1.6390373, 37.979816, 0.48999998, 10.484741
212, 833, -0.0011999999405816197, -0.9983999505639076, False, 0.11809241, 0.34981903, 0.0, -0.80869865, 37.957703, 0.48999998, 10.419061
212, 834, -0.0011999999405816197, -0.9995999505044892, True, 0.0, 0.514628, 0.0, -2.3999515, 37.9117, 0.48999998, 10.350691
