episode, step, reward, cumulative reward, done, health, vx, vy, vz, px, py, pz
1858, 1, 0.0, 0.0, False, 99.96, 0.0, -0.1899216, 0.0, 20.0, 0.50620157, 5.0
1858, 2, -0.0011999999405816197, -0.0011999999405816197, False, 99.84, 0.0, -0.06980896, 1.5125134, 20.0, 0.49034908, 5.047178
1858, 3, -0.0011999999405816197, -0.0023999998811632395, False, 99.71999, 0.30294606, -0.0005579144, 3.8015518, 19.997427, 0.4900028, 5.2303424
1858, 4, -0.0011999999405816197, -0.0035999998217448592, False, 99.59999, 0.77833986, -4.7683716e-06, 5.877157, 19.9782, 0.49000004, 5.5441036
1858, 5, -0.0011999999405816197, -0.004799999762326479, False, 99.47999, 1.388365, 0.0, 7.707471, 19.927517, 0.49000004, 5.973809
1858, 6, -0.0011999999405816197, -0.005999999702908099, False, 99.359985, 2.097831, 0.0, 9.303917, 19.832426, 0.49000004, 6.5042505
1858, 7, -0.0011999999405816197, -0.0071999996434897184, False, 99.23998, 2.8757682, 0.0, 10.68037, 19.681797, 0.49000004, 7.1199584
1858, 8, -0.0011999999405816197, -0.008399999584071338, False, 99.11998, 3.695436, 0.0, 11.852222, 19.466305, 0.49000004, 7.805299
1858, 9, -0.0011999999405816197, -0.009599999524652958, False, 98.99998, 4.534117, 0.0, 12.835823, 19.178438, 0.49000004, 8.544585
1858, 10, -0.0011999999405816197, -0.010799999465234578, False, 98.879974, 5.3728333, 0.0, 13.64801, 18.812471, 0.49000004, 9.322191
1858, 11, -0.0011999999405816197, -0.011999999405816197, False, 98.75997, 6.1960406, 0.0, 14.305716, 18.364445, 0.49000004, 10.122675
1858, 12, -0.0011999999405816197, -0.013199999346397817, False, 98.63997, 3.953775, 0.0, 15.976591, 17.835238, 0.49000004, 10.935208
1858, 13, -0.0011999999405816197, -0.014399999286979437, False, 98.519966, 3.5152645, 0.0, 16.980137, 17.23953, 0.49000004, 11.766867
1858, 14, -0.0011999999405816197, -0.015599999227561057, False, 98.39996, 3.1283169, 0.0, 17.8882, 16.585745, 0.49000004, 12.618235
1858, 15, -0.0011999999405816197, -0.016799999168142676, False, 98.27996, 4.6274505, 0.0, 18.323973, 15.878012, 0.49000004, 13.485805
1858, 16, -0.0011999999405816197, -0.017999999108724296, False, 98.15996, 4.123932, 0.0, 19.109829, 15.114029, 0.49000004, 14.358829
1858, 17, -0.0011999999405816197, -0.019199999049305916, False, 98.039955, 3.6772194, 0.0, 19.820518, 14.297958, 0.49000004, 15.235203
1858, 18, -0.0011999999405816197, -0.020399998989887536, False, 97.91995, 1.2227354, 0.0, 20.702011, 13.436661, 0.49000004, 16.117104
1858, 19, -0.0011999999405816197, -0.021599998930469155, False, 97.79995, 3.2082157, 0.0, 21.035965, 12.540643, 0.49000004, 17.01185
1858, 20, -0.0011999999405816197, -0.022799998871050775, False, 97.67995, 5.003513, 0.0, 21.154486, 11.605686, 0.49000004, 17.908556
1858, 21, -0.0011999999405816197, -0.023999998811632395, False, 97.559944, 6.610573, 0.0, 21.097944, 10.626182, 0.49000004, 18.792624
1858, 22, -0.0011999999405816197, -0.025199998752214015, False, 97.43994, 8.034402, 0.0, 20.902018, 9.598747, 0.49000004, 19.650034
1858, 23, -0.0011999999405816197, -0.026399998692795634, False, 97.31994, 9.28244, 0.0, 20.598019, 8.522076, 0.49000004, 20.46746
1858, 24, -0.0011999999405816197, -0.027599998633377254, False, 97.199936, 10.363974, 0.0, 20.21325, 7.3967886, 0.49000004, 21.232376
1858, 25, -0.0011999999405816197, -0.028799998573958874, False, 97.07993, 7.4937162, 0.0, 16.109016, 6.4507856, 0.49000004, 21.908632
1858, 26, -0.0011999999405816197, -0.029999998514540493, False, 96.95993, 5.3024817, 0.0, 12.130899, 5.7731404, 0.49000004, 22.474491
1858, 27, -0.0011999999405816197, -0.031199998455122113, False, 96.83993, 3.7045965, 0.0, 8.334055, 5.3331404, 0.49000004, 22.921827
1858, 28, -0.0011999999405816197, -0.03239999839570373, False, 96.719925, 4.183718, 0.0, 9.672125, 4.8943834, 0.49000004, 23.33725
1858, 29, -0.0011999999405816197, -0.03359999833628535, False, 96.59992, 4.7426715, 0.0, 10.833746, 4.3513722, 0.49000004, 23.75343
1858, 30, -0.0011999999405816197, -0.03479999827686697, False, 96.47992, 4.1872945, 0.0, 12.328176, 3.7108734, 0.49000004, 24.15741
1858, 31, -0.0011999999405816197, -0.03599999821744859, False, 96.35992, 5.015633, 0.0, 13.221397, 2.9816847, 0.49000004, 24.546522
1858, 32, -0.0011999999405816197, -0.03719999815803021, False, 96.239914, 3.0060725, 0.0, 14.88307, 2.1710835, 0.49000004, 24.913733
1858, 33, -0.0011999999405816197, -0.03839999809861183, False, 96.11991, 1.0821967, 0.0, 16.18468, 1.2892659, 0.49000004, 25.274277
1858, 34, -0.0011999999405816197, -0.03959999803919345, False, 95.99991, 0.9619684, 0.0, 17.161749, 0.34669557, 0.49000004, 25.643675
1858, 35, -0.0011999999405816197, -0.04079999797977507, False, 95.879906, 2.722583e-08, 1.4901161e-08, 1.2121571e-08, 0.49877352, 0.49, 25.644775
1858, 36, -0.0011999999405816197, -0.04199999792035669, False, 95.7599, 0.16571921, 0.0, -2.4744325, 0.5893349, 0.49, 25.60171
1858, 37, -0.0011999999405816197, -0.04319999786093831, False, 95.6399, 0.534328, 0.0, -4.692529, 0.79976916, 0.49, 25.48735
1858, 38, -0.0011999999405816197, -0.04439999780151993, False, 95.5199, -0.15089583, 0.0, -6.756894, 1.1129671, 0.49, 25.298794
1858, 39, -0.0011999999405816197, -0.04559999774210155, False, 95.399895, 0.6713023, 0.0, -8.583804, 1.5234499, 0.49, 25.049238
1858, 40, -0.0011999999405816197, -0.04679999768268317, False, 95.27989, -0.38999224, 0.0, -10.280254, 2.0183725, 0.49, 24.738512
1858, 41, -0.0011999999405816197, -0.04799999762326479, False, 95.15989, 0.793972, 0.0, -11.784467, 2.593839, 0.49, 24.378391
1858, 42, -0.0011999999405816197, -0.04919999756384641, False, 95.03989, 1.9751687, 0.0, -13.032494, 3.2353795, 0.49, 23.96323
1858, 43, -0.0011999999405816197, -0.05039999750442803, False, 94.91988, 3.13523, 0.0, -14.051025, 3.9260266, 0.49, 23.484886
1858, 44, -0.0011999999405816197, -0.05159999744500965, False, 94.79988, 4.2583256, 0.0, -14.865208, 4.6491747, 0.49, 22.937393
1858, 45, -0.0011999999405816197, -0.05279999738559127, False, 94.67988, 2.5555067, 0.0, -10.685555, 5.254574, 0.49, 22.500044
1858, 46, -0.0011999999405816197, -0.05399999732617289, False, 94.559875, 1.4266, 0.0, -6.75163, 5.6741586, 0.49, 22.23939
1858, 47, -0.0011999999405816197, -0.05519999726675451, False, 94.43987, 0.77815336, 0.0, -3.096742, 5.911791, 0.49, 22.124872
1858, 48, -0.0011999999405816197, -0.05639999720733613, False, 94.31987, 0.40987164, 0.0, 0.10687585, 5.9734464, 0.49, 22.122093
1858, 49, -0.0011999999405816197, -0.05759999714791775, False, 94.19987, 0.47639465, 0.0, 2.5476644, 5.8895917, 0.49, 22.190325
1858, 50, -0.0011999999405816197, -0.05879999708849937, False, 94.079865, 0.7992103, 0.0, 4.732985, 5.676257, 0.49, 22.310116
1858, 51, -0.0011999999405816197, -0.05999999702908099, False, 93.95986, 1.2925618, 0.0, 6.674696, 5.3402243, 0.49, 22.462046
1858, 52, -0.0011999999405816197, -0.06119999696966261, False, 93.83986, 1.123636, 0.0, 8.538887, 4.889439, 0.49, 22.63008
1858, 53, -0.0011999999405816197, -0.062399996910244226, False, 93.71986, 0.98413277, 0.0, 10.228004, 4.334325, 0.49, 22.811174
1858, 54, -0.0011999999405816197, -0.06359999685082585, False, 93.59985, 0.108650684, 0.0, 6.184452, 3.9064558, 0.49, 22.954433
1858, 55, -0.0011999999405816197, -0.06479999679140747, False, 93.47985, -0.2636659, 0.0, 2.4552999, 3.69745, 0.49, 23.025726
1858, 56, -0.0011999999405816197, -0.06599999673198909, False, 93.35985, 0.17734861, 0.0, 4.7132425, 3.4729543, 0.49, 23.107555
1858, 57, -0.0011999999405816197, -0.0671999966725707, False, 93.239845, 0.75973535, 0.0, 6.71062, 3.1276608, 0.49, 23.227081
1858, 58, -0.0011999999405816197, -0.06839999661315233, False, 93.11984, 1.4541957, 0.0, 8.460368, 2.6684706, 0.49, 23.364431
1858, 59, -0.0011999999405816197, -0.06959999655373394, False, 92.99984, 1.8091055, 0.0, 4.3780994, 2.329768, 0.49, 23.482014
1858, 60, -0.0011999999405816197, -0.07079999649431556, False, 92.87984, 1.6125331, 0.0, 0.7582309, 2.2076905, 0.49, 23.578566
1858, 61, -0.0011999999405816197, -0.07199999643489718, False, 92.759834, 1.0982176, 0.0, -2.0672274, 2.2640238, 0.49, 23.66702
1858, 62, -0.0011999999405816197, -0.0731999963754788, False, 92.63983, 0.9086381, 0.0, -4.3684106, 2.4644008, 0.49, 23.768827
1858, 63, -0.0011999999405816197, -0.07439999631606042, False, 92.51983, 0.19679046, 0.0, -6.5003066, 2.7921765, 0.49, 23.891375
1858, 64, -0.0011999999405816197, -0.07559999625664204, False, 92.399826, -0.60757756, 0.0, -8.356536, 3.2310781, 0.49, 24.048054
1858, 65, -0.0011999999405816197, -0.07679999619722366, False, 92.27982, 0.42439437, 0.0, -10.069262, 3.7666743, 0.49, 24.247112
1858, 66, -0.0011999999405816197, -0.07799999613780528, False, 92.15982, 1.4866359, 0.0, -11.519185, 4.394202, 0.49, 24.472818
1858, 67, -0.0011999999405816197, -0.0791999960783869, False, 92.03982, 1.704581, 0.0, -7.1807566, 4.8845763, 0.49, 24.645065
1858, 68, -0.0011999999405816197, -0.08039999601896852, False, 91.919815, 2.3199399, 0.0, -8.802381, 5.3766713, 0.49, 24.787983
1858, 69, -0.0011999999405816197, -0.08159999595955014, False, 91.79981, 3.019755, 0.0, -10.209618, 5.9722857, 0.49, 24.912918
1858, 70, -0.0011999999405816197, -0.08279999590013176, False, 91.67981, 3.774653, 0.0, -11.416019, 6.660574, 0.49, 25.00537
1858, 71, -0.0011999999405816197, -0.08399999584071338, False, 91.55981, 4.5600643, 0.0, -12.436439, 7.4299726, 0.49, 25.052362
1858, 72, -0.0011999999405816197, -0.085199995781295, False, 91.439804, 5.3555536, 0.0, -13.286484, 8.268291, 0.49, 25.042522
1858, 73, -0.0011999999405816197, -0.08639999572187662, False, 91.3198, 6.1443224, 0.0, -13.9821, 9.162822, 0.49, 24.96612
1858, 74, -0.0011999999405816197, -0.08759999566245824, False, 91.1998, 6.912833, 0.0, -14.539179, 10.10046, 0.49, 24.815088
1858, 75, -0.0011999999405816197, -0.08879999560303986, False, 91.079796, 5.3945684, 0.0, -8.827554, 10.813403, 0.49, 24.682047
1858, 76, -0.0011999999405816197, -0.08999999554362148, False, 90.95979, 2.8086808, 0.0, -5.9072604, 11.267145, 0.49, 24.597374
1858, 77, -0.0011999999405816197, -0.0911999954842031, False, 90.83979, 1.9987233, 0.0, -2.5082278, 11.521949, 0.49, 24.59491
1858, 78, -0.0011999999405816197, -0.09239999542478472, False, 90.71979, 1.466922, 0.0, 0.42760378, 11.591155, 0.49, 24.66806
1858, 79, -0.0011999999405816197, -0.09359999536536634, False, 90.599785, 1.3599025, 0.0, 2.7925756, 11.504438, 0.49, 24.785578
1858, 80, -0.0011999999405816197, -0.09479999530594796, False, 90.47978, 1.5644078, 0.0, 4.886852, 11.280769, 0.49, 24.931774
1858, 81, -0.0011999999405816197, -0.09599999524652958, False, 90.35978, 1.9637582, 0.0, 6.750343, 10.930618, 0.49, 25.090271
1858, 82, -0.0011999999405816197, -0.0971999951871112, False, 90.23978, 2.5012336, 0.0, 8.39322, 10.463959, 0.49, 25.244652
1858, 83, -0.0011999999405816197, -0.09839999512769282, False, 90.119774, 3.136827, 0.0, 9.825935, 9.891274, 0.49, 25.379442
1858, 84, -0.0011999999405816197, -0.09959999506827444, False, 89.99977, 3.8386922, 0.0, 11.060728, 9.2237215, 0.49, 25.480455
1858, 85, -0.0011999999405816197, -0.10079999500885606, False, 89.87977, 4.5806136, 0.0, 12.111296, 8.473105, 0.49, 25.534954
1858, 86, -0.0011999999405816197, -0.10199999494943768, False, 89.759766, 4.05281, 0.0, 13.482605, 7.6509256, 0.49, 25.534243
1858, 87, -0.0011999999405816197, -0.1031999948900193, False, 89.63976, 2.132966, 0.0, 15.023621, 6.7637935, 0.49, 25.484812
1858, 88, -0.0011999999405816197, -0.10439999483060092, False, 89.51976, 1.8936106, 0.0, 16.110603, 5.8144917, 0.49, 25.40393
1858, 89, -0.0011999999405816197, -0.10559999477118254, False, 89.39976, 0.12804699, 0.0, 10.425671, 5.086745, 0.49, 25.336462
1858, 90, -0.0011999999405816197, -0.10679999471176416, False, 89.279755, 0.11273897, 0.0, 11.937537, 4.4030986, 0.49, 25.2717
1858, 91, -0.0011999999405816197, -0.10799999465234578, False, 89.15975, -1.1932656, 0.0, 13.253809, 3.6347687, 0.49, 25.19987
1858, 92, -0.0011999999405816197, -0.1091999945929274, False, 89.03975, -1.6428444, 0.0, 8.339286, 3.0398552, 0.49, 25.146305
1858, 93, -0.0011999999405816197, -0.11039999453350902, False, 88.91975, -2.3822405, 0.0, 9.85102, 2.464389, 0.49, 25.118721
1858, 94, -0.0011999999405816197, -0.11159999447409064, False, 88.79974, -3.179435, 0.0, 11.148359, 1.7973979, 0.49, 25.128998
1858, 95, -0.0011999999405816197, -0.11279999441467226, False, 88.67974, -1.57239, 0.0, 12.834296, 1.0502846, 0.49, 25.184328
1858, 96, -0.0011999999405816197, -0.11399999435525388, False, 88.55974, -0.12606035, 1.4901161e-08, 0.387998, 0.50203973, 0.49, 25.239573
1858, 97, -0.0011999999405816197, -0.1151999942958355, False, 88.439735, -0.0011537008, 0.0, 0.0030617865, 0.50001633, 0.49, 25.239697
1858, 98, -0.0011999999405816197, -0.11639999423641711, False, 88.31973, 0.16461498, 0.0, -2.4717588, 0.5903986, 0.49, 25.196651
1858, 99, -0.0011999999405816197, -0.11759999417699873, False, 88.19973, 0.5331547, 0.0, -4.6902103, 0.80067337, 0.49, 25.082317
1858, 100, -0.0011999999405816197, -0.11879999411758035, False, 88.07973, -0.15168762, 0.0, -6.7546935, 1.1137285, 0.49, 24.893787
1858, 101, -0.0011999999405816197, -0.11999999405816197, False, 87.959724, 0.6704111, 0.0, -8.581892, 1.5240829, 0.49, 24.644258
1858, 102, -0.0011999999405816197, -0.1211999939987436, False, 87.83972, -0.39059067, 0.0, -10.278447, 2.0188901, 0.49, 24.333557
1858, 103, -0.0011999999405816197, -0.12239999393932521, False, 87.71972, 0.79327774, 0.0, -11.78289, 2.5942526, 0.49, 23.97346
1858, 104, -0.0011999999405816197, -0.12359999387990683, False, 87.59972, 1.9744058, 0.0, -13.031136, 3.2356994, 0.49, 23.558321
1858, 105, -0.0011999999405816197, -0.12479999382048845, False, 87.47971, 3.134427, 0.0, -14.04987, 3.9262624, 0.49, 23.079996
1858, 106, -0.0011999999405816197, -0.12599999376107007, False, 87.35971, 1.6404119, 0.0, -9.839562, 4.496862, 0.49, 22.700842
1858, 107, -0.0011999999405816197, -0.1271999937016517, False, 87.23971, 0.7080176, 0.0, -5.897924, 4.8721013, 0.49, 22.479994
1858, 108, -0.0011999999405816197, -0.1283999936422333, False, 87.119705, 0.2492466, 0.0, -2.2532413, 5.058385, 0.49, 22.387833
1858, 109, -0.0011999999405816197, -0.12959999358281493, False, 86.9997, 0.0920569, 0.0, 0.8043592, 5.0672436, 0.49, 22.389763
1858, 110, -0.0011999999405816197, -0.13079999352339655, False, 86.8797, 0.07201505, 0.0, 3.210835, 4.936152, 0.49, 22.453215
1858, 111, -0.0011999999405816197, -0.13199999346397817, False, 86.7597, 0.5269735, 0.0, 5.3647776, 4.680106, 0.49, 22.568571
1858, 112, -0.0011999999405816197, -0.1331999934045598, False, 86.639694, 1.1219592, 0.0, 7.267435, 4.3058133, 0.49, 22.717527
1858, 113, -0.0011999999405816197, -0.1343999933451414, False, 86.51969, 0.2209866, 0.0, 4.5573134, 4.0024486, 0.49, 22.832617
1858, 114, -0.0011999999405816197, -0.13559999328572303, False, 86.39969, -0.02764222, 0.0, 0.9969051, 3.8821828, 0.49, 22.88098
1858, 115, -0.0011999999405816197, -0.13679999322630465, False, 86.279686, 0.23669171, 0.0, 3.3761888, 3.737766, 0.49, 22.940933
1858, 116, -0.0011999999405816197, -0.13799999316688627, False, 86.15968, 0.6811403, 0.0, 5.499613, 3.4649363, 0.49, 23.040163
1858, 117, -0.0011999999405816197, -0.1391999931074679, False, 86.03968, 1.2675366, 0.0, 7.3755984, 3.0714312, 0.49, 23.15898
1858, 118, -0.0011999999405816197, -0.1403999930480495, False, 85.91968, 1.2619649, 0.0, 4.474189, 2.7534091, 0.49, 23.248676
1858, 119, -0.0011999999405816197, -0.14159999298863113, False, 85.799675, 1.0280559, 0.0, 2.5766659, 2.560431, 0.49, 23.303104
1858, 120, -0.0011999999405816197, -0.14279999292921275, False, 85.67967, 0.7191637, 0.0, -0.6199423, 2.5300357, 0.49, 23.351103
1858, 121, -0.0011999999405816197, -0.14399999286979437, False, 85.55967, 0.3327104, 0.0, -3.107965, 2.6549034, 0.49, 23.417273
1858, 122, -0.0011999999405816197, -0.145199992810376, False, 85.43967, -0.1784451, 0.0, -5.30849, 2.9102235, 0.49, 23.521658
1858, 123, -0.0011999999405816197, -0.1463999927509576, False, 85.319664, 0.5118277, 0.0, -7.279643, 3.2795625, 0.49, 23.672617
1858, 124, -0.0011999999405816197, -0.14759999269153923, False, 85.19966, 0.4460268, 0.0, -9.0844555, 3.755708, 0.49, 23.856792
1858, 125, -0.0011999999405816197, -0.14879999263212085, False, 85.07966, 1.4112232, 0.0, -10.628988, 4.330208, 0.49, 24.066477
1858, 126, -0.0011999999405816197, -0.14999999257270247, False, 84.959656, 2.4050522, 0.0, -11.934918, 4.9974356, 0.49, 24.28518
1858, 127, -0.0011999999405816197, -0.1511999925132841, False, 84.83965, 3.4061377, 0.0, -13.023489, 5.75127, 0.49, 24.495415
1858, 128, -0.0011999999405816197, -0.1523999924538657, False, 84.71965, 4.395875, 0.0, -13.91563, 6.5843134, 0.49, 24.68131
1858, 129, -0.0011999999405816197, -0.15359999239444733, False, 84.59965, 4.942168, 0.0, -9.0362215, 7.2627883, 0.49, 24.856688
1858, 130, -0.0011999999405816197, -0.15479999233502895, False, 84.479645, 5.3441105, 0.0, -10.200039, 7.9152164, 0.49, 24.99373
1858, 131, -0.0011999999405816197, -0.15599999227561057, False, 84.35964, 5.8192844, 0.0, -11.210456, 8.647617, 0.49, 25.063223
1858, 132, -0.0011999999405816197, -0.15719999221619219, False, 84.23964, 6.343051, 0.0, -12.077226, 9.446054, 0.49, 25.057062
1858, 133, -0.0011999999405816197, -0.1583999921567738, False, 84.11964, 6.8952327, 0.0, -12.810859, 10.296408, 0.49, 24.968504
1858, 134, -0.0011999999405816197, -0.15959999209735543, False, 83.99963, 3.535226, 0.0, -8.623804, 10.944697, 0.49, 24.880747
1858, 135, -0.0011999999405816197, -0.16079999203793705, False, 83.87963, 1.6446655, 0.0, -5.6277547, 11.355546, 0.49, 24.825132
1858, 136, -0.0011999999405816197, -0.16199999197851866, False, 83.75963, 1.0343888, 0.0, -2.1173944, 11.564076, 0.49, 24.824842
1858, 137, -0.0011999999405816197, -0.16319999191910028, False, 83.639626, 0.67919004, 0.0, 0.8058483, 11.580421, 0.49, 24.867094
1858, 138, -0.0011999999405816197, -0.1643999918596819, False, 83.51962, 0.7732065, 0.0, 3.15597, 11.444131, 0.49, 24.928688
1858, 139, -0.0011999999405816197, -0.16559999180026352, False, 83.39962, 1.1099882, 0.0, 5.256951, 11.171792, 0.49, 24.996256
1858, 140, -0.0011999999405816197, -0.16679999174084514, False, 83.27962, 1.6116245, 0.0, 7.1205072, 10.7757225, 0.49, 25.053923
1858, 141, -0.0011999999405816197, -0.16799999168142676, False, 83.159615, 2.233143, 0.0, 8.75605, 10.268593, 0.49, 25.086668
1858, 142, -0.0011999999405816197, -0.16919999162200838, False, 83.03961, 2.939225, 0.0, 10.1753645, 9.663583, 0.49, 25.080889
1858, 143, -0.0011999999405816197, -0.17039999156259, False, 82.91961, 3.700503, 0.0, 11.39214, 8.97434, 0.49, 25.024569
1858, 144, -0.0011999999405816197, -0.17159999150317162, False, 82.79961, 2.0088036, 0.0, 13.105225, 8.212729, 0.49, 24.912197
1858, 145, -0.0011999999405816197, -0.17279999144375324, False, 82.6796, 0.3655429, 0.0, 14.485634, 7.381116, 0.49, 24.761665
1858, 146, -0.0011999999405816197, -0.17399999138433486, False, 82.5596, -0.73702943, 0.0, 9.2523775, 6.740613, 0.49, 24.642319
1858, 147, -0.0011999999405816197, -0.17519999132491648, False, 82.4396, -1.2769588, 0.0, 5.1489706, 6.3538146, 0.49, 24.558678
1858, 148, -0.0011999999405816197, -0.1763999912654981, False, 82.319595, -0.4425131, 0.0, 3.177418, 6.1300154, 0.49, 24.503172
1858, 149, -0.0011999999405816197, -0.17759999120607972, False, 82.19959, -0.8344352, 0.0, 5.3030424, 5.854743, 0.49, 24.453075
1858, 150, -0.0011999999405816197, -0.17879999114666134, False, 82.07959, -0.71923506, 0.0, 7.2932715, 5.45608, 0.49, 24.407742
1858, 151, -0.0011999999405816197, -0.17999999108724296, False, 81.95959, -0.6268467, 0.0, 9.097304, 4.9455376, 0.49, 24.368359
1858, 152, -0.0011999999405816197, -0.18119999102782458, False, 81.839584, -0.5499325, 0.0, 10.733167, 4.3335547, 0.49, 24.333878
1858, 153, -0.0011999999405816197, -0.1823999909684062, False, 81.71958, -1.0569507, 0.0, 6.724136, 3.8541925, 0.49, 24.309313
1858, 154, -0.0011999999405816197, -0.18359999090898782, False, 81.59958, -1.7127005, 0.0, 8.44664, 3.3725293, 0.49, 24.304497
1858, 155, -0.0011999999405816197, -0.18479999084956944, False, 81.479576, -2.4538488, 0.0, 9.941661, 2.7906127, 0.49, 24.334696
1858, 156, -0.0011999999405816197, -0.18599999079015106, False, 81.35957, -2.8281498, 0.0, 5.6287746, 2.336817, 0.49, 24.338318
1858, 157, -0.0011999999405816197, -0.18719999073073268, False, 81.23957, -2.653738, 0.0, 1.7785707, 2.098588, 0.49, 24.276102
1858, 158, -0.0011999999405816197, -0.1883999906713143, False, 81.11957, -2.0611243, 0.0, -1.3835051, 2.0410783, 0.49, 24.148682
1858, 159, -0.0011999999405816197, -0.18959999061189592, False, 80.999565, -1.3882866, 0.0, -3.9527678, 2.1219158, 0.49, 23.95279
1858, 160, -0.0011999999405816197, -0.19079999055247754, False, 80.87956, -0.639848, 0.0, -6.1735115, 2.3100967, 0.49, 23.679111
1858, 161, -0.0011999999405816197, -0.19199999049305916, False, 80.75956, -0.8760053, 0.0, -2.3866806, 2.4303777, 0.49, 23.490877
1858, 162, -0.0011999999405816197, -0.19319999043364078, False, 80.63956, -0.5783294, 0.0, 0.7484461, 2.4133275, 0.49, 23.448984
1858, 163, -0.0011999999405816197, -0.1943999903742224, False, 80.519554, -0.21449125, 0.0, 3.2065215, 2.279106, 0.49, 23.507206
1858, 164, -0.0011999999405816197, -0.19559999031480402, False, 80.39955, 0.28641367, 0.0, 5.386525, 2.029059, 0.49, 23.635315
1858, 165, -0.0011999999405816197, -0.19679999025538564, False, 80.27955, 0.5135404, 0.0, 3.2264395, 1.8200498, 0.49, 23.74201
1858, 166, -0.0011999999405816197, -0.19799999019596726, False, 80.159546, 0.3726198, 0.0, -0.10593045, 1.7731392, 0.49, 23.784454
1858, 167, -0.0011999999405816197, -0.19919999013654888, False, 80.03954, 0.44847998, 0.0, -2.5483074, 1.8806053, 0.49, 23.777306
1858, 168, -0.0011999999405816197, -0.2003999900771305, False, 79.91954, 0.7760904, 0.0, -4.7358007, 2.1188674, 0.49, 23.722166
1858, 169, -0.0011999999405816197, -0.20159999001771212, False, 79.79954, 0.8119204, 0.0, -1.0992734, 2.2640386, 0.49, 23.704077
1858, 170, -0.0011999999405816197, -0.20279998995829374, False, 79.679535, 0.91525686, 0.0, -3.4099026, 2.4245062, 0.49, 23.656673
1858, 171, -0.0011999999405816197, -0.20399998989887536, False, 79.55953, 1.2561133, 0.0, -5.474156, 2.6882415, 0.49, 23.522493
1858, 172, -0.0011999999405816197, -0.20519998983945698, False, 79.43953, 1.3005033, 0.0, -1.7260149, 2.8693051, 0.49, 23.45201
1858, 173, -0.0011999999405816197, -0.2063999897800386, False, 79.31953, 0.9334296, 0.0, 1.0775286, 2.9021306, 0.49, 23.50387
1858, 174, -0.0011999999405816197, -0.20759998972062021, False, 79.199524, 1.0108731, 0.0, 3.3838296, 2.8124294, 0.49, 23.645811
1858, 175, -0.0011999999405816197, -0.20879998966120183, False, 79.07952, 1.3341312, 0.0, 5.4432287, 2.6074731, 0.49, 23.858482
1858, 176, -0.0011999999405816197, -0.20999998960178345, False, 78.95952, 1.8232646, 0.0, 7.2695265, 2.2903018, 0.49, 24.12234
1858, 177, -0.0011999999405816197, -0.21119998954236507, False, 78.839516, 2.4320326, 0.0, 8.872214, 1.8645197, 0.49, 24.418327
1858, 178, -0.0011999999405816197, -0.2123999894829467, False, 78.71951, 2.1035392, 0.0, 5.387163, 1.522736, 0.49, 24.643082
1858, 179, -0.0011999999405816197, -0.2135999894235283, False, 78.59951, 2.4806468, 0.0, 7.1567326, 1.1510268, 0.49, 24.836422
1858, 180, -0.0011999999405816197, -0.21479998936410993, False, 78.47951, 2.1635907, 0.0, 8.984051, 0.6646613, 0.49, 25.024172
1858, 181, -0.0011999999405816197, -0.21599998930469155, False, 78.359505, 2.915114e-08, 1.4901161e-08, 6.1959256e-09, 0.49915886, 0.49, 25.085855
1858, 182, -0.0011999999405816197, -0.21719998924527317, False, 78.2395, 0.16571862, 0.0, -2.4744322, 0.5966955, 0.49, 25.06256
1858, 183, -0.0011999999405816197, -0.2183999891858548, False, 78.1195, 0.5343282, 0.0, -4.692529, 0.82630837, 0.49, 24.994453
1858, 184, -0.0011999999405816197, -0.2195999891264364, False, 77.9995, 1.0623145, 0.0, -6.660782, 1.1697247, 0.49, 24.87035
1858, 185, -0.0011999999405816197, -0.22079998906701803, False, 77.87949, 1.7110622, 0.0, -8.38909, 1.6087614, 0.49, 24.680862
1858, 186, -0.0011999999405816197, -0.22199998900759965, False, 77.75949, 0.533401, 0.0, -10.203628, 2.128526, 0.49, 24.422678
1858, 187, -0.0011999999405816197, -0.22319998894818127, False, 77.63949, 1.5948968, 0.0, -11.630457, 2.725713, 0.49, 24.10879
1858, 188, -0.0011999999405816197, -0.2243999888887629, False, 77.519485, 2.6639318, 0.0, -12.82128, 3.386309, 0.49, 23.734476
1858, 189, -0.0011999999405816197, -0.2255999888293445, False, 77.39948, 3.7214365, 0.0, -13.799145, 4.0936985, 0.49, 23.29233
1858, 190, -0.0011999999405816197, -0.22679998876992613, False, 77.27948, 4.7511716, 0.0, -14.586334, 4.831566, 0.49, 22.777002
1858, 191, -0.0011999999405816197, -0.22799998871050775, False, 77.15948, 3.0131001, 0.0, -10.483957, 5.4498625, 0.49, 22.368193
1858, 192, -0.0011999999405816197, -0.22919998865108937, False, 77.039474, 1.840318, 0.0, -6.617058, 5.8806214, 0.49, 22.132566
1858, 193, -0.0011999999405816197, -0.230399988591671, False, 76.91947, 1.1345751, 0.0, -3.0219803, 6.1277485, 0.49, 22.039362
1858, 194, -0.0011999999405816197, -0.2315999885322526, False, 76.79947, 0.7005554, 0.0, 0.12810782, 6.197549, 0.49, 22.053282
1858, 195, -0.0011999999405816197, -0.23279998847283423, False, 76.67947, 0.7005899, 0.0, 2.5570776, 6.1192474, 0.49, 22.134977
1858, 196, -0.0011999999405816197, -0.23399998841341585, False, 76.55946, 0.98662186, 0.0, 4.723929, 5.910183, 0.49, 22.265902
1858, 197, -0.0011999999405816197, -0.23519998835399747, False, 76.43946, 1.4518604, 0.0, 6.6508694, 5.5777206, 0.49, 22.427345
1858, 198, -0.0011999999405816197, -0.2363999882945791, False, 76.31946, 2.0473135, 0.0, 8.346771, 5.1295414, 0.49, 22.601027
1858, 199, -0.0011999999405816197, -0.2375999882351607, False, 76.199455, 1.1809139, 0.0, 4.5955935, 4.7997475, 0.49, 22.74481
1858, 200, -0.0011999999405816197, -0.23879998817574233, False, 76.07945, 0.7065384, 0.0, 1.147179, 4.682145, 0.49, 22.82954
1858, 201, -0.0011999999405816197, -0.23999998811632395, False, 75.95945, 0.5659263, 0.0, 3.530887, 4.5361676, 0.49, 22.915188
1858, 202, -0.0011999999405816197, -0.24119998805690557, False, 75.83945, 0.47940063, 0.0, 5.685467, 4.261202, 0.49, 23.036453
1858, 203, -0.0011999999405816197, -0.2423999879974872, False, 75.719444, 1.1123664, 0.0, 7.5607357, 3.8689759, 0.49, 23.188553
1858, 204, -0.0011999999405816197, -0.2435999879380688, False, 75.59944, 1.8434215, 0.0, 9.195735, 3.3670185, 0.49, 23.35486
1858, 205, -0.0011999999405816197, -0.24479998787865043, False, 75.47944, 2.22135, 0.0, 5.007719, 2.989346, 0.49, 23.498178
1858, 206, -0.0011999999405816197, -0.24599998781923205, False, 75.359436, 2.0507607, 0.0, 1.2747805, 2.8320856, 0.49, 23.618052
1858, 207, -0.0011999999405816197, -0.24719998775981367, False, 75.23943, 1.4972571, 0.0, -1.7150978, 2.8604536, 0.49, 23.727226
1858, 208, -0.0011999999405816197, -0.24839998770039529, False, 75.11943, 0.8981004, 0.0, -4.1775274, 3.0371933, 0.49, 23.84791
1858, 209, -0.0011999999405816197, -0.2495999876409769, False, 74.99943, 0.76681066, 0.0, -6.273749, 3.3412244, 0.49, 23.997658
1858, 210, -0.0011999999405816197, -0.2507999875815585, False, 74.879425, 1.4174716, 0.0, -8.065937, 3.760078, 0.49, 24.174978
1858, 211, -0.0011999999405816197, -0.25199998752214015, False, 74.75942, 2.1587224, 0.0, -9.624357, 4.2863655, 0.49, 24.363678
1858, 212, -0.0011999999405816197, -0.25319998746272177, False, 74.63942, 2.96101, 0.0, -10.963675, 4.912462, 0.49, 24.54638
1858, 213, -0.0011999999405816197, -0.2543999874033034, False, 74.51942, 3.7986867, 0.0, -12.099868, 5.6296654, 0.49, 24.707212
1858, 214, -0.0011999999405816197, -0.255599987343885, False, 74.399414, 4.6499567, 0.0, -13.04972, 6.4283013, 0.49, 24.831854
1858, 215, -0.0011999999405816197, -0.2567999872844666, False, 74.27941, 5.496658, 0.0, -13.830378, 7.297836, 0.49, 24.907562
1858, 216, -0.0011999999405816197, -0.25799998722504824, False, 74.15941, 6.3239827, 0.0, -14.458965, 8.226995, 0.49, 24.923222
1858, 217, -0.0011999999405816197, -0.25919998716562986, False, 74.039406, 7.1201415, 0.0, -14.95229, 9.203896, 0.49, 24.869362
1858, 218, -0.0011999999405816197, -0.2603999871062115, False, 73.9194, 7.8760633, 0.0, -15.326577, 10.216174, 0.49, 24.738176
1858, 219, -0.0011999999405816197, -0.2615999870467931, False, 73.7994, 6.074606, 0.0, -9.283723, 10.984192, 0.49, 24.61926
1858, 220, -0.0011999999405816197, -0.2627999869873747, False, 73.6794, 5.9258127, 0.0, -4.76755, 11.504815, 0.49, 24.602493
1858, 221, -0.0011999999405816197, -0.26399998692795634, False, 73.559395, 3.3547428, 0.0, -3.3335044, 11.84031, 0.49, 24.621147
1858, 222, -0.0011999999405816197, -0.26519998686853796, False, 73.43939, 2.6122515, 0.0, -0.3845079, 12.007609, 0.49, 24.704779
1858, 223, -0.0011999999405816197, -0.2663999868091196, False, 73.31939, 2.2265565, 0.0, 2.0679564, 12.015695, 0.49, 24.86274
1858, 224, -0.0011999999405816197, -0.2675999867497012, False, 73.19939, 2.2123556, 0.0, 4.1868734, 11.88432, 0.49, 25.072193
1858, 225, -0.0011999999405816197, -0.2687999866902828, False, 73.079384, 2.445135, 0.0, 6.072521, 11.6244335, 0.49, 25.31602
1858, 226, -0.0011999999405816197, -0.26999998663086444, False, 72.95938, 1.8872657, 0.0, 3.5595427, 11.403998, 0.49, 25.500538
1858, 227, -0.0011999999405816197, -0.27119998657144606, False, 72.83938, 2.0973155, 0.0, 5.535248, 11.129909, 0.49, 25.659952
1858, 228, -0.0011999999405816197, -0.2723999865120277, False, 72.719376, 2.4908843, 0.0, 7.2901773, 10.73174, 0.49, 25.813978
1858, 229, -0.0011999999405816197, -0.2735999864526093, False, 72.59937, 3.015014, 0.0, 8.83481, 10.220999, 0.49, 25.94783
1858, 230, -0.0011999999405816197, -0.2747999863931909, False, 72.47937, 3.631185, 0.0, 10.179635, 9.609568, 0.49, 26.047682
1858, 231, -0.0011999999405816197, -0.27599998633377254, False, 72.35937, 4.308766, 0.0, 11.33663, 8.909843, 0.49, 26.101006
1858, 232, -0.0011999999405816197, -0.27719998627435416, False, 72.239365, 5.02268, 0.0, 12.319051, 8.13472, 0.49, 26.096725
1858, 233, -0.0011999999405816197, -0.2783999862149358, False, 72.11936, 3.0918052, 0.0, 14.071184, 7.2953362, 0.49, 26.030167
1858, 234, -0.0011999999405816197, -0.2795999861555174, False, 71.99936, 1.2319051, 0.0, 15.46081, 6.393348, 0.49, 25.919996
1858, 235, -0.0011999999405816197, -0.280799986096099, False, 71.87936, 2.7143402, 0.0, 16.308031, 5.431075, 0.49, 25.78258
1858, 236, -0.0011999999405816197, -0.28199998603668064, False, 71.75935, 0.6397631, 0.0, 10.612745, 4.694243, 0.49, 25.671787
1858, 237, -0.0011999999405816197, -0.28319998597726226, False, 71.63935, -0.2233482, 0.0, 6.4990535, 4.2278895, 0.49, 25.605764
1858, 238, -0.0011999999405816197, -0.2843999859178439, False, 71.51935, -0.19388878, 0.0, 8.3760395, 3.76588, 0.49, 25.544937
1858, 239, -0.0011999999405816197, -0.2855999858584255, False, 71.399345, -1.1237559, 0.0, 10.01292, 3.19852, 0.49, 25.47725
1858, 240, -0.0011999999405816197, -0.2867999857990071, False, 71.27934, -2.0932167, 0.0, 11.405221, 2.5350761, 0.49, 25.417967
1858, 241, -0.0011999999405816197, -0.28799998573958874, False, 71.15934, -3.0797641, 0.0, 12.57384, 1.7854781, 0.49, 25.383163
1858, 242, -0.0011999999405816197, -0.28919998568017036, False, 71.03934, -2.725163, 0.0, 13.893142, 0.9599174, 0.49, 25.384443
1858, 243, -0.0011999999405816197, -0.290399985620752, False, 70.919334, -0.06028051, 0.0, 0.18720129, 0.5009833, 0.49, 25.391615
1858, 244, -0.0011999999405816197, -0.2915999855613336, False, 70.79933, -0.000555253, -1.4901161e-08, 0.0014752629, 0.50000787, 0.49, 25.391706
1858, 245, -0.0011999999405816197, -0.2927999855019152, False, 70.67933, 0.16518736, -1.4901161e-08, -2.4731438, 0.59048325, 0.49, 25.34865
1858, 246, -0.0011999999405816197, -0.29399998544249684, False, 70.559326, 0.5337639, -1.4901161e-08, -4.6914124, 0.80084145, 0.49, 25.234304
1858, 247, -0.0011999999405816197, -0.29519998538307846, False, 70.43932, -0.15127611, -1.4901161e-08, -6.7558355, 1.113972, 0.49, 25.045763
1858, 248, -0.0011999999405816197, -0.2963999853236601, False, 70.31932, 0.6708729, -1.4901161e-08, -8.582884, 1.5243945, 0.49, 24.796225
1858, 249, -0.0011999999405816197, -0.2975999852642417, False, 70.19932, -0.39028072, -1.4901161e-08, -10.279385, 2.0192637, 0.49, 24.485512
1858, 250, -0.0011999999405816197, -0.2987999852048233, False, 70.079315, 0.7936363, -1.4901161e-08, -11.783709, 2.5946827, 0.49, 24.125404
1858, 251, -0.0011999999405816197, -0.29999998514540493, False, 69.95931, 1.9748025, -1.4901161e-08, -13.031838, 3.2361808, 0.49, 23.71026
1858, 252, -0.0011999999405816197, -0.30119998508598655, False, 69.83931, 3.1348438, -1.4901161e-08, -14.05047, 3.9267905, 0.49, 23.23193
1858, 253, -0.0011999999405816197, -0.3023999850265682, False, 69.71931, 4.2579293, -1.4901161e-08, -14.864742, 4.649906, 0.49, 22.68445
1858, 254, -0.0011999999405816197, -0.3035999849671498, False, 69.599304, 2.5551996, -1.4901161e-08, -10.685096, 5.2552752, 0.49, 22.247114
1858, 255, -0.0011999999405816197, -0.3047999849077314, False, 69.4793, 1.4263723, -1.4901161e-08, -6.7511845, 5.6748323, 0.49, 21.986471
1858, 256, -0.0011999999405816197, -0.30599998484831303, False, 69.3593, 0.77799666, -1.4901161e-08, -3.0963173, 5.9124384, 0.49, 21.871964
1858, 257, -0.0011999999405816197, -0.30719998478889465, False, 69.239296, 0.49243012, -1.4901161e-08, 0.15643738, 5.9754767, 0.49, 21.871326
1858, 258, -0.0011999999405816197, -0.3083999847294763, False, 69.11929, 0.36601305, -1.4901161e-08, 2.6349933, 5.90069, 0.49, 21.955135
1858, 259, -0.0011999999405816197, -0.3095999846700579, False, 68.99929, 0.7163098, -1.4901161e-08, 4.820583, 5.7095504, 0.49, 22.114809
1858, 260, -0.0011999999405816197, -0.3107999846106395, False, 68.87929, 1.230449, -1.4901161e-08, 6.7606325, 5.4059634, 0.49, 22.331863
1858, 261, -0.0011999999405816197, -0.31199998455122113, False, 68.759285, 1.8665447, -1.4901161e-08, 8.464554, 4.9931874, 0.49, 22.58638
1858, 262, -0.0011999999405816197, -0.31319998449180275, False, 68.63928, 2.589857, -1.4901161e-08, 9.944474, 4.4757524, 0.49, 22.859545
1858, 263, -0.0011999999405816197, -0.31439998443238437, False, 68.51928, 1.5181866, -1.4901161e-08, 6.08834, 4.081214, 0.49, 23.08548
1858, 264, -0.0011999999405816197, -0.315599984372966, False, 68.39928, 1.3159885, -1.4901161e-08, 8.009136, 3.685495, 0.49, 23.301119
1858, 265, -0.0011999999405816197, -0.3167999843135476, False, 68.279274, 1.1505501, -1.4901161e-08, 9.748469, 3.1838827, 0.49, 23.540016
1858, 266, -0.0011999999405816197, -0.31799998425412923, False, 68.15927, 2.0909295, -1.4901161e-08, 11.164404, 2.5858083, 0.49, 23.798176
1858, 267, -0.0011999999405816197, -0.31919998419471085, False, 68.03927, 2.6407635, -1.4901161e-08, 6.756497, 2.119932, 0.49, 24.017136
1858, 268, -0.0011999999405816197, -0.32039998413529247, False, 67.919266, 1.8029206, -1.4901161e-08, 3.2386851, 1.8813597, 0.49, 24.182571
1858, 269, -0.0011999999405816197, -0.3215999840758741, False, 67.79926, 1.2565973, -1.4901161e-08, 0.11793077, 1.8401788, 0.49, 24.281843
1858, 270, -0.0011999999405816197, -0.3227999840164557, False, 67.67926, 1.1072912, -1.4901161e-08, -2.3361413, 1.9510162, 0.49, 24.308378
1858, 271, -0.0011999999405816197, -0.32399998395703733, False, 67.55926, 1.3014739, -1.4901161e-08, -4.495993, 2.1858788, 0.49, 24.265167
1858, 272, -0.0011999999405816197, -0.32519998389761895, False, 67.439255, 1.697671, -1.4901161e-08, -6.420074, 2.5258236, 0.49, 24.147184
1858, 273, -0.0011999999405816197, -0.32639998383820057, False, 67.31925, 2.2368107, -1.4901161e-08, -8.118302, 2.9522207, 0.49, 23.948751
1858, 274, -0.0011999999405816197, -0.3275999837787822, False, 67.19925, 2.878089, -1.4901161e-08, -9.601018, 3.4466872, 0.49, 23.66525
1858, 275, -0.0011999999405816197, -0.3287999837193638, False, 67.07925, 1.1734755, -1.4901161e-08, -6.218125, 3.8284152, 0.49, 23.433048
1858, 276, -0.0011999999405816197, -0.32999998365994543, False, 66.95924, 0.6067912, -1.4901161e-08, -2.5903556, 4.03435, 0.49, 23.32828
1858, 277, -0.0011999999405816197, -0.33119998360052705, False, 66.83924, 0.32919985, -1.4901161e-08, 0.49785665, 4.0690346, 0.49, 23.333504
1858, 278, -0.0011999999405816197, -0.33239998354110867, False, 66.71924, 0.46291435, -1.4901161e-08, 2.9004996, 3.964707, 0.49, 23.409666
1858, 279, -0.0011999999405816197, -0.3335999834816903, False, 66.599236, 0.8237419, -1.4901161e-08, 5.0518665, 3.7330134, 0.49, 23.536968
1858, 280, -0.0011999999405816197, -0.3347999834222719, False, 66.47923, 1.3454623, -1.4901161e-08, 6.959897, 3.3803608, 0.49, 23.695774
1858, 281, -0.0011999999405816197, -0.3359999833628535, False, 66.35923, 1.9861052, -1.4901161e-08, 8.634171, 2.9140248, 0.49, 23.867441
1858, 282, -0.0011999999405816197, -0.33719998330343515, False, 66.23923, 1.8055016, -1.4901161e-08, 5.257169, 2.5418725, 0.49, 23.995243
1858, 283, -0.0011999999405816197, -0.33839998324401677, False, 66.119225, 1.187516, -1.4901161e-08, 1.8103142, 2.3716173, 0.49, 24.087906
1858, 284, -0.0011999999405816197, -0.3395999831845984, False, 65.99922, 0.83133036, -1.4901161e-08, -1.0214615, 2.3895519, 0.49, 24.13938
1858, 285, -0.0011999999405816197, -0.34079998312518, False, 65.87922, 0.46133548, -1.4901161e-08, 1.7479491, 2.3482199, 0.49, 24.188385
1858, 286, -0.0011999999405816197, -0.3419999830657616, False, 65.75922, 0.28571647, -1.4901161e-08, -1.0978533, 2.367968, 0.49, 24.199183
1858, 287, -0.0011999999405816197, -0.34319998300634325, False, 65.63921, 0.49421954, -1.4901161e-08, -3.4424813, 2.5209303, 0.49, 24.144285
1858, 288, -0.0011999999405816197, -0.34439998294692487, False, 65.51921, 0.9043908, -1.4901161e-08, -5.5375843, 2.7874115, 0.49, 24.018013
1858, 289, -0.0011999999405816197, -0.3455999828875065, False, 65.39921, 1.4631543, -1.4901161e-08, -7.39064, 3.1479259, 0.49, 23.813644
1858, 290, -0.0011999999405816197, -0.3467999828280881, False, 65.279205, 2.1312842, -1.4901161e-08, -9.012038, 3.5833125, 0.49, 23.525932
1858, 291, -0.0011999999405816197, -0.3479999827686697, False, 65.1592, 1.1994134, -1.4901161e-08, -5.202433, 3.922142, 0.49, 23.319183
1858, 292, -0.0011999999405816197, -0.34919998270925134, False, 65.0392, 0.69361943, -1.4901161e-08, -1.6850185, 4.086151, 0.49, 23.252682
1858, 293, -0.0011999999405816197, -0.35039998264983296, False, 64.9192, 0.4551853, -1.4901161e-08, 1.1386294, 4.087188, 0.49, 23.285809
1858, 294, -0.0011999999405816197, -0.3515999825904146, False, 64.799194, 0.63353133, -1.4901161e-08, 3.4672277, 3.9551454, 0.49, 23.386051
1858, 295, -0.0011999999405816197, -0.3527999825309962, False, 64.67919, 1.0242984, -1.4901161e-08, 5.5483756, 3.6980872, 0.49, 23.534824
1858, 296, -0.0011999999405816197, -0.3539999824715778, False, 64.55919, 1.5673475, -1.4901161e-08, 7.3901644, 3.322252, 0.49, 23.712755
1858, 297, -0.0011999999405816197, -0.35519998241215944, False, 64.439186, 2.2217674, -1.4901161e-08, 9.002657, 2.8347588, 0.49, 23.901447
1858, 298, -0.0011999999405816197, -0.35639998235274106, False, 64.31918, 1.2778809, -1.4901161e-08, 5.203372, 2.4693253, 0.49, 24.05889
1858, 299, -0.0011999999405816197, -0.3575999822933227, False, 64.19918, 0.7571209, -1.4901161e-08, 1.6955739, 2.3198338, 0.49, 24.156578
1858, 300, -0.0011999999405816197, -0.3587999822339043, False, 64.07918, 0.5012297, -1.4901161e-08, -1.1282648, 2.346514, 0.49, 24.180058
1858, 301, -0.0011999999405816197, -0.3599999821744859, False, 63.959175, 0.66916513, -1.4901161e-08, -3.4548523, 2.5056925, 0.49, 24.134537
1858, 302, -0.0011999999405816197, -0.36119998211506754, False, 63.839172, 1.0530914, -1.4901161e-08, -5.5343227, 2.7775147, 0.49, 24.016022
1858, 303, -0.0011999999405816197, -0.36239998205564916, False, 63.71917, 1.5907013, -1.4901161e-08, -7.3750715, 3.1426668, 0.49, 23.818287
1858, 304, -0.0011999999405816197, -0.3635999819962308, False, 63.599167, 2.2405503, -1.4901161e-08, -8.987062, 3.5821023, 0.49, 23.536337
1858, 305, -0.0011999999405816197, -0.3647999819368124, False, 63.479164, 1.2952752, -1.4901161e-08, -5.1913004, 3.924456, 0.49, 23.334574
1858, 306, -0.0011999999405816197, -0.365999981877394, False, 63.35916, 0.77187645, -1.4901161e-08, -1.6870404, 4.091481, 0.49, 23.272163
1858, 307, -0.0011999999405816197, -0.36719998181797564, False, 63.23916, 0.295462, -1.4901161e-08, -0.8786763, 4.1625323, 0.49, 23.25782
1858, 308, -0.0011999999405816197, -0.36839998175855726, False, 63.119156, 0.23332566, -1.4901161e-08, 1.7334793, 4.1184926, 0.49, 23.291494
1858, 309, -0.0011999999405816197, -0.3695999816991389, False, 62.999153, 0.51696026, -1.4901161e-08, 4.018974, 3.9417226, 0.49, 23.380697
1858, 310, -0.0011999999405816197, -0.3707999816397205, False, 62.87915, 0.980999, -1.4901161e-08, 6.055176, 3.6391594, 0.49, 23.505533
1858, 311, -0.0011999999405816197, -0.3719999815803021, False, 62.759148, 1.5806699, -1.4901161e-08, 7.8504224, 3.218463, 0.49, 23.64693
1858, 312, -0.0011999999405816197, -0.37319998152088374, False, 62.639145, 1.8512276, -1.4901161e-08, 3.821453, 2.9144254, 0.49, 23.767477
1858, 313, -0.0011999999405816197, -0.37439998146146536, False, 62.519142, 1.2783267, -1.4901161e-08, 0.59126747, 2.822518, 0.49, 23.859896
1858, 314, -0.0011999999405816197, -0.375599981402047, False, 62.39914, 0.78004944, -1.4901161e-08, 3.1548038, 2.694781, 0.49, 23.941372
1858, 315, -0.0011999999405816197, -0.3767999813426286, False, 62.279137, 0.1923194, -1.4901161e-08, 5.393561, 2.4321985, 0.49, 24.042488
1858, 316, -0.0011999999405816197, -0.3779999812832102, False, 62.159134, -0.12301415, -1.4901161e-08, 1.7490134, 2.2668266, 0.49, 24.104166
1858, 317, -0.0011999999405816197, -0.37919998122379184, False, 62.03913, -0.026524425, -1.4901161e-08, -1.1198654, 2.2780626, 0.49, 24.091774
1858, 318, -0.0011999999405816197, -0.38039998116437346, False, 61.91913, 0.24894166, -1.4901161e-08, -3.4870355, 2.4174657, 0.49, 24.006763
1858, 319, -0.0011999999405816197, -0.3815999811049551, False, 61.799126, 0.7022135, -1.4901161e-08, -5.5985117, 2.6635525, 0.49, 23.84125
1858, 320, -0.0011999999405816197, -0.3827999810455367, False, 61.679123, 1.2953899, -1.4901161e-08, -7.462917, 2.9958923, 0.49, 23.589886
1858, 321, -0.0011999999405816197, -0.3839999809861183, False, 61.55912, 0.6128613, -1.4901161e-08, -3.7224555, 3.2419527, 0.49, 23.417124
1858, 322, -0.0011999999405816197, -0.38519998092669994, False, 61.439117, 0.40153724, -1.4901161e-08, -0.2900908, 3.3239293, 0.49, 23.383146
1858, 323, -0.0011999999405816197, -0.38639998086728156, False, 61.319115, 0.41404325, -1.4901161e-08, 2.1998496, 3.271314, 0.49, 23.451553
1858, 324, -0.0011999999405816197, -0.3875999808078632, False, 61.199112, 0.34251976, -1.4901161e-08, 4.4781055, 3.1028247, 0.49, 23.600946
1858, 325, -0.0011999999405816197, -0.3887999807484448, False, 61.07911, 0.8778138, -1.4901161e-08, 6.484058, 2.8272915, 0.49, 23.82077
1858, 326, -0.0011999999405816197, -0.3899999806890264, False, 60.959106, 1.534039, -1.4901161e-08, 8.2458315, 2.4472404, 0.49, 24.092487
1858, 327, -0.0011999999405816197, -0.39119998062960804, False, 60.839104, 2.2781124, -1.4901161e-08, 9.776284, 1.9650358, 0.49, 24.396473
1858, 328, -0.0011999999405816197, -0.39239998057018965, False, 60.7191, 2.0756643, -1.4901161e-08, 5.9883275, 1.581924, 0.49, 24.627728
1858, 329, -0.0011999999405816197, -0.3935999805107713, False, 60.5991, 1.6516545, -1.4901161e-08, 3.5231376, 1.343994, 0.49, 24.771347
1858, 330, -0.0011999999405816197, -0.3947999804513529, False, 60.479095, 1.3578923, -1.4901161e-08, 0.06633663, 1.2777201, 0.49, 24.865076
1858, 331, -0.0011999999405816197, -0.3959999803919345, False, 60.359093, 1.1983156, -1.4901161e-08, -2.3769686, 1.3779675, 0.49, 24.930073
1858, 332, -0.0011999999405816197, -0.39719998033251613, False, 60.23909, 1.3820939, -1.4901161e-08, -4.526244, 1.61755, 0.49, 24.966166
1858, 333, -0.0011999999405816197, -0.39839998027309775, False, 60.119087, 1.2748275, -1.4901161e-08, -0.89804167, 1.7594961, 0.49, 25.01169
1858, 334, -0.0011999999405816197, -0.3995999802136794, False, 59.999084, 1.266157, -1.4901161e-08, -3.2085788, 1.9238123, 0.49, 25.024544
1858, 335, -0.0011999999405816197, -0.400799980154261, False, 59.87908, 1.5310879, -1.4901161e-08, -5.266427, 2.2071621, 0.49, 24.969765
1858, 336, -0.0011999999405816197, -0.4019999800948426, False, 59.75908, 1.9745772, -1.4901161e-08, -7.0942807, 2.5910506, 0.49, 24.841185
1858, 337, -0.0011999999405816197, -0.40319998003542423, False, 59.639076, 2.5457509, -1.4901161e-08, -8.701734, 3.0571988, 0.49, 24.632883
1858, 338, -0.0011999999405816197, -0.40439997997600585, False, 59.519073, 3.2070215, -1.4901161e-08, -10.099734, 3.5875738, 0.49, 24.34015
1858, 339, -0.0011999999405816197, -0.40559997991658747, False, 59.39907, 3.9280071, -1.4901161e-08, -11.3010435, 4.1645045, 0.49, 23.959755
1858, 340, -0.0011999999405816197, -0.4067999798571691, False, 59.279068, 4.6835546, -1.4901161e-08, -12.319772, 4.770798, 0.49, 23.490017
1858, 341, -0.0011999999405816197, -0.4079999797977507, False, 59.159065, 5.0288315, -1.4901161e-08, -7.5813255, 5.2800355, 0.49, 23.129276
1858, 342, -0.0011999999405816197, -0.40919997973833233, False, 59.039062, 4.8116913, -1.4901161e-08, -3.3421297, 5.6559644, 0.49, 22.965317
1858, 343, -0.0011999999405816197, -0.41039997967891395, False, 58.91906, 4.0479345, -1.4901161e-08, -0.14022431, 5.923057, 0.49, 22.978367
1858, 344, -0.0011999999405816197, -0.41159997961949557, False, 58.799057, 3.5252342, -1.4901161e-08, 2.1857266, 6.094084, 0.49, 23.140175
1858, 345, -0.0011999999405816197, -0.4127999795600772, False, 58.679054, 2.9852538, -1.4901161e-08, 4.542918, 6.1746907, 0.49, 23.42437
1858, 346, -0.0011999999405816197, -0.4139999795006588, False, 58.55905, 3.151345, -1.4901161e-08, 6.3335495, 6.1751122, 0.49, 23.815426
1858, 347, -0.0011999999405816197, -0.41519997944124043, False, 58.43905, 3.4900455, -1.4901161e-08, 7.9224887, 6.0933633, 0.49, 24.29637
1858, 348, -0.0011999999405816197, -0.41639997938182205, False, 58.319046, 2.9939027, -1.4901161e-08, 4.0918064, 6.0585546, 0.49, 24.66695
1858, 349, -0.0011999999405816197, -0.41759997932240367, False, 58.199043, 2.0027199, -1.4901161e-08, 6.4696345, 5.9967866, 0.49, 25.032372
1858, 350, -0.0011999999405816197, -0.4187999792629853, False, 58.07904, 0.9554658, -1.4901161e-08, 8.502097, 5.861576, 0.49, 25.490679
1858, 351, -0.0011999999405816197, -0.4199999792035669, False, 57.959038, -0.1349678, -1.4901161e-08, 10.233282, 5.6766376, 0.49, 26.041563
1858, 352, -0.0011999999405816197, -0.42119997914414853, False, 57.839035, 0.5911491, -1.4901161e-08, 6.4403663, 5.529857, 0.49, 26.473799
1858, 353, -0.0011999999405816197, -0.42239997908473015, False, 57.719032, 0.77544546, -1.4901161e-08, 3.900421, 5.4385834, 0.49, 26.742579
1858, 354, -0.0011999999405816197, -0.42359997902531177, False, 57.59903, 0.12443638, -1.4901161e-08, 6.065383, 5.317125, 0.49, 27.041672
1858, 355, -0.0011999999405816197, -0.4247999789658934, False, 57.479027, -0.6291547, -1.4901161e-08, 7.957542, 5.146195, 0.49, 27.448713
1858, 356, -0.0011999999405816197, -0.425999978906475, False, 57.359024, -1.4622297, -1.4901161e-08, 9.596205, 4.946592, 0.49, 27.959864
1858, 357, -0.0011999999405816197, -0.4271999788470566, False, 57.23902, -2.3486738, -1.4901161e-08, 10.999439, 4.7373405, 0.49, 28.56974
1858, 358, -0.0011999999405816197, -0.42839997878763825, False, 57.11902, -0.8562839, -1.4901161e-08, 12.619134, 4.5305834, 0.49, 29.271067
1858, 359, -0.0011999999405816197, -0.42959997872821987, False, 56.999016, -0.75736356, -1.4901161e-08, 13.927644, 4.315826, 0.49, 30.053574
1858, 360, -0.0011999999405816197, -0.4307999786688015, False, 56.879013, 0.42841792, -1.4901161e-08, 9.500599, 4.1410933, 0.49, 30.68741
1858, 361, -0.0011999999405816197, -0.4319999786093831, False, 56.75901, 1.0369495, -1.4901161e-08, 5.3991923, 4.03991, 0.49, 31.082832
1858, 362, -0.0011999999405816197, -0.4331999785499647, False, 56.639008, 1.1104944, -1.4901161e-08, 1.6713016, 4.019914, 0.49, 31.268002
1858, 363, -0.0011999999405816197, -0.43439997849054635, False, 56.519005, 0.75394195, -1.4901161e-08, -1.2120148, 4.0742016, 0.49, 31.27687
1858, 364, -0.0011999999405816197, -0.43559997843112797, False, 56.399002, 0.3230809, -1.4901161e-08, -3.642042, 4.194577, 0.49, 31.151306
1858, 365, -0.0011999999405816197, -0.4367999783717096, False, 56.279, 0.27400255, -1.4901161e-08, -5.7850633, 4.3879952, 0.49, 30.914616
1858, 366, -0.0011999999405816197, -0.4379999783122912, False, 56.158997, 0.23687649, -1.4901161e-08, -7.7285147, 4.650281, 0.49, 30.579002
1858, 367, -0.0011999999405816197, -0.4391999782528728, False, 56.038994, -0.6880388, -1.4901161e-08, -9.468254, 4.977343, 0.49, 30.15544
1858, 368, -0.0011999999405816197, -0.44039997819345444, False, 55.91899, -1.6594348, -1.4901161e-08, -10.953245, 5.3745866, 0.49, 29.661634
1858, 369, -0.0011999999405816197, -0.44159997813403606, False, 55.79899, -1.4631858, -1.4901161e-08, -12.4187355, 5.8457465, 0.49, 29.114182
1858, 370, -0.0011999999405816197, -0.4427999780746177, False, 55.678986, -1.2938108, -1.4901161e-08, -13.747, 6.385269, 0.49, 28.51954
1858, 371, -0.0011999999405816197, -0.4439999780151993, False, 55.558983, -2.6040382, -1.4901161e-08, -14.756845, 6.98821, 0.49, 27.883837
1858, 372, -0.0011999999405816197, -0.4451999779557809, False, 55.43898, -3.8583608, -1.4901161e-08, -15.548792, 7.6576037, 0.49, 27.222364
1858, 373, -0.0011999999405816197, -0.44639997789636254, False, 55.318977, -3.5097957, -1.4901161e-08, -9.676588, 8.177283, 0.49, 26.721653
1858, 374, -0.0011999999405816197, -0.44759997783694416, False, 55.198975, -2.8458102, -1.4901161e-08, -5.8512936, 8.507961, 0.49, 26.403044
1858, 375, -0.0011999999405816197, -0.4487999777775258, False, 55.07897, -2.6970477, -1.4901161e-08, -1.9706628, 8.654698, 0.49, 26.192413
1858, 376, -0.0011999999405816197, -0.4499999777181074, False, 54.95897, -2.11453, -1.4901161e-08, 1.2344933, 8.621422, 0.49, 26.054747
1858, 377, -0.0011999999405816197, -0.451199977658689, False, 54.838966, -1.4412657, -1.4901161e-08, 3.828611, 8.438041, 0.49, 25.959805
1858, 378, -0.0011999999405816197, -0.45239997759927064, False, 54.718964, -0.69498265, -1.4901161e-08, 6.067182, 8.1220045, 0.49, 25.87954
1858, 379, -0.0011999999405816197, -0.45359997753985226, False, 54.59896, 0.1379602, -1.4901161e-08, 8.012134, 7.68713, 0.49, 25.793081
1858, 380, -0.0011999999405816197, -0.4547999774804339, False, 54.47896, 1.0404638, -1.4901161e-08, 9.689762, 7.1472855, 0.49, 25.683357
1858, 381, -0.0011999999405816197, -0.4559999774210155, False, 54.358955, -0.17010093, -1.4901161e-08, 11.312706, 6.5150776, 0.49, 25.540953
1858, 382, -0.0011999999405816197, -0.4571999773615971, False, 54.238953, -1.3823581, -1.4901161e-08, 12.6640625, 5.7960887, 0.49, 25.381218
1858, 383, -0.0011999999405816197, -0.45839997730217874, False, 54.11895, -1.2228453, -1.4901161e-08, 13.969286, 4.995915, 0.49, 25.220215
1858, 384, -0.0011999999405816197, -0.45959997724276036, False, 53.998947, -1.712475, -1.4901161e-08, 8.807604, 4.3773994, 0.49, 25.099941
1858, 385, -0.0011999999405816197, -0.460799977183342, False, 53.878944, -1.501553, -1.4901161e-08, 10.473963, 3.7815576, 0.49, 25.005777
1858, 386, -0.0011999999405816197, -0.4619999771239236, False, 53.75894, -1.6380599, -1.4901161e-08, 6.4933777, 3.3139648, 0.49, 24.938732
1858, 387, -0.0011999999405816197, -0.4631999770645052, False, 53.63894, -2.19265, -1.4901161e-08, 8.189262, 2.8417392, 0.49, 24.901026
1858, 388, -0.0011999999405816197, -0.46439997700508684, False, 53.518936, -2.8467314, -1.4901161e-08, 9.668642, 2.268381, 0.49, 24.90249
1858, 389, -0.0011999999405816197, -0.46559997694566846, False, 53.398933, -1.411749, -1.4901161e-08, 11.468063, 1.6061999, 0.49, 24.949932
1858, 390, -0.0011999999405816197, -0.4667999768862501, False, 53.27893, -2.4872215, -1.4901161e-08, 12.691316, 0.86152637, 0.49, 25.031199
1858, 391, -0.0011999999405816197, -0.4679999768268317, False, 53.158928, 2.2675118e-07, -1.4901161e-08, 7.367039e-08, 0.4648826, 0.49, 25.10765
1858, 392, -0.0011999999405816197, -0.4691999767674133, False, 53.038925, 0.16571927, -1.4901161e-08, -2.474432, 0.571299, 0.49, 25.079508
1858, 393, -0.0011999999405816197, -0.47039997670799494, False, 52.918922, 0.5343281, -1.4901161e-08, -4.6925282, 0.7925359, 0.49, 24.987776
1858, 394, -0.0011999999405816197, -0.47159997664857656, False, 52.79892, 1.062315, -1.4901161e-08, -6.660781, 1.1211001, 0.49, 24.828457
1858, 395, -0.0011999999405816197, -0.4727999765891582, False, 52.678917, 1.7110631, -1.4901161e-08, -8.389088, 1.5379273, 0.49, 24.594118
1858, 396, -0.0011999999405816197, -0.4739999765297398, False, 52.558914, 0.5334015, -1.4901161e-08, -10.203629, 2.0278602, 0.49, 24.283024
1858, 397, -0.0011999999405816197, -0.4751999764703214, False, 52.43891, -0.2773037, -1.4901161e-08, -6.1200457, 2.4049852, 0.49, 24.041828
1858, 398, -0.0011999999405816197, -0.47639997641090304, False, 52.31891, -0.5727838, -1.4901161e-08, -2.365526, 2.5844758, 0.49, 23.918262
1858, 399, -0.0011999999405816197, -0.47759997635148466, False, 52.198906, -0.34191796, -1.4901161e-08, 0.74461937, 2.5859196, 0.49, 23.88806
1858, 400, -0.0011999999405816197, -0.4787999762920663, False, 52.078903, -0.03023374, -1.4901161e-08, 3.177772, 2.4444678, 0.49, 23.913214
1858, 401, -0.0011999999405816197, -0.4799999762326479, False, 51.9589, 0.43815064, -1.4901161e-08, 5.343979, 2.170715, 0.49, 23.967077
1858, 402, -0.0011999999405816197, -0.4811999761732295, False, 51.838898, 0.6019138, -1.4901161e-08, 3.1894462, 1.941569, 0.49, 24.010317
1858, 403, -0.0011999999405816197, -0.48239997611381114, False, 51.718895, 0.26580322, -1.4901161e-08, -0.055143163, 1.8855032, 0.49, 24.035515
1858, 404, -0.0011999999405816197, -0.48359997605439276, False, 51.598892, 0.3632726, -1.4901161e-08, -2.5077705, 1.9895654, 0.49, 24.034744
1858, 405, -0.0011999999405816197, -0.4847999759949744, False, 51.47889, 0.21292111, -1.4901161e-08, 0.6371648, 2.012669, 0.49, 24.04762
1858, 406, -0.0011999999405816197, -0.485999975935556, False, 51.358887, 0.22733378, -1.4901161e-08, -1.9019684, 2.0765138, 0.49, 24.032667
1858, 407, -0.0011999999405816197, -0.4871999758761376, False, 51.238884, 0.5288594, -1.4901161e-08, -4.1713057, 2.269633, 0.49, 23.956898
1858, 408, -0.0011999999405816197, -0.48839997581671923, False, 51.11888, 1.0061948, -1.4901161e-08, -6.191456, 2.5726206, 0.49, 23.811893
1858, 409, -0.0011999999405816197, -0.48959997575730085, False, 50.99888, 1.6159596, -1.4901161e-08, -7.9710474, 2.966236, 0.49, 23.590513
1858, 410, -0.0011999999405816197, -0.4907999756978825, False, 50.878876, 2.322132, -1.4901161e-08, -9.5216465, 3.43159, 0.49, 23.287283
1858, 411, -0.0011999999405816197, -0.4919999756384641, False, 50.758873, 1.3218939, -1.4901161e-08, -5.680482, 3.7975416, 0.49, 23.066362
1858, 412, -0.0011999999405816197, -0.4931999755790457, False, 50.63887, 0.76529294, -1.4901161e-08, -2.125614, 3.9861975, 0.49, 22.987162
1858, 413, -0.0011999999405816197, -0.49439997551962733, False, 50.518867, 0.46620768, -1.4901161e-08, 0.8200797, 4.006628, 0.49, 23.010933
1858, 414, -0.0011999999405816197, -0.49559997546020895, False, 50.398865, 0.6064596, -1.4901161e-08, 3.1808777, 3.8901682, 0.49, 23.10248
1858, 415, -0.0011999999405816197, -0.49679997540079057, False, 50.278862, 0.97242355, -1.4901161e-08, 5.292715, 3.6471903, 0.49, 23.243294
1858, 416, -0.0011999999405816197, -0.4979999753413722, False, 50.15886, 1.4971061, -1.4901161e-08, 7.1642747, 3.28414, 0.49, 23.41403
1858, 417, -0.0011999999405816197, -0.4991999752819538, False, 50.038857, 2.1381238, -1.4901161e-08, 8.8052435, 2.808268, 0.49, 23.596258
1858, 418, -0.0011999999405816197, -0.5003999752225354, False, 49.918854, 2.4332473, -1.4901161e-08, 4.6347485, 2.4539058, 0.49, 23.753113
1858, 419, -0.0011999999405816197, -0.501599975163117, False, 49.79885, 1.7433993, -1.4901161e-08, 1.3548228, 2.316857, 0.49, 23.878601
1858, 420, -0.0011999999405816197, -0.5027999751036987, False, 49.67885, 1.350266, -1.4901161e-08, -1.3351156, 2.3605573, 0.49, 23.957802
1858, 421, -0.0011999999405816197, -0.5039999750442803, False, 49.558846, 0.8989601, -1.4901161e-08, 1.5792158, 2.3392045, 0.49, 24.030806
1858, 422, -0.0011999999405816197, -0.5051999749848619, False, 49.438843, 0.41499233, -1.4901161e-08, 3.987594, 2.1741495, 0.49, 24.136452
1858, 423, -0.0011999999405816197, -0.5063999749254435, False, 49.31884, 0.14531468, -1.4901161e-08, 0.50610995, 2.09235, 0.49, 24.1926
1858, 424, -0.0011999999405816197, -0.5075999748660251, False, 49.198837, 0.20729566, -1.4901161e-08, -2.0128965, 2.1564486, 0.49, 24.159508
1858, 425, -0.0011999999405816197, -0.5087999748066068, False, 49.078835, 0.52344596, -1.4901161e-08, -4.27293, 2.3340335, 0.49, 24.040749
1858, 426, -0.0011999999405816197, -0.5099999747471884, False, 48.95883, 1.0116506, -1.4901161e-08, -6.2835083, 2.6043153, 0.49, 23.831894
1858, 427, -0.0011999999405816197, -0.51119997468777, False, 48.83883, 1.6298189, -1.4901161e-08, -8.053518, 2.9470012, 0.49, 23.52988
1858, 428, -0.0011999999405816197, -0.5123999746283516, False, 48.718826, 0.8484609, -1.4901161e-08, -4.2883897, 3.2081347, 0.49, 23.316221
1858, 429, -0.0011999999405816197, -0.5135999745689332, False, 48.598824, 0.45546782, -1.4901161e-08, -0.83208793, 3.3152559, 0.49, 23.257853
1858, 430, -0.0011999999405816197, -0.5147999745095149, False, 48.47882, 0.36031187, -1.4901161e-08, 1.7694796, 3.2824674, 0.49, 23.30803
1858, 431, -0.0011999999405816197, -0.5159999744500965, False, 48.358818, 0.6239388, -1.4901161e-08, 4.041418, 3.1303406, 0.49, 23.43863
1858, 432, -0.0011999999405816197, -0.5171999743906781, False, 48.238815, 1.0739973, -1.4901161e-08, 6.066391, 2.862115, 0.49, 23.629282
1858, 433, -0.0011999999405816197, -0.5183999743312597, False, 48.118813, 1.6620119, -1.4901161e-08, 7.85256, 2.4814775, 0.49, 23.859955
1858, 434, -0.0011999999405816197, -0.5195999742718413, False, 47.99881, 1.9208238, -1.4901161e-08, 3.8173537, 2.2103531, 0.49, 24.04533
1858, 435, -0.0011999999405816197, -0.520799974212423, False, 47.878807, 1.3375491, -1.4901161e-08, 0.59781396, 2.1405182, 0.49, 24.158485
1858, 436, -0.0011999999405816197, -0.5219999741530046, False, 47.758804, 1.1029048, -1.4901161e-08, -1.9429666, 2.228839, 0.49, 24.195393
1858, 437, -0.0011999999405816197, -0.5231999740935862, False, 47.6388, 1.2530974, -1.4901161e-08, -4.1446714, 2.4433582, 0.49, 24.160582
1858, 438, -0.0011999999405816197, -0.5243999740341678, False, 47.5188, 1.6196898, -1.4901161e-08, -6.108088, 2.7648153, 0.49, 24.05007
1858, 439, -0.0011999999405816197, -0.5255999739747494, False, 47.398796, 2.1374986, -1.4901161e-08, -7.844083, 3.1744504, 0.49, 23.858423
1858, 440, -0.0011999999405816197, -0.5267999739153311, False, 47.278793, 2.7637112, -1.4901161e-08, -9.362677, 3.653746, 0.49, 23.581139
1858, 441, -0.0011999999405816197, -0.5279999738559127, False, 47.15879, 3.464663, -1.4901161e-08, -10.675854, 4.1845655, 0.49, 23.215097
1858, 442, -0.0011999999405816197, -0.5291999737964943, False, 47.038788, 2.2169127, -1.4901161e-08, -6.8362927, 4.6149445, 0.49, 22.941515
1858, 443, -0.0011999999405816197, -0.5303999737370759, False, 46.918785, 1.4373698, -1.4901161e-08, -3.2606723, 4.8746805, 0.49, 22.827404
1858, 444, -0.0011999999405816197, -0.5315999736776575, False, 46.798782, 0.9439801, -1.4901161e-08, -0.08771813, 4.9663386, 0.49, 22.83759
1858, 445, -0.0011999999405816197, -0.5327999736182392, False, 46.67878, 0.85928744, -1.4901161e-08, 2.3670306, 4.912672, 0.49, 22.930082
1858, 446, -0.0011999999405816197, -0.5339999735588208, False, 46.558777, 1.0983319, -1.4901161e-08, 4.541321, 4.731748, 0.49, 23.084059
1858, 447, -0.0011999999405816197, -0.5351999734994024, False, 46.438774, 1.5287163, -1.4901161e-08, 6.4773006, 4.4297547, 0.49, 23.280682
1858, 448, -0.0011999999405816197, -0.536399973439984, False, 46.31877, 2.0963435, -1.4901161e-08, 8.183996, 4.012721, 0.49, 23.501196
1858, 449, -0.0011999999405816197, -0.5375999733805656, False, 46.19877, 2.7621846, -1.4901161e-08, 9.67212, 3.4875402, 0.49, 23.72779
1858, 450, -0.0011999999405816197, -0.5387999733211473, False, 46.078766, 1.6893976, -1.4901161e-08, 5.8613486, 3.0876272, 0.49, 23.91892
1858, 451, -0.0011999999405816197, -0.5399999732617289, False, 45.958763, 0.7370496, -1.4901161e-08, 7.922862, 2.6864793, 0.49, 24.100998
1858, 452, -0.0011999999405816197, -0.5411999732023105, False, 45.83876, 0.103085995, -1.4901161e-08, 4.081649, 2.394918, 0.49, 24.234884
1858, 453, -0.0011999999405816197, -0.5423999731428921, False, 45.718758, -0.07025489, -1.4901161e-08, 0.55790025, 2.3023725, 0.49, 24.279146
1858, 454, -0.0011999999405816197, -0.5435999730834737, False, 45.598755, 0.07460606, -1.4901161e-08, -1.9769007, 2.3595245, 0.49, 24.240204
1858, 455, -0.0011999999405816197, -0.5447999730240554, False, 45.478752, 0.41136515, -1.4901161e-08, -4.2515583, 2.5313604, 0.49, 24.117006
1858, 456, -0.0011999999405816197, -0.545999972964637, False, 45.35875, 0.13245547, -1.4901161e-08, -0.74098414, 2.6270201, 0.49, 24.055412
1858, 457, -0.0011999999405816197, -0.5471999729052186, False, 45.238747, 0.15943187, -1.4901161e-08, 1.8110499, 2.5800018, 0.49, 24.091587
1858, 458, -0.0011999999405816197, -0.5483999728458002, False, 45.118744, 0.46452582, -1.4901161e-08, 4.0948963, 2.407838, 0.49, 24.19762
1858, 459, -0.0011999999405816197, -0.5495999727863818, False, 44.99874, 0.9440198, -1.4901161e-08, 6.1280613, 2.1149457, 0.49, 24.352558
1858, 460, -0.0011999999405816197, -0.5507999727269635, False, 44.87874, 1.1220003, -1.4901161e-08, 2.3252194, 1.9239119, 0.49, 24.47009
1858, 461, -0.0011999999405816197, -0.5519999726675451, False, 44.758736, 0.73468244, -1.4901161e-08, -0.646245, 1.9217484, 0.49, 24.521873
1858, 462, -0.0011999999405816197, -0.5531999726081267, False, 44.638733, 0.79724145, -1.4901161e-08, -3.0114205, 2.0630164, 0.49, 24.512241
1858, 463, -0.0011999999405816197, -0.5543999725487083, False, 44.51873, 1.1151142, -1.4901161e-08, -5.125037, 2.325746, 0.49, 24.43901
1858, 464, -0.0011999999405816197, -0.5555999724892899, False, 44.398727, 1.6026521, -1.4901161e-08, -7.0013146, 2.691293, 0.49, 24.294844
1858, 465, -0.0011999999405816197, -0.5567999724298716, False, 44.278725, 2.213351, -1.4901161e-08, -8.649492, 3.1411345, 0.49, 24.07317
1858, 466, -0.0011999999405816197, -0.5579999723704532, False, 44.158722, 2.9112144, -1.4901161e-08, -10.081136, 3.657012, 0.49, 23.76886
1858, 467, -0.0011999999405816197, -0.5591999723110348, False, 44.03872, 1.7850652, -1.4901161e-08, -6.244419, 4.0683317, 0.49, 23.546198
1858, 468, -0.0011999999405816197, -0.5603999722516164, False, 43.918716, 1.1132388, -1.4901161e-08, -2.6828706, 4.2977276, 0.49, 23.464485
1858, 469, -0.0011999999405816197, -0.561599972192198, False, 43.798714, 0.7035827, -1.4901161e-08, 0.3815957, 4.3523664, 0.49, 23.487162
1858, 470, -0.0011999999405816197, -0.5627999721327797, False, 43.67871, 0.7380947, -1.4901161e-08, 2.7789893, 4.262374, 0.49, 23.576506
1858, 471, -0.0011999999405816197, -0.5639999720733613, False, 43.55871, 1.04123, -1.4901161e-08, 4.920598, 4.0427637, 0.49, 23.714428
1858, 472, -0.0011999999405816197, -0.5651999720139429, False, 43.438705, 1.5185595, -1.4901161e-08, 6.823403, 3.7007053, 0.49, 23.882162
1858, 473, -0.0011999999405816197, -0.5663999719545245, False, 43.318703, 2.1224887, -1.4901161e-08, 8.496456, 3.2437904, 0.49, 24.06147
1858, 474, -0.0011999999405816197, -0.5675999718951061, False, 43.1987, 0.882437, -1.4901161e-08, 10.340466, 2.6810317, 0.49, 24.240534
1858, 475, -0.0011999999405816197, -0.5687999718356878, False, 43.078697, 0.010851741, -1.4901161e-08, 6.276241, 2.2458386, 0.49, 24.379671
1858, 476, -0.0011999999405816197, -0.5699999717762694, False, 42.958694, -0.35243994, -1.4901161e-08, 2.5297108, 2.030316, 0.49, 24.44761
1858, 477, -0.0011999999405816197, -0.571199971716851, False, 42.83869, -0.20894344, -1.4901161e-08, -0.620394, 2.004219, 0.49, 24.440638
1858, 478, -0.0011999999405816197, -0.5723999716574326, False, 42.71869, 0.062883854, -1.4901161e-08, -3.0527, 2.1148303, 0.49, 24.361782
1858, 479, -0.0011999999405816197, -0.5735999715980142, False, 42.598686, 0.5042739, -1.4901161e-08, -5.2229366, 2.3352764, 0.49, 24.202557
1858, 480, -0.0011999999405816197, -0.5747999715385959, False, 42.478683, 1.0886285, -1.4901161e-08, -7.141534, 2.6446633, 0.49, 23.957306
1858, 481, -0.0011999999405816197, -0.5759999714791775, False, 42.35868, 0.46503115, -1.4901161e-08, -3.411975, 2.870179, 0.49, 23.790459
1858, 482, -0.0011999999405816197, -0.5771999714197591, False, 42.238678, 0.15239477, -1.4901161e-08, -0.061011035, 2.932356, 0.49, 23.759579
1858, 483, -0.0011999999405816197, -0.5783999713603407, False, 42.118675, 0.26775926, -1.4901161e-08, 2.409503, 2.8566477, 0.49, 23.820244
1858, 484, -0.0011999999405816197, -0.5795999713009223, False, 41.998672, 0.6123965, -1.4901161e-08, 4.625452, 2.6582308, 0.49, 23.94815
1858, 485, -0.0011999999405816197, -0.580799971241504, False, 41.87867, 1.1223156, -1.4901161e-08, 6.5936375, 2.3413515, 0.49, 24.122625
1858, 486, -0.0011999999405816197, -0.5819999711820856, False, 41.758667, 1.1128815, -1.4901161e-08, 3.9698722, 2.08096, 0.49, 24.25909
1858, 487, -0.0011999999405816197, -0.5831999711226672, False, 41.638664, 1.4820302, -1.4901161e-08, 5.9620686, 1.7761881, 0.49, 24.382502
1858, 488, -0.0011999999405816197, -0.5843999710632488, False, 41.51866, 1.2843708, -1.4901161e-08, 3.536562, 1.523334, 0.49, 24.47432
1858, 489, -0.0011999999405816197, -0.5855999710038304, False, 41.39866, 0.80905235, -1.4901161e-08, 0.2798462, 1.4478955, 0.49, 24.535748
1858, 490, -0.0011999999405816197, -0.586799970944412, False, 41.278656, 0.72282904, -1.4901161e-08, -2.207346, 1.5382602, 0.49, 24.56215
1858, 491, -0.0011999999405816197, -0.5879999708849937, False, 41.158653, 0.967868, -1.4901161e-08, -4.4079337, 1.765367, 0.49, 24.550232
1858, 492, -0.0011999999405816197, -0.5891999708255753, False, 41.03865, 1.403688, -1.4901161e-08, -6.36794, 2.1119947, 0.49, 24.489866
1858, 493, -0.0011999999405816197, -0.5903999707661569, False, 40.918648, 1.9770977, -1.4901161e-08, -8.096105, 2.5610337, 0.49, 24.370962
1858, 494, -0.0011999999405816197, -0.5915999707067385, False, 40.798645, 2.649336, -1.4901161e-08, -9.603197, 3.0953603, 0.49, 24.184765
1858, 495, -0.0011999999405816197, -0.5927999706473202, False, 40.678642, 3.388681, -1.4901161e-08, -10.902142, 3.6979234, 0.49, 23.924118
1858, 496, -0.0011999999405816197, -0.5939999705879018, False, 40.55864, 4.1685877, -1.4901161e-08, -12.007399, 4.3518496, 0.49, 23.58355
1858, 497, -0.0011999999405816197, -0.5951999705284834, False, 40.438637, 4.9668546, -1.4901161e-08, -12.93442, 5.040553, 0.49, 23.15928
1858, 498, -0.0011999999405816197, -0.596399970469065, False, 40.318634, 3.3432417, -1.4901161e-08, -9.0205765, 5.6136127, 0.49, 22.832054
1858, 499, -0.0011999999405816197, -0.5975999704096466, False, 40.19863, 2.2432613, -1.4901161e-08, -5.338519, 6.002519, 0.49, 22.668825
1858, 500, -0.0011999999405816197, -0.5987999703502283, False, 40.07863, 1.5497109, -1.4901161e-08, -1.9382634, 6.2107053, 0.49, 22.63793
1858, 501, -0.0011999999405816197, -0.5999999702908099, False, 39.958626, 1.1238847, -1.4901161e-08, 0.90157163, 6.2486377, 0.49, 22.700277
1858, 502, -0.0011999999405816197, -0.6011999702313915, False, 39.838623, 1.1432204, -1.4901161e-08, 3.2186363, 6.144368, 0.49, 22.824093
1858, 503, -0.0011999999405816197, -0.6023999701719731, False, 39.71862, 1.4283268, -1.4901161e-08, 5.2846804, 5.910925, 0.49, 22.992168
1858, 504, -0.0011999999405816197, -0.6035999701125547, False, 39.598618, 1.888058, -1.4901161e-08, 7.1190987, 5.555826, 0.49, 23.18639
1858, 505, -0.0011999999405816197, -0.6047999700531363, False, 39.478615, 2.4730914, -1.4901161e-08, 8.731348, 5.0867815, 0.49, 23.389051
1858, 506, -0.0011999999405816197, -0.605999969993718, False, 39.358612, 2.1689727, -1.4901161e-08, 10.409182, 4.5124874, 0.49, 23.586132
1858, 507, -0.0011999999405816197, -0.6071999699342996, False, 39.23861, 0.67674565, -1.4901161e-08, 6.696891, 4.0603895, 0.49, 23.73101
1858, 508, -0.0011999999405816197, -0.6083999698748812, False, 39.118607, 0.58815813, -1.4901161e-08, 8.556376, 3.6014943, 0.49, 23.866339
1858, 509, -0.0011999999405816197, -0.6095999698154628, False, 38.998604, -0.45985556, -1.4901161e-08, 10.247735, 3.0399706, 0.49, 24.021408
1858, 510, -0.0011999999405816197, -0.6107999697560444, False, 38.8786, -1.1369313, -1.4901161e-08, 6.0700393, 2.6040285, 0.49, 24.13385
1858, 511, -0.0011999999405816197, -0.6119999696966261, False, 38.7586, -1.2751803, -1.4901161e-08, 2.261098, 2.3820796, 0.49, 24.163689
1858, 512, -0.0011999999405816197, -0.6131999696372077, False, 38.638596, -0.8955266, -1.4901161e-08, -0.874092, 2.3419015, 0.49, 24.11362
1858, 513, -0.0011999999405816197, -0.6143999695777893, False, 38.518593, -0.4579569, -1.4901161e-08, -3.3559804, 2.43513, 0.49, 23.986187
1858, 514, -0.0011999999405816197, -0.6155999695183709, False, 38.39859, -0.341648, -1.4901161e-08, 0.015317962, 2.4673471, 0.49, 23.925873
1858, 515, -0.0011999999405816197, -0.6167999694589525, False, 38.278587, -0.07832825, -1.4901161e-08, 2.5222855, 2.3742054, 0.49, 23.970427
1858, 516, -0.0011999999405816197, -0.6179999693995342, False, 38.158585, 0.33683276, -1.4901161e-08, 4.7568874, 2.1611564, 0.49, 24.085629
1858, 517, -0.0011999999405816197, -0.6191999693401158, False, 38.03858, 0.49798477, -1.4901161e-08, 2.809774, 1.9793432, 0.49, 24.182499
1858, 518, -0.0011999999405816197, -0.6203999692806974, False, 37.91858, 0.43881816, -1.4901161e-08, 1.5252788, 1.8749937, 0.49, 24.238096
1858, 519, -0.0011999999405816197, -0.621599969221279, False, 37.798576, 0.281474, -1.4901161e-08, 0.6949127, 1.8218654, 0.49, 24.266403
1858, 520, -0.0011999999405816197, -0.6227999691618606, False, 37.678574, 0.26016012, -1.4901161e-08, -1.8600996, 1.8853145, 0.49, 24.267776
1858, 521, -0.0011999999405816197, -0.6239999691024423, False, 37.55857, 0.09914076, -1.4901161e-08, 1.0473646, 1.8781855, 0.49, 24.281466
1858, 522, -0.0011999999405816197, -0.6251999690430239, False, 37.43857, 0.085644305, -1.4901161e-08, -1.6783092, 1.9255956, 0.49, 24.263554
1858, 523, -0.0011999999405816197, -0.6263999689836055, False, 37.318565, 0.39170218, -1.4901161e-08, -3.9813225, 2.104177, 0.49, 24.186113
1858, 524, -0.0011999999405816197, -0.6275999689241871, False, 37.198563, 0.87109375, -1.4901161e-08, -6.031907, 2.394179, 0.49, 24.040031
1858, 525, -0.0011999999405816197, -0.6287999688647687, False, 37.07856, 1.483583, -1.4901161e-08, -7.8389187, 2.7761683, 0.49, 23.817957
1858, 526, -0.0011999999405816197, -0.6299999688053504, False, 36.958557, 2.193731, -1.4901161e-08, -9.4140835, 3.2311041, 0.49, 23.5143
1858, 527, -0.0011999999405816197, -0.631199968745932, False, 36.838554, 0.7548022, -1.4901161e-08, -6.045006, 3.5842242, 0.49, 23.268137
1858, 528, -0.0011999999405816197, -0.6323999686865136, False, 36.71855, 0.27588034, -1.4901161e-08, -2.3904762, 3.76773, 0.49, 23.15338
1858, 529, -0.0011999999405816197, -0.6335999686270952, False, 36.59855, 0.12243536, -1.4901161e-08, 0.70520926, 3.7833881, 0.49, 23.152393
1858, 530, -0.0011999999405816197, -0.6347999685676768, False, 36.478546, 0.32583308, -1.4901161e-08, 3.1010027, 3.664004, 0.49, 23.22547
1858, 531, -0.0011999999405816197, -0.6359999685082585, False, 36.358543, 0.7290299, -1.4901161e-08, 5.243923, 3.4190845, 0.49, 23.350698
1858, 532, -0.0011999999405816197, -0.6371999684488401, False, 36.23854, 1.2833824, -1.4901161e-08, 7.1410294, 3.0546036, 0.49, 23.507977
1858, 533, -0.0011999999405816197, -0.6383999683894217, False, 36.118538, 1.950325, -1.4901161e-08, 8.802685, 2.5776205, 0.49, 23.678461
1858, 534, -0.0011999999405816197, -0.6395999683300033, False, 35.998535, 2.2713308, -1.4901161e-08, 4.646822, 2.2224224, 0.49, 23.825096
1858, 535, -0.0011999999405816197, -0.6407999682705849, False, 35.878532, 1.6052182, -1.4901161e-08, 1.3431795, 2.0849915, 0.49, 23.941828
1858, 536, -0.0011999999405816197, -0.6419999682111666, False, 35.75853, 1.2327619, -1.4901161e-08, -1.3513212, 2.1283731, 0.49, 24.013435
1858, 537, -0.0011999999405816197, -0.6431999681517482, False, 35.638527, 0.8014351, -1.4901161e-08, 1.5518016, 2.106549, 0.49, 24.080002
1858, 538, -0.0011999999405816197, -0.6443999680923298, False, 35.518524, 0.5500456, -1.4901161e-08, -1.2331622, 2.1405463, 0.49, 24.103407
1858, 539, -0.0011999999405816197, -0.6455999680329114, False, 35.39852, 0.72003233, -1.4901161e-08, -3.5456917, 2.3062007, 0.49, 24.057867
1858, 540, -0.0011999999405816197, -0.646799967973493, False, 35.27852, 1.1052779, -1.4901161e-08, -5.611973, 2.583842, 0.49, 23.93919
1858, 541, -0.0011999999405816197, -0.6479999679140747, False, 35.158516, 1.6434126, -1.4901161e-08, -7.4405947, 2.9542217, 0.49, 23.741205
1858, 542, -0.0011999999405816197, -0.6491999678546563, False, 35.038513, 2.292939, -1.4901161e-08, -9.0415535, 3.3983536, 0.49, 23.458948
1858, 543, -0.0011999999405816197, -0.6503999677952379, False, 34.91851, 1.3358907, -1.4901161e-08, -5.245738, 3.7449207, 0.49, 23.256832
1858, 544, -0.0011999999405816197, -0.6515999677358195, False, 34.798508, 0.8020062, -1.4901161e-08, -1.7403866, 3.915728, 0.49, 23.19402
1858, 545, -0.0011999999405816197, -0.6527999676764011, False, 34.678505, 0.53045326, -1.4901161e-08, 1.0933828, 3.9221373, 0.49, 23.229969
1858, 546, -0.0011999999405816197, -0.6539999676169828, False, 34.558502, 0.68859386, -1.4901161e-08, 3.4216733, 3.7941473, 0.49, 23.332294
1858, 547, -0.0011999999405816197, -0.6551999675575644, False, 34.4385, 1.0660942, -1.4901161e-08, 5.502868, 3.5406034, 0.49, 23.482716
1858, 548, -0.0011999999405816197, -0.656399967498146, False, 34.318497, 1.5987232, -1.4901161e-08, 7.345644, 3.1678858, 0.49, 23.662004
1858, 549, -0.0011999999405816197, -0.6575999674387276, False, 34.198494, 2.2445695, -1.4901161e-08, 8.959875, 2.683184, 0.49, 23.851841
1858, 550, -0.0011999999405816197, -0.6587999673793092, False, 34.07849, 1.9925113, -1.4901161e-08, 5.455429, 2.2973404, 0.49, 23.992748
1858, 551, -0.0011999999405816197, -0.6599999673198909, False, 33.95849, 1.3331916, -1.4901161e-08, 2.008604, 2.1158354, 0.49, 24.095732
1858, 552, -0.0011999999405816197, -0.6611999672604725, False, 33.838486, 1.4522724, -1.4901161e-08, 4.1884294, 1.910035, 0.49, 24.185469
1858, 553, -0.0011999999405816197, -0.6623999672010541, False, 33.718483, 0.9367515, -1.4901161e-08, 0.8368947, 1.7991893, 0.49, 24.257378
1858, 554, -0.0011999999405816197, -0.6635999671416357, False, 33.59848, 0.73856705, -1.4901161e-08, -1.76331, 1.862593, 0.49, 24.291273
1858, 555, -0.0011999999405816197, -0.6647999670822173, False, 33.478477, 0.9323175, -1.4901161e-08, -4.0082803, 2.0654583, 0.49, 24.285028
1858, 556, -0.0011999999405816197, -0.665999967022799, False, 33.358475, 0.82675576, -1.4901161e-08, -0.47529384, 2.1759205, 0.49, 24.300978
1858, 557, -0.0011999999405816197, -0.6671999669633806, False, 33.238472, 0.84772563, -1.4901161e-08, -2.8565874, 2.3087103, 0.49, 24.284395
1858, 558, -0.0011999999405816197, -0.6683999669039622, False, 33.11847, 1.1411548, -1.4901161e-08, -4.981925, 2.5561497, 0.49, 24.190706
1858, 559, -0.0011999999405816197, -0.6695999668445438, False, 32.998466, 1.6104305, -1.4901161e-08, -6.8703237, 2.898932, 0.49, 24.014952
1858, 560, -0.0011999999405816197, -0.6707999667851254, False, 32.878464, 2.2068849, -1.4901161e-08, -8.530899, 3.3179328, 0.49, 23.75269
1858, 561, -0.0011999999405816197, -0.671999966725707, False, 32.75846, 1.3028721, -1.4901161e-08, -4.7778172, 3.6416183, 0.49, 23.56856
1858, 562, -0.0011999999405816197, -0.6731999666662887, False, 32.63846, 1.026318, -1.4901161e-08, -1.2336239, 3.793168, 0.49, 23.523235
1858, 563, -0.0011999999405816197, -0.6743999666068703, False, 32.518456, 0.7613231, -1.4901161e-08, 1.4606616, 3.7928166, 0.49, 23.58341
1858, 564, -0.0011999999405816197, -0.6755999665474519, False, 32.398453, 0.91675436, -1.4901161e-08, 3.7356658, 3.6666534, 0.49, 23.720768
1858, 565, -0.0011999999405816197, -0.6767999664880335, False, 32.27845, 1.2912152, -1.4901161e-08, 5.767074, 3.42106, 0.49, 23.916454
1858, 566, -0.0011999999405816197, -0.6779999664286152, False, 32.158447, 1.8192325, -1.4901161e-08, 7.5646048, 3.0605202, 0.49, 24.151052
1858, 567, -0.0011999999405816197, -0.6791999663691968, False, 32.038445, 2.4583206, -1.4901161e-08, 9.1381855, 2.5903146, 0.49, 24.40589
1858, 568, -0.0011999999405816197, -0.6803999663097784, False, 31.918442, 2.140537, -1.4901161e-08, 5.559738, 2.2152596, 0.49, 24.59744
1858, 569, -0.0011999999405816197, -0.68159996625036, False, 31.798439, 1.1515455, -1.4901161e-08, 7.6966887, 1.8164735, 0.49, 24.759205
1858, 570, -0.0011999999405816197, -0.6827999661909416, False, 31.678436, 0.10907149, -1.4901161e-08, 9.525383, 1.3085693, 0.49, 24.93438
1858, 571, -0.0011999999405816197, -0.6839999661315233, False, 31.558434, 1.1591084, -1.4901161e-08, 11.057415, 0.7047593, 0.49, 25.134075
1858, 572, -0.0011999999405816197, -0.6851999660721049, False, 31.43843, 0.0, 0.0, 0.0, 0.49933055, 0.49, 25.204515
1858, 573, -0.0011999999405816197, -0.6863999660126865, False, 31.318428, 0.0, 0.0, 0.0, 0.49999464, 0.49, 25.204622
1858, 574, -0.0011999999405816197, -0.6875999659532681, False, 31.198425, 0.0, 0.0, 0.0, 0.49999997, 0.49, 25.204702
1858, 575, -0.0011999999405816197, -0.6887999658938497, False, 31.078423, 0.0, 0.0, -2.481027, 0.5916455, 0.49, 25.163904
1858, 576, -0.0011999999405816197, -0.6899999658344314, False, 30.95842, 0.39781106, 0.0, -4.7127485, 0.809646, 0.49, 25.064013
1858, 577, -0.0011999999405816197, -0.691199965775013, False, 30.838417, 0.94778323, 0.0, -6.690816, 1.1354862, 0.49, 24.897743
1858, 578, -0.0011999999405816197, -0.6923999657155946, False, 30.718414, 1.6149318, 0.0, -8.426088, 1.5499898, 0.49, 24.657373
1858, 579, -0.0011999999405816197, -0.6935999656561762, False, 30.598412, 0.4463339, 0.0, -10.227705, 2.037928, 0.49, 24.34099
1858, 580, -0.0011999999405816197, -0.6947999655967578, False, 30.478409, -0.35450244, 0.0, -6.133693, 2.4133508, 0.49, 24.095161
1858, 581, -0.0011999999405816197, -0.6959999655373394, False, 30.358406, -0.6373899, 0.0, -2.3718727, 2.5914748, 0.49, 23.96765
1858, 582, -0.0011999999405816197, -0.6971999654779211, False, 30.238403, -0.3911486, 0.0, 0.74335045, 2.5920353, 0.49, 23.934267
1858, 583, -0.0011999999405816197, -0.6983999654185027, False, 30.1184, -0.068627894, 0.0, 3.1816816, 2.449833, 0.49, 23.957045
1858, 584, -0.0011999999405816197, -0.6995999653590843, False, 29.998398, 0.40634948, 0.0, 5.350931, 2.1754363, 0.49, 24.008944
1858, 585, -0.0011999999405816197, -0.7007999652996659, False, 29.878395, 0.58325267, 0.0, 3.1958876, 1.945834, 0.49, 24.050837
1858, 586, -0.0011999999405816197, -0.7019999652402475, False, 29.758392, 0.25089777, 0.0, -0.051921472, 1.8894536, 0.49, 24.075106
1858, 587, -0.0011999999405816197, -0.7031999651808292, False, 29.63839, 0.35198689, 0.0, -2.5056055, 1.9932377, 0.49, 24.073645
1858, 588, -0.0011999999405816197, -0.7043999651214108, False, 29.518387, 0.20523843, 0.0, 0.6388304, 2.0160775, 0.49, 24.086035
1858, 589, -0.0011999999405816197, -0.7055999650619924, False, 29.398384, 0.22223741, 0.0, -1.9001884, 2.0796869, 0.49, 24.070816
1858, 590, -0.0011999999405816197, -0.706799965002574, False, 29.278381, 0.52452016, 0.0, -4.170116, 2.2726061, 0.49, 23.994848
1858, 591, -0.0011999999405816197, -0.7079999649431556, False, 29.158379, 1.0023906, 0.0, -6.190751, 2.5754201, 0.49, 23.84968
1858, 592, -0.0011999999405816197, -0.7091999648837373, False, 29.038376, 1.6126056, 0.0, -7.9707384, 2.9688847, 0.49, 23.628164
1858, 593, -0.0011999999405816197, -0.7103999648243189, False, 28.918373, 2.3191793, 0.0, -9.521661, 3.434107, 0.49, 23.324818
1858, 594, -0.0011999999405816197, -0.7115999647649005, False, 28.79837, 1.3193479, 0.0, -5.6801896, 3.799942, 0.49, 23.103798
1858, 595, -0.0011999999405816197, -0.7127999647054821, False, 28.678368, 0.7632236, 0.0, -2.1250556, 3.9884946, 0.49, 23.024511
1858, 596, -0.0011999999405816197, -0.7139999646460637, False, 28.558365, 0.464651, 0.0, 0.82062835, 4.008838, 0.49, 23.048214
1858, 597, -0.0011999999405816197, -0.7151999645866454, False, 28.438362, 0.60529625, 0.0, 3.1814647, 3.892312, 0.49, 23.139708
1858, 598, -0.0011999999405816197, -0.716399964527227, False, 28.31836, 0.9715071, 0.0, 5.293338, 3.6492767, 0.49, 23.280474
1858, 599, -0.0011999999405816197, -0.7175999644678086, False, 28.198357, 1.4963822, 0.0, 7.164913, 3.286175, 0.49, 23.451168
1858, 600, -0.0011999999405816197, -0.7187999644083902, False, 28.078354, 2.1375592, 0.0, 8.805881, 2.8102565, 0.49, 23.633356
1858, 601, -0.0011999999405816197, -0.7199999643489718, False, 27.958351, 2.4328296, 0.0, 4.6353626, 2.455853, 0.49, 23.790178
1858, 602, -0.0011999999405816197, -0.7211999642895535, False, 27.838348, 1.7430168, 0.0, 1.3552916, 2.3187692, 0.49, 23.915646
1858, 603, -0.0011999999405816197, -0.7223999642301351, False, 27.718346, 1.3498828, 0.0, -1.334773, 2.362442, 0.49, 23.99483
1858, 604, -0.0011999999405816197, -0.7235999641707167, False, 27.598343, 0.89862204, 0.0, 1.5794293, 2.3410673, 0.49, 24.067816
1858, 605, -0.0011999999405816197, -0.7247999641112983, False, 27.47834, 0.6221398, 0.0, -1.2079507, 2.3753228, 0.49, 24.096384
1858, 606, -0.0011999999405816197, -0.7259999640518799, False, 27.358337, 0.7751423, 0.0, -3.5184166, 2.5412593, 0.49, 24.05478
1858, 607, -0.0011999999405816197, -0.7271999639924616, False, 27.238335, 1.1490296, 0.0, -5.5829577, 2.8190665, 0.49, 23.939415
1858, 608, -0.0011999999405816197, -0.7283999639330432, False, 27.118332, 1.678143, 0.0, -7.4107785, 3.1895337, 0.49, 23.744305
1858, 609, -0.0011999999405816197, -0.7295999638736248, False, 26.99833, 2.3201327, 0.0, -9.011734, 3.6336977, 0.49, 23.464577
1858, 610, -0.0011999999405816197, -0.7307999638142064, False, 26.878326, 3.040984, 0.0, -10.398061, 4.1330194, 0.49, 23.096869
1858, 611, -0.0011999999405816197, -0.731999963754788, False, 26.758324, 1.8715892, 0.0, -6.5427217, 4.5351815, 0.49, 22.822283
1858, 612, -0.0011999999405816197, -0.7331999636953697, False, 26.63832, 1.1659336, 0.0, -2.9591098, 4.769659, 0.49, 22.707914
1858, 613, -0.0011999999405816197, -0.7343999636359513, False, 26.518318, 0.7297013, 0.0, 0.1714082, 4.8391867, 0.49, 22.717716
1858, 614, -0.0011999999405816197, -0.7355999635765329, False, 26.398315, 0.7294075, 0.0, 2.5939703, 4.7687993, 0.49, 22.80987
1858, 615, -0.0011999999405816197, -0.7367999635171145, False, 26.278313, 1.0145154, 0.0, 4.754896, 4.57353, 0.49, 22.964314
1858, 616, -0.0011999999405816197, -0.7379999634576961, False, 26.15831, 1.4788656, 0.0, 6.6764393, 4.2587795, 0.49, 23.161718
1858, 617, -0.0011999999405816197, -0.7391999633982778, False, 26.038307, 2.0732808, 0.0, 8.3675, 3.8302886, 0.49, 23.383139
1858, 618, -0.0011999999405816197, -0.7403999633388594, False, 25.918304, 2.7605348, 0.0, 9.839292, 3.2947717, 0.49, 23.610676
1858, 619, -0.0011999999405816197, -0.741599963279441, False, 25.798302, 3.083277, 0.0, 5.512928, 2.8860462, 0.49, 23.808012
1858, 620, -0.0011999999405816197, -0.7427999632200226, False, 25.678299, 2.2564106, 0.0, 2.1977358, 2.6998594, 0.49, 23.970242
1858, 621, -0.0011999999405816197, -0.7439999631606042, False, 25.558296, 1.5044174, 0.0, 4.6968794, 2.4881284, 0.49, 24.115885
1858, 622, -0.0011999999405816197, -0.7451999631011859, False, 25.438293, 0.96416247, 0.0, 1.2802942, 2.3680863, 0.49, 24.218782
1858, 623, -0.0011999999405816197, -0.7463999630417675, False, 25.31829, 0.705954, 0.0, -1.4283032, 2.4171607, 0.49, 24.246124
1858, 624, -0.0011999999405816197, -0.7475999629823491, False, 25.198288, 0.8680421, 0.0, -3.7102957, 2.5963063, 0.49, 24.203648
1858, 625, -0.0011999999405816197, -0.7487999629229307, False, 25.078285, 1.2473294, 0.0, -5.7481604, 2.8860147, 0.49, 24.087267
1858, 626, -0.0011999999405816197, -0.7499999628635123, False, 24.958282, 1.7794931, 0.0, -7.551262, 3.2671907, 0.49, 23.891054
1858, 627, -0.0011999999405816197, -0.751199962804094, False, 24.83828, 2.4224024, 0.0, -9.129566, 3.7209854, 0.49, 23.610184
1858, 628, -0.0011999999405816197, -0.7523999627446756, False, 24.718277, 1.440144, 0.0, -5.3383417, 4.0761924, 0.49, 23.409119
1858, 629, -0.0011999999405816197, -0.7535999626852572, False, 24.598274, 0.8821455, 0.0, -1.8354822, 4.254719, 0.49, 23.346975
1858, 630, -0.0011999999405816197, -0.7547999626258388, False, 24.478271, 0.5827477, 0.0, 1.0202111, 4.2672973, 0.49, 23.383564
1858, 631, -0.0011999999405816197, -0.7559999625664204, False, 24.358269, 0.72196615, 0.0, 3.352859, 4.1441135, 0.49, 23.486134
1858, 632, -0.0011999999405816197, -0.7571999625070021, False, 24.238266, 1.0871782, 0.0, 5.438222, 3.894808, 0.49, 23.636599
1858, 633, -0.0011999999405816197, -0.7583999624475837, False, 24.118263, 1.6103413, 0.0, 7.2856483, 3.5258882, 0.49, 23.815838
1858, 634, -0.0011999999405816197, -0.7595999623881653, False, 23.99826, 2.2486358, 0.0, 8.904855, 3.0446093, 0.49, 24.005579
1858, 635, -0.0011999999405816197, -0.7607999623287469, False, 23.878258, 0.82063794, 0.0, 5.7146616, 2.661284, 0.49, 24.146383
1858, 636, -0.0011999999405816197, -0.7619999622693285, False, 23.758255, 0.3545165, 0.0, 2.100032, 2.4793494, 0.49, 24.226742
1858, 637, -0.0011999999405816197, -0.7631999622099102, False, 23.638252, 0.16156965, 0.0, -0.8630552, 2.4815404, 0.49, 24.237188
1858, 638, -0.0011999999405816197, -0.7643999621504918, False, 23.51825, 0.37216413, 0.0, -3.2402716, 2.6197803, 0.49, 24.181807
1858, 639, -0.0011999999405816197, -0.7655999620910734, False, 23.398247, 0.7816353, 0.0, -5.365561, 2.8731036, 0.49, 24.055538
1858, 640, -0.0011999999405816197, -0.766799962031655, False, 23.278244, 1.3405807, 0.0, -7.246135, 3.2218323, 0.49, 23.851446
1858, 641, -0.0011999999405816197, -0.7679999619722366, False, 23.158241, 2.0104282, 0.0, -8.892434, 3.6466548, 0.49, 23.564184
1858, 642, -0.0011999999405816197, -0.7691999619128183, False, 23.038239, 1.1054648, 0.0, -5.0823793, 3.9760172, 0.49, 23.35802
1858, 643, -0.0011999999405816197, -0.7703999618533999, False, 22.918236, 0.6244117, 0.0, -1.5667115, 4.131545, 0.49, 23.29228
1858, 644, -0.0011999999405816197, -0.7715999617939815, False, 22.798233, 0.41812843, 0.0, 1.2305433, 4.125872, 0.49, 23.32606
1858, 645, -0.0011999999405816197, -0.7727999617345631, False, 22.67823, 0.6139319, 0.0, 3.5523305, 3.988466, 0.49, 23.427269
1858, 646, -0.0011999999405816197, -0.7739999616751447, False, 22.558228, 1.0163739, 0.0, 5.626632, 3.726622, 0.49, 23.577042
1858, 647, -0.0011999999405816197, -0.7751999616157264, False, 22.438225, 1.5683751, 0.0, 7.4613276, 3.346473, 0.49, 23.755928
1858, 648, -0.0011999999405816197, -0.776399961556308, False, 22.318222, 2.2297869, 0.0, 9.066657, 2.8550777, 0.49, 23.94551
1858, 649, -0.0011999999405816197, -0.7775999614968896, False, 22.19822, 2.9674761, 0.0, 10.455295, 2.2605188, 0.49, 24.12867
1858, 650, -0.0011999999405816197, -0.7787999614374712, False, 22.078217, 3.3290482, 0.0, 6.0485954, 1.798765, 0.49, 24.293848
1858, 651, -0.0011999999405816197, -0.7799999613780528, False, 21.958214, 2.0567546, 0.0, 3.736948, 1.518689, 0.49, 24.411726
1858, 652, -0.0011999999405816197, -0.7811999613186345, False, 21.838211, 1.4562955, 0.0, 0.5510961, 1.4205513, 0.49, 24.505331
1858, 653, -0.0011999999405816197, -0.7823999612592161, False, 21.718208, 1.2090609, 0.0, -1.9775367, 1.4958497, 0.49, 24.574244
1858, 654, -0.0011999999405816197, -0.7835999611997977, False, 21.598206, 1.3452526, 0.0, -4.168655, 1.7132511, 0.49, 24.612852
1858, 655, -0.0011999999405816197, -0.7847999611403793, False, 21.478203, 1.1912439, 0.0, -0.59880656, 1.8354367, 0.49, 24.659847
1858, 656, -0.0011999999405816197, -0.7859999610809609, False, 21.3582, 1.1575665, 0.0, -2.950545, 1.9823948, 0.49, 24.67308
1858, 657, -0.0011999999405816197, -0.7871999610215425, False, 21.238197, 1.4114462, 0.0, -5.04302, 2.2500243, 0.49, 24.618742
1858, 658, -0.0011999999405816197, -0.7883999609621242, False, 21.118195, 1.848633, 0.0, -6.9031076, 2.6197116, 0.49, 24.490755
1858, 659, -0.0011999999405816197, -0.7895999609027058, False, 20.998192, 2.4168968, 0.0, -8.540302, 3.0730531, 0.49, 24.283167
1858, 660, -0.0011999999405816197, -0.7907999608432874, False, 20.87819, 3.078045, 0.0, -9.96545, 3.5918927, 0.49, 23.991236
1858, 661, -0.0011999999405816197, -0.791999960783869, False, 20.758186, 1.939015, 0.0, -6.157852, 4.0056934, 0.49, 23.779427
1858, 662, -0.0011999999405816197, -0.7931999607244506, False, 20.638184, 1.247711, 0.0, -2.6238217, 4.237108, 0.49, 23.706938
1858, 663, -0.0011999999405816197, -0.7943999606650323, False, 20.51818, 0.62663186, 0.0, -4.9634466, 4.4786196, 0.49, 23.616764
1858, 664, -0.0011999999405816197, -0.7955999606056139, False, 20.398178, 0.25235796, 0.0, -1.4039797, 4.6256, 0.49, 23.566553
1858, 665, -0.0011999999405816197, -0.7967999605461955, False, 20.278175, 0.19214517, 0.0, 1.3919547, 4.5977354, 0.49, 23.586624
1858, 666, -0.0011999999405816197, -0.7979999604867771, False, 20.158173, 0.44956124, 0.0, 3.7144773, 4.430189, 0.49, 23.648794
1858, 667, -0.0011999999405816197, -0.7991999604273587, False, 20.03817, 0.38165414, 0.0, 5.8512597, 4.1326942, 0.49, 23.736712
1858, 668, -0.0011999999405816197, -0.8003999603679404, False, 19.918167, 0.33009005, 0.0, 7.7887444, 3.7169778, 0.49, 23.846302
1858, 669, -0.0011999999405816197, -0.801599960308522, False, 19.798164, 0.28825855, 0.0, 9.545911, 3.1941254, 0.49, 23.975914
1858, 670, -0.0011999999405816197, -0.8027999602491036, False, 19.678162, -0.44791007, 0.0, 5.9985175, 2.7811327, 0.49, 24.076796
1858, 671, -0.0011999999405816197, -0.8039999601896852, False, 19.558159, -0.69946516, 0.0, 2.243363, 2.5728564, 0.49, 24.11682
1858, 672, -0.0011999999405816197, -0.8051999601302668, False, 19.438156, -0.426128, 0.0, -0.83829445, 2.5521097, 0.49, 24.089819
1858, 673, -0.0011999999405816197, -0.8063999600708485, False, 19.318153, -0.08901501, 0.0, -3.2707877, 2.6678977, 0.49, 23.995089
1858, 674, -0.0011999999405816197, -0.8075999600114301, False, 19.19815, 0.39757347, 0.0, -5.433148, 2.893499, 0.49, 23.822086
1858, 675, -0.0011999999405816197, -0.8087999599520117, False, 19.078148, 1.017586, 0.0, -7.340414, 3.2078032, 0.49, 23.564651
1858, 676, -0.0011999999405816197, -0.8099999598925933, False, 18.958145, 0.38915968, 0.0, -3.5839553, 3.437995, 0.49, 23.387032
1858, 677, -0.0011999999405816197, -0.8111999598331749, False, 18.838142, 0.11841787, 0.0, -0.15829296, 3.504464, 0.49, 23.348248
1858, 678, -0.0011999999405816197, -0.8123999597737566, False, 18.71814, 0.23292464, 0.0, 2.3240247, 3.4322126, 0.49, 23.404322
1858, 679, -0.0011999999405816197, -0.8135999597143382, False, 18.598137, 0.5751772, 0.0, 4.551285, 3.2370327, 0.49, 23.52821
1858, 680, -0.0011999999405816197, -0.8147999596549198, False, 18.478134, 1.083226, 0.0, 6.5299706, 2.9231415, 0.49, 23.69913
1858, 681, -0.0011999999405816197, -0.8159999595955014, False, 18.358131, 1.7161684, 0.0, 8.269418, 2.495875, 0.49, 23.897371
1858, 682, -0.0011999999405816197, -0.817199959536083, False, 18.238129, 1.6088872, 0.0, 5.0339375, 2.1530054, 0.49, 24.048035
1858, 683, -0.0011999999405816197, -0.8183999594766647, False, 18.118126, 1.0357211, 0.0, 1.588686, 2.004816, 0.49, 24.145872
1858, 684, -0.0011999999405816197, -0.8195999594172463, False, 17.998123, 0.73001987, 0.0, -1.194375, 2.0369499, 0.49, 24.184967
1858, 685, -0.0011999999405816197, -0.8207999593578279, False, 17.87812, 0.86049205, 0.0, -3.4995582, 2.2074416, 0.49, 24.166435
1858, 686, -0.0011999999405816197, -0.8219999592984095, False, 17.758118, 1.2191792, 0.0, -5.5591445, 2.4967115, 0.49, 24.085342
1858, 687, -0.0011999999405816197, -0.8231999592389911, False, 17.638115, 1.7361157, 0.0, -7.383445, 2.8863099, 0.49, 23.933987
1858, 688, -0.0011999999405816197, -0.8243999591795728, False, 17.518112, 2.3677778, 0.0, -8.982176, 3.3579156, 0.49, 23.70568
1858, 689, -0.0011999999405816197, -0.8255999591201544, False, 17.39811, 3.079685, 0.0, -10.367353, 3.893465, 0.49, 23.39523
1858, 690, -0.0011999999405816197, -0.826799959060736, False, 17.278107, 1.9076922, 0.0, -6.5191283, 4.3225555, 0.49, 23.166868
1858, 691, -0.0011999999405816197, -0.8279999590013176, False, 17.158104, 1.197872, 0.0, -2.9421732, 4.5680385, 0.49, 23.079927
1858, 692, -0.0011999999405816197, -0.8291999589418992, False, 17.038101, 0.7569659, 0.0, 0.18069658, 4.6364746, 0.49, 23.098751
1858, 693, -0.0011999999405816197, -0.8303999588824809, False, 16.918098, 0.7519864, 0.0, 2.60128, 4.557034, 0.49, 23.184547
1858, 694, -0.0011999999405816197, -0.8315999588230625, False, 16.798096, 1.0341094, 0.0, 4.7597456, 4.346794, 0.49, 23.319002
1858, 695, -0.0011999999405816197, -0.8327999587636441, False, 16.678093, 1.4961212, 0.0, 6.6791806, 4.013196, 0.49, 23.48352
1858, 696, -0.0011999999405816197, -0.8339999587042257, False, 16.55809, 2.0885074, 0.0, 8.3685055, 3.5639474, 0.49, 23.659895
1858, 697, -0.0011999999405816197, -0.8351999586448073, False, 16.438087, 0.7532306, 0.0, 5.3507686, 3.2043123, 0.49, 23.790863
1858, 698, -0.0011999999405816197, -0.836399958585389, False, 16.318085, -0.023048878, 0.0, 7.3713794, 2.8208673, 0.49, 23.916876
1858, 699, -0.0011999999405816197, -0.8375999585259706, False, 16.198082, -0.48581523, 0.0, 3.5145, 2.5461938, 0.49, 24.002085
1858, 700, -0.0011999999405816197, -0.8387999584665522, False, 16.07808, -0.38705897, 0.0, 0.092370585, 2.4697168, 0.49, 24.008701
1858, 701, -0.0011999999405816197, -0.8399999584071338, False, 15.958078, -0.1163044, 0.0, -2.4319382, 2.5422983, 0.49, 23.943012
1858, 702, -0.0011999999405816197, -0.8411999583477154, False, 15.8380785, 0.29706, 0.0, -4.6787634, 2.7289236, 0.49, 23.79662
1858, 703, -0.0011999999405816197, -0.8423999582882971, False, 15.718079, 0.85852647, 0.0, -6.668972, 3.0079956, 0.49, 23.56347
1858, 704, -0.0011999999405816197, -0.8435999582288787, False, 15.598079, 0.31145632, 0.0, -2.963039, 3.2063315, 0.49, 23.408005
1858, 705, -0.0011999999405816197, -0.8447999581694603, False, 15.478079, 0.113340124, 0.0, 0.21566747, 3.2470305, 0.49, 23.38698
1858, 706, -0.0011999999405816197, -0.8459999581100419, False, 15.358079, 0.2692629, 0.0, 2.6606622, 3.1578217, 0.49, 23.455433
1858, 707, -0.0011999999405816197, -0.8471999580506235, False, 15.238079, 0.638433, 0.0, 4.851726, 2.9472365, 0.49, 23.59051
1858, 708, -0.0011999999405816197, -0.8483999579912052, False, 15.118079, 1.1669629, 0.0, 6.795337, 2.6193192, 0.49, 23.771482
1858, 709, -0.0011999999405816197, -0.8495999579317868, False, 14.998079, 1.815023, 0.0, 8.5012865, 2.17928, 0.49, 23.978745
1858, 710, -0.0011999999405816197, -0.8507999578723684, False, 14.878079, 2.122549, 0.0, 4.3870173, 1.8563925, 0.49, 24.150812
1858, 711, -0.0011999999405816197, -0.85199995781295, False, 14.75808, 1.4894527, 0.0, 1.1014161, 1.7453762, 0.49, 24.27129
1858, 712, -0.0011999999405816197, -0.8531999577535316, False, 14.63808, 1.1629701, 0.0, -1.5431458, 1.8064154, 0.49, 24.329514
1858, 713, -0.0011999999405816197, -0.8543999576941133, False, 14.51808, 1.2555834, 0.0, -3.78456, 2.00308, 0.49, 24.32677
1858, 714, -0.0011999999405816197, -0.8555999576346949, False, 14.39808, 1.5838683, 0.0, -5.784293, 2.3158472, 0.49, 24.258654
1858, 715, -0.0011999999405816197, -0.8567999575752765, False, 14.27808, 2.0734046, 0.0, -7.5557394, 2.726479, 0.49, 24.118196
1858, 716, -0.0011999999405816197, -0.8579999575158581, False, 14.15808, 2.6786346, 0.0, -9.108625, 3.2168996, 0.49, 23.899157
1858, 717, -0.0011999999405816197, -0.8591999574564397, False, 14.03808, 3.3644717, 0.0, -10.454523, 3.769272, 0.49, 23.59665
1858, 718, -0.0011999999405816197, -0.8603999573970214, False, 13.91808, 4.102178, 0.0, -11.606725, 4.3661127, 0.49, 23.207317
1858, 719, -0.0011999999405816197, -0.861599957337603, False, 13.79808, 4.867898, 0.0, -12.579724, 4.990405, 0.49, 22.729387
1858, 720, -0.0011999999405816197, -0.8627999572781846, False, 13.678081, 3.2860377, 0.0, -8.691772, 5.511297, 0.49, 22.358505
1858, 721, -0.0011999999405816197, -0.8639999572187662, False, 13.558081, 2.831605, 0.0, -4.776626, 5.869573, 0.49, 22.170046
1858, 722, -0.0011999999405816197, -0.8651999571593478, False, 13.438081, 2.0782216, 0.0, -1.5291584, 6.0743246, 0.49, 22.139048
1858, 723, -0.0011999999405816197, -0.8663999570999295, False, 13.318081, 1.6225424, 0.0, 1.1797007, 6.132188, 0.49, 22.226873
1858, 724, -0.0011999999405816197, -0.8675999570405111, False, 13.198081, 1.5909029, 0.0, 3.4390066, 6.0617933, 0.49, 22.400484
1858, 725, -0.0011999999405816197, -0.8687999569810927, False, 13.078081, 1.8315494, 0.0, 5.4489675, 5.872405, 0.49, 22.640465
1858, 726, -0.0011999999405816197, -0.8699999569216743, False, 12.958081, 2.2524002, 0.0, 7.2340107, 5.568327, 0.49, 22.92804
1858, 727, -0.0011999999405816197, -0.8711999568622559, False, 12.838081, 2.8016214, 0.0, 8.804159, 5.153799, 0.49, 23.244745
1858, 728, -0.0011999999405816197, -0.8723999568028376, False, 12.718081, 3.4412565, 0.0, 10.170129, 4.633896, 0.49, 23.572893
1858, 729, -0.0011999999405816197, -0.8735999567434192, False, 12.598082, 4.140888, 0.0, 11.344304, 4.014738, 0.49, 23.895798
1858, 730, -0.0011999999405816197, -0.8747999566840008, False, 12.478082, 1.8662179, 0.0, 7.4555793, 3.5287828, 0.49, 24.133339
1858, 731, -0.0011999999405816197, -0.8759999566245824, False, 12.358082, 0.7513051, 0.0, 9.377098, 3.042105, 0.49, 24.344013
1858, 732, -0.0011999999405816197, -0.877199956565164, False, 12.238082, -0.014600873, 0.0, 5.3947916, 2.673112, 0.49, 24.504171
1858, 733, -0.0011999999405816197, -0.8783999565057456, False, 12.118082, -0.28731984, 0.0, 1.732793, 2.510629, 0.49, 24.57292
1858, 734, -0.0011999999405816197, -0.8795999564463273, False, 11.998082, -0.11641389, 0.0, -1.1527617, 2.5181298, 0.49, 24.553091
1858, 735, -0.0011999999405816197, -0.8807999563869089, False, 11.878082, 0.18069625, 0.0, -3.5245621, 2.6466851, 0.49, 24.449152
1858, 736, -0.0011999999405816197, -0.8819999563274905, False, 11.758082, 0.009650985, 0.0, -0.06266578, 2.7036972, 0.49, 24.40588
1858, 737, -0.0011999999405816197, -0.8831999562680721, False, 11.6380825, 0.16673374, 0.0, 2.4171624, 2.6242337, 0.49, 24.461065
1858, 738, -0.0011999999405816197, -0.8843999562086537, False, 11.518083, 0.529608, 0.0, 4.6408005, 2.422784, 0.49, 24.584547
1858, 739, -0.0011999999405816197, -0.8855999561492354, False, 11.398083, 1.0531945, 0.0, 6.614558, 2.1033058, 0.49, 24.755268
1858, 740, -0.0011999999405816197, -0.886799956089817, False, 11.278083, 1.6985927, 0.0, 8.348226, 1.6710198, 0.49, 24.953432
1858, 741, -0.0011999999405816197, -0.8879999560303986, False, 11.158083, 2.4317403, 0.0, 9.854239, 1.1323645, 0.49, 25.160566
1858, 742, -0.0011999999405816197, -0.8891999559709802, False, 11.038083, 0.8770342, 0.0, 6.3514147, 0.7066672, 0.49, 25.314322
1858, 743, -0.0011999999405816197, -0.8903999559115618, False, 10.918083, 0.0, 0.0, 0.0, 0.485423, 0.49, 25.407492
1858, 744, -0.0011999999405816197, -0.8915999558521435, False, 10.798083, 2.834418e-08, -1.4901161e-08, 9.207929e-09, 0.49988332, 0.49, 25.407589
1858, 745, -0.0011999999405816197, -0.8927999557927251, False, 10.678083, 0.16571933, -1.4901161e-08, -2.474432, 0.5944519, 0.49, 25.374228
1858, 746, -0.0011999999405816197, -0.8939999557333067, False, 10.558084, 0.5343281, -1.4901161e-08, -4.692528, 0.8156916, 0.49, 25.282501
1858, 747, -0.0011999999405816197, -0.8951999556738883, False, 10.438084, 1.0623155, -1.4901161e-08, -6.66078, 1.1442606, 0.49, 25.123194
1858, 748, -0.0011999999405816197, -0.89639995561447, False, 10.318084, 0.12531781, -1.4901161e-08, -8.582493, 1.5642017, 0.49, 24.89313
1858, 749, -0.0011999999405816197, -0.8975999555550516, False, 10.198084, -0.86539507, -1.4901161e-08, -10.2283745, 2.0738194, 0.49, 24.60994
1858, 750, -0.0011999999405816197, -0.8987999554956332, False, 10.078084, 0.373044, -1.4901161e-08, -11.782101, 2.6704955, 0.49, 24.28921
1858, 751, -0.0011999999405816197, -0.8999999554362148, False, 9.958084, 1.605207, -1.4901161e-08, -13.068823, 3.3401768, 0.49, 23.923351
1858, 752, -0.0011999999405816197, -0.9011999553767964, False, 9.838084, 2.812851, -1.4901161e-08, -14.1171055, 4.0666475, 0.49, 23.502113
1858, 753, -0.0011999999405816197, -0.902399955317378, False, 9.718084, 3.980163, -1.4901161e-08, -14.953511, 4.8338594, 0.49, 23.017519
1858, 754, -0.0011999999405816197, -0.9035999552579597, False, 9.598084, 5.0941772, -1.4901161e-08, -15.603061, 5.6260133, 0.49, 22.463724
1858, 755, -0.0011999999405816197, -0.9047999551985413, False, 9.478085, 3.2269917, -1.4901161e-08, -11.433395, 6.2935615, 0.49, 22.020044
1858, 756, -0.0011999999405816197, -0.9059999551391229, False, 9.358085, 1.9471595, -1.4901161e-08, -7.4928427, 6.76907, 0.49, 21.75293
1858, 757, -0.0011999999405816197, -0.9071999550797045, False, 9.238085, 1.1615866, -1.4901161e-08, -3.8181922, 7.057003, 0.49, 21.631695
1858, 758, -0.0011999999405816197, -0.9083999550202861, False, 9.118085, 0.7059638, -1.4901161e-08, -0.48479038, 7.1626563, 0.49, 21.62378
1858, 759, -0.0011999999405816197, -0.9095999549608678, False, 8.998085, 0.6093355, -1.4901161e-08, 2.0391407, 7.111613, 0.49, 21.687458
1858, 760, -0.0011999999405816197, -0.9107999549014494, False, 8.878085, 0.85618067, -1.4901161e-08, 4.2651796, 6.9270735, 0.49, 21.801855
1858, 761, -0.0011999999405816197, -0.911999954842031, False, 8.758085, 1.2939789, -1.4901161e-08, 6.248618, 6.6169343, 0.49, 21.948456
1858, 762, -0.0011999999405816197, -0.9131999547826126, False, 8.638085, 1.8702292, -1.4901161e-08, 7.997958, 6.1890845, 0.49, 22.108868
1858, 763, -0.0011999999405816197, -0.9143999547231942, False, 8.5180855, 1.6355808, -1.4901161e-08, 9.74116, 5.652442, 0.49, 22.268444
1858, 764, -0.0011999999405816197, -0.9155999546637759, False, 8.398086, 0.7123308, -1.4901161e-08, 5.80877, 5.242697, 0.49, 22.39863
1858, 765, -0.0011999999405816197, -0.9167999546043575, False, 8.278086, 0.6160178, -1.4901161e-08, 7.751198, 4.8330164, 0.49, 22.525341
1858, 766, -0.0011999999405816197, -0.9179999545449391, False, 8.158086, 0.016123533, -1.4901161e-08, 3.915285, 4.537154, 0.49, 22.619558
1858, 767, -0.0011999999405816197, -0.9191999544855207, False, 8.038086, 0.013717532, -1.4901161e-08, 6.032346, 4.2325864, 0.49, 22.719412
1858, 768, -0.0011999999405816197, -0.9203999544261023, False, 7.918086, -0.3266089, -1.4901161e-08, 2.3099933, 4.030157, 0.49, 22.78326
1858, 769, -0.0011999999405816197, -0.921599954366684, False, 7.798086, 0.11247015, -1.4901161e-08, 4.5879908, 3.8117669, 0.49, 22.858759
1858, 770, -0.0011999999405816197, -0.9227999543072656, False, 7.6780863, 0.69245195, -1.4901161e-08, 6.603408, 3.4720833, 0.49, 22.972748
1858, 771, -0.0011999999405816197, -0.9239999542478472, False, 7.5580864, 1.3855298, -1.4901161e-08, 8.369626, 3.0180252, 0.49, 23.10521
1858, 772, -0.0011999999405816197, -0.9251999541884288, False, 7.4380865, 1.7407628, -1.4901161e-08, 4.3019753, 2.6840184, 0.49, 23.21849
1858, 773, -0.0011999999405816197, -0.9263999541290104, False, 7.3180866, 1.5436562, -1.4901161e-08, 0.6970979, 2.5662131, 0.49, 23.31122
1858, 774, -0.0011999999405816197, -0.9275999540695921, False, 7.1980867, 1.0382005, -1.4901161e-08, -2.1063216, 2.625864, 0.49, 23.396372
1858, 775, -0.0011999999405816197, -0.9287999540101737, False, 7.078087, 0.49117386, -1.4901161e-08, -4.476068, 2.8283834, 0.49, 23.498081
1858, 776, -0.0011999999405816197, -0.9299999539507553, False, 6.958087, -0.16806555, -1.4901161e-08, -6.5575643, 3.1541657, 0.49, 23.634626
1858, 777, -0.0011999999405816197, -0.9311999538913369, False, 6.838087, -0.9280226, -1.4901161e-08, -8.374983, 3.5853193, 0.49, 23.819454
1858, 778, -0.0011999999405816197, -0.9323999538319185, False, 6.718087, 0.14719081, -1.4901161e-08, -10.116016, 4.1068907, 0.49, 24.058727
1858, 779, -0.0011999999405816197, -0.9335999537725002, False, 6.5980873, 1.2485466, -1.4901161e-08, -11.586702, 4.715984, 0.49, 24.335934
1858, 780, -0.0011999999405816197, -0.9347999537130818, False, 6.4780874, 2.3553977, -1.4901161e-08, -12.812968, 5.410626, 0.49, 24.631407
1858, 781, -0.0011999999405816197, -0.9359999536536634, False, 6.3580875, 3.0393152, -1.4901161e-08, -8.217228, 5.964029, 0.49, 24.884348
1858, 782, -0.0011999999405816197, -0.937199953594245, False, 6.2380877, 3.5891712, -1.4901161e-08, -9.622406, 6.5067325, 0.49, 25.106678
1858, 783, -0.0011999999405816197, -0.9383999535348266, False, 6.118088, 4.215102, -1.4901161e-08, -10.839193, 7.1487675, 0.49, 25.301867
1858, 784, -0.0011999999405816197, -0.9395999534754083, False, 5.998088, 4.8896356, -1.4901161e-08, -11.87983, 7.879473, 0.49, 25.456507
1858, 785, -0.0011999999405816197, -0.9407999534159899, False, 5.878088, 5.590236, -1.4901161e-08, -12.757593, 8.6875105, 0.49, 25.55858
1858, 786, -0.0011999999405816197, -0.9419999533565715, False, 5.758088, 6.2984343, -1.4901161e-08, -13.486366, 9.560928, 0.49, 25.59754
1858, 787, -0.0011999999405816197, -0.9431999532971531, False, 5.638088, 4.919538, -1.4901161e-08, -8.176608, 10.230419, 0.49, 25.609655
1858, 788, -0.0011999999405816197, -0.9443999532377347, False, 5.5180883, 2.543158, -1.4901161e-08, -5.445478, 10.6551285, 0.49, 25.617342
1858, 789, -0.0011999999405816197, -0.9455999531783164, False, 5.3980885, 1.19828, -1.4901161e-08, -3.4734423, 10.91798, 0.49, 25.622099
1858, 790, -0.0011999999405816197, -0.946799953118898, False, 5.2780886, 0.96474123, -1.4901161e-08, -0.04498768, 11.005658, 0.49, 25.658764
1858, 791, -0.0011999999405816197, -0.9479999530594796, False, 5.1580887, 0.7211344, -1.4901161e-08, 2.4865758, 10.933198, 0.49, 25.742508
1858, 792, -0.0011999999405816197, -0.9491999530000612, False, 5.038089, 0.60089254, -1.4901161e-08, 4.740924, 10.729145, 0.49, 25.87519
1858, 793, -0.0011999999405816197, -0.9503999529406428, False, 4.918089, 1.1239231, -1.4901161e-08, 6.698689, 10.406089, 0.49, 26.051748
1858, 794, -0.0011999999405816197, -0.9515999528812245, False, 4.798089, 1.1218807, -1.4901161e-08, 4.0386534, 10.141152, 0.49, 26.189793
1858, 795, -0.0011999999405816197, -0.9527999528218061, False, 4.678089, 1.4968493, -1.4901161e-08, 6.023203, 9.832704, 0.49, 26.314507
1858, 796, -0.0011999999405816197, -0.9539999527623877, False, 4.5580893, 2.0226889, -1.4901161e-08, 7.7779408, 9.404118, 0.49, 26.43895
1858, 797, -0.0011999999405816197, -0.9551999527029693, False, 4.4380894, 2.6569803, -1.4901161e-08, 9.312901, 8.866133, 0.49, 26.547232
1858, 798, -0.0011999999405816197, -0.9563999526435509, False, 4.3180895, 3.366139, -1.4901161e-08, 10.640206, 8.230149, 0.49, 26.624779
1858, 799, -0.0011999999405816197, -0.9575999525841326, False, 4.1980896, 4.1223774, -1.4901161e-08, 11.773648, 7.508216, 0.49, 26.658512
1858, 800, -0.0011999999405816197, -0.9587999525247142, False, 4.0780897, 4.902546, -1.4901161e-08, 12.728136, 6.712955, 0.49, 26.636934
1858, 801, -0.0011999999405816197, -0.9599999524652958, False, 3.9580898, 2.9498208, -1.4901161e-08, 14.427618, 5.855287, 0.49, 26.55503
1858, 802, -0.0011999999405816197, -0.9611999524058774, False, 3.83809, 4.131586, -1.4901161e-08, 15.221075, 4.938336, 0.49, 26.426151
1858, 803, -0.0011999999405816197, -0.962399952346459, False, 3.71809, 1.6170765, -1.4901161e-08, 9.999213, 4.2364683, 0.49, 26.317284
1858, 804, -0.0011999999405816197, -0.9635999522870407, False, 3.5980902, 0.6741206, -1.4901161e-08, 6.0395026, 3.7957027, 0.49, 26.26419
1858, 805, -0.0011999999405816197, -0.9647999522276223, False, 3.4780903, 0.58378065, -1.4901161e-08, 7.9602647, 3.3576446, 0.49, 26.208618
1858, 806, -0.0011999999405816197, -0.9659999521682039, False, 3.3580904, -0.029715478, -1.4901161e-08, 4.1008453, 3.0379014, 0.49, 26.170248
1858, 807, -0.0011999999405816197, -0.9671999521087855, False, 3.2380905, -0.57580423, -1.4901161e-08, 6.1713533, 2.7087264, 0.49, 26.136654
1858, 808, -0.0011999999405816197, -0.9683999520493671, False, 3.1180906, -1.2426689, -1.4901161e-08, 7.9903555, 2.2613633, 0.49, 26.10786
1858, 809, -0.0011999999405816197, -0.9695999519899487, False, 2.9980907, -1.9990801, -1.4901161e-08, 9.571512, 1.7077848, 0.49, 26.100115
1858, 810, -0.0011999999405816197, -0.9707999519305304, False, 2.8780909, -2.8159838, -1.4901161e-08, 10.929997, 1.0606409, 0.49, 26.127794
1858, 811, -0.0011999999405816197, -0.971999951871112, False, 2.758091, -3.6678421, -1.4901161e-08, 12.082183, 0.33314562, 0.49, 26.203466
1858, 812, -0.0011999999405816197, -0.9731999518116936, False, 2.638091, 0.0, 0.0, 0.0, 0.49866515, 0.49, 26.203909
1858, 813, -0.0011999999405816197, -0.9743999517522752, False, 2.5180912, 0.16571915, 0.0, -2.4744322, 0.5842312, 0.49, 26.151615
1858, 814, -0.0011999999405816197, -0.9755999516928568, False, 2.3980913, 0.53432894, 0.0, -4.6925287, 0.7815656, 0.49, 26.015896
1858, 815, -0.0011999999405816197, -0.9767999516334385, False, 2.2780914, -0.15089393, 0.0, -6.756894, 1.0733491, 0.49, 25.795649
1858, 816, -0.0011999999405816197, -0.9779999515740201, False, 2.1580915, 0.67130136, 0.0, -8.583805, 1.4555118, 0.49, 25.504572
1858, 817, -0.0011999999405816197, -0.9791999515146017, False, 2.0380917, -0.38999128, 0.0, -10.280256, 1.9152609, 0.49, 25.143837
1858, 818, -0.0011999999405816197, -0.9803999514551833, False, 1.9180918, 0.7939725, 0.0, -11.784469, 2.4499524, 0.49, 24.725561
1858, 819, -0.0011999999405816197, -0.981599951395765, False, 1.7980919, 1.9751687, 0.0, -13.0324955, 3.044606, 0.49, 24.245647
1858, 820, -0.0011999999405816197, -0.9827999513363466, False, 1.678092, 0.7169316, 0.0, -8.809064, 3.5290866, 0.49, 23.866238
1858, 821, -0.0011999999405816197, -0.9839999512769282, False, 1.5580921, 0.007207155, 0.0, -4.87912, 3.8272514, 0.49, 23.646702
1858, 822, -0.0011999999405816197, -0.9851999512175098, False, 1.4380922, -0.2190991, 0.0, -1.2696913, 3.945275, 0.49, 23.55838
1858, 823, -0.0011999999405816197, -0.9863999511580914, False, 1.3180923, -0.034429073, 0.0, 1.5313927, 3.9052117, 0.49, 23.570414
1858, 824, -0.0011999999405816197, -0.987599951098673, False, 1.1980925, 0.28077352, 0.0, 3.859013, 3.7331696, 0.49, 23.642223
1858, 825, -0.0011999999405816197, -0.9887999510392547, False, 1.0780926, 0.765229, 0.0, 5.9311805, 3.4352553, 0.49, 23.752138
1858, 826, -0.0011999999405816197, -0.9899999509798363, False, 0.9580926, -0.06512308, 0.0, 7.896087, 3.0200486, 0.49, 23.885683
1858, 827, -0.0011999999405816197, -0.9911999509204179, False, 0.8380925, -0.5716423, 0.0, 3.984065, 2.7166, 0.49, 23.97783
1858, 828, -0.0011999999405816197, -0.9923999508609995, False, 0.71809244, -0.53747344, 0.0, 0.45833868, 2.614596, 0.49, 23.989687
1858, 829, -0.0011999999405816197, -0.9935999508015811, False, 0.5980924, -0.23182851, 0.0, -2.1373901, 2.6678133, 0.49, 23.928526
1858, 830, -0.0011999999405816197, -0.9947999507421628, False, 0.47809234, 0.17516327, 0.0, -4.423475, 2.8375027, 0.49, 23.786964
1858, 831, -0.0011999999405816197, -0.9959999506827444, False, 0.35809237, 0.7300947, 0.0, -6.449462, 3.1014762, 0.49, 23.558516
1858, 832, -0.0011999999405816197, -0.997199950623326, False, 0.2380924, 0.22311902, 0.0, -2.7523947, 3.2863443, 0.49, 23.40759
1858, 833, -0.0011999999405816197, -0.9983999505639076, False, 0.11809241, 0.088526696, 0.0, 0.40430233, 3.3155866, 0.49, 23.391422
1858, 834, -0.0011999999405816197, -0.9995999505044892, True, 0.0, 0.25504667, 0.0, 2.043792, 3.2635036, 0.49, 23.432188
