episode, step, reward, cumulative reward, done, health, vx, vy, vz, px, py, pz
175, 1, 0.0, 0.0, False, 100.0, 0.0, -0.1899216, 0.0, 20.0, 1.5062015, 2.0
175, 2, 0.0, 0.0, False, 100.0, 0.00020476442, -0.0707944, 4.1434512e-05, 20.00012, 1.4885604, 1.999984
175, 3, 0.0, 0.0, False, 100.0, -0.00048937125, -0.00052282214, -3.5847796e-05, 20.00009, 1.488585, 1.9999858
175, 4, 0.0, 0.0, False, 100.0, -7.9517224e-05, -0.00028397143, -1.7496563e-05, 20.00012, 1.4885962, 1.9999826
175, 5, 0.0, 0.0, False, 100.0, -0.00013299067, -0.0003169328, -2.2619337e-05, 20.000147, 1.4885964, 1.999979
175, 6, 0.0, 0.0, False, 100.0, -0.00013380512, -0.00031979382, -2.2093149e-05, 20.00017, 1.4885963, 1.999975
175, 7, 0.0, 0.0, False, 100.0, -0.00014038237, -0.00032231212, -2.2598937e-05, 20.000193, 1.4885963, 1.999971
175, 8, 0.0, 0.0, False, 100.0, 0.0, 0.0, 0.0, 20.0002, 1.4885963, 1.9999696
175, 9, 0.0, 0.0, False, 100.0, 0.0, 0.0, 0.0, 20.0002, 1.4885963, 1.9999696
175, 10, 0.0, 0.0, False, 100.0, 0.0, 0.0, 0.0, 20.0002, 1.4885963, 1.9999696
175, 11, 0.0, 0.0, False, 100.0, 0.0, 0.0, 0.0, 20.0002, 1.4885963, 1.9999696
175, 12, 0.0, 0.0, False, 100.0, 0.0, 0.0, 0.0, 20.0002, 1.4885963, 1.9999696
175, 13, 0.0, 0.0, False, 100.0, 0.0, 0.0, 0.0, 20.0002, 1.4885963, 1.9999696
175, 14, 0.0, 0.0, False, 100.0, 0.0, 0.0, 0.0, 20.0002, 1.4885963, 1.9999696
175, 15, 0.0, 0.0, False, 100.0, 0.0, 0.0, 0.0, 20.0002, 1.4885963, 1.9999696
175, 16, 0.0, 0.0, False, 100.0, 0.0, 0.0, 0.0, 20.0002, 1.4885963, 1.9999696
175, 17, 0.0, 0.0, False, 100.0, 0.0, 0.0, 0.0, 20.0002, 1.4885963, 1.9999696
175, 18, 0.0, 0.0, False, 100.0, 0.0, 0.0, 0.0, 20.0002, 1.4885963, 1.9999696
175, 19, 0.0, 0.0, False, 100.0, 0.0, 0.0, 0.0, 20.0002, 1.4885963, 1.9999696
175, 20, 0.0, 0.0, False, 100.0, 0.0, 0.0, 0.0, 20.0002, 1.4885963, 1.9999696
175, 21, 0.0, 0.0, False, 100.0, 0.0, 0.0, 0.0, 20.0002, 1.4885963, 1.9999696
175, 22, 0.0, 0.0, False, 100.0, 0.0, 0.0, 0.0, 20.0002, 1.4885963, 1.9999696
175, 23, 0.0, 0.0, False, 100.0, 0.0, 0.0, 0.0, 20.0002, 1.4885963, 1.9999696
175, 24, 0.0, 0.0, False, 100.0, 0.0, 0.0, 0.0, 20.0002, 1.4885963, 1.9999696
175, 25, 0.0, 0.0, False, 100.0, 0.0, 0.0, 0.0, 20.0002, 1.4885963, 1.9999696
175, 26, 0.0, 0.0, False, 100.0, 0.0, 0.0, 0.0, 20.0002, 1.4885963, 1.9999696
175, 27, 0.0, 0.0, False, 100.0, 0.0, 0.0, 0.0, 20.0002, 1.4885963, 1.9999696
175, 28, 0.0, 0.0, False, 100.0, 0.0, 0.0, 0.0, 20.0002, 1.4885963, 1.9999696
175, 29, 0.0, 0.0, False, 100.0, 0.0, 0.0, 0.0, 20.0002, 1.4885963, 1.9999696
175, 30, 0.0, 0.0, False, 100.0, 0.0, 0.0, 0.0, 20.0002, 1.4885963, 1.9999696
175, 31, 0.0, 0.0, False, 100.0, 0.0, 0.0, 0.0, 20.0002, 1.4885963, 1.9999696
175, 32, 0.0, 0.0, False, 100.0, 0.0, 0.0, 0.0, 20.0002, 1.4885963, 1.9999696
175, 33, 0.0, 0.0, False, 100.0, 0.0, 0.0, 0.0, 20.0002, 1.4885963, 1.9999696
175, 34, 0.0, 0.0, False, 100.0, 0.0, 0.0, 0.0, 20.0002, 1.4885963, 1.9999696
175, 35, 0.0, 0.0, False, 100.0, 0.0, 0.0, 0.0, 20.0002, 1.4885963, 1.9999696
175, 36, 0.0, 0.0, False, 100.0, 0.0, 0.0, 0.0, 20.0002, 1.4885963, 1.9999696
175, 37, 0.0, 0.0, False, 100.0, 0.0, 0.0, 0.0, 20.0002, 1.4885963, 1.9999696
175, 38, 0.0, 0.0, False, 100.0, 0.0, 0.0, 0.0, 20.0002, 1.4885963, 1.9999696
175, 39, 0.0, 0.0, False, 100.0, 0.0, 0.0, 0.0, 20.0002, 1.4885963, 1.9999696
175, 40, 0.0, 0.0, False, 100.0, 0.0, 0.0, 0.0, 20.0002, 1.4885963, 1.9999696
175, 41, 0.0, 0.0, False, 100.0, 0.0, 0.0, 0.0, 20.0002, 1.4885963, 1.9999696
175, 42, 0.0, 0.0, False, 100.0, 0.0, 0.0, 0.0, 20.0002, 1.4885963, 1.9999696
175, 43, 0.0, 0.0, False, 100.0, 0.0, 0.0, 0.0, 20.0002, 1.4885963, 1.9999696
175, 44, 0.0, 0.0, False, 100.0, 0.0, 0.0, 0.0, 20.0002, 1.4885963, 1.9999696
175, 45, 0.0, 0.0, False, 100.0, 0.0, 0.0, 0.0, 20.0002, 1.4885963, 1.9999696
175, 46, 0.0, 0.0, False, 100.0, 0.0, 0.0, 0.0, 20.0002, 1.4885963, 1.9999696
175, 47, 0.0, 0.0, False, 100.0, 0.0, 0.0, 0.0, 20.0002, 1.4885963, 1.9999696
175, 48, 0.0, 0.0, False, 100.0, 0.0, 0.0, 0.0, 20.0002, 1.4885963, 1.9999696
175, 49, 0.0, 0.0, False, 100.0, 0.0, 0.0, 0.0, 20.0002, 1.4885963, 1.9999696
175, 50, 0.0, 0.0, False, 100.0, 0.0, 0.0, 0.0, 20.0002, 1.4885963, 1.9999696
175, 51, 0.0, 0.0, False, 100.0, 0.0, 0.0, 0.0, 20.0002, 1.4885963, 1.9999696
175, 52, 0.0, 0.0, False, 100.0, 0.0, 0.0, 0.0, 20.0002, 1.4885963, 1.9999696
175, 53, 0.0, 0.0, False, 100.0, 0.0, 0.0, 0.0, 20.0002, 1.4885963, 1.9999696
175, 54, 0.0, 0.0, False, 100.0, 0.0, 0.0, 0.0, 20.0002, 1.4885963, 1.9999696
175, 55, 0.0, 0.0, False, 100.0, 0.0, 0.0, 0.0, 20.0002, 1.4885963, 1.9999696
175, 56, 0.0, 0.0, False, 100.0, 0.0, 0.0, 0.0, 20.0002, 1.4885963, 1.9999696
175, 57, 0.0, 0.0, False, 100.0, 0.0, 0.0, 0.0, 20.0002, 1.4885963, 1.9999696
175, 58, 0.0, 0.0, False, 100.0, 0.0, 0.0, 0.0, 20.0002, 1.4885963, 1.9999696
175, 59, 0.0, 0.0, False, 100.0, 0.0, 0.0, 0.0, 20.0002, 1.4885963, 1.9999696
175, 60, 0.0, 0.0, False, 100.0, 0.0, 0.0, 0.0, 20.0002, 1.4885963, 1.9999696
175, 61, 0.0, 0.0, False, 100.0, 0.0, 0.0, 0.0, 20.0002, 1.4885963, 1.9999696
175, 62, 0.0, 0.0, False, 100.0, 0.0, 0.0, 0.0, 20.0002, 1.4885963, 1.9999696
175, 63, 0.0, 0.0, False, 100.0, 0.0, 0.0, 0.0, 20.0002, 1.4885963, 1.9999696
175, 64, 0.0, 0.0, False, 100.0, 0.0, 0.0, 0.0, 20.0002, 1.4885963, 1.9999696
175, 65, 0.0, 0.0, False, 100.0, 0.0, 0.0, 0.0, 20.0002, 1.4885963, 1.9999696
175, 66, 0.0, 0.0, False, 100.0, 0.0, 0.0, 0.0, 20.0002, 1.4885963, 1.9999696
175, 67, 0.0, 0.0, False, 100.0, 0.0, 0.0, 0.0, 20.0002, 1.4885963, 1.9999696
175, 68, 0.0, 0.0, False, 100.0, 0.0, 0.0, 0.0, 20.0002, 1.4885963, 1.9999696
175, 69, 0.0, 0.0, False, 100.0, 0.0, 0.0, 0.0, 20.0002, 1.4885963, 1.9999696
175, 70, 0.0, 0.0, False, 100.0, 0.0, 0.0, 0.0, 20.0002, 1.4885963, 1.9999696
175, 71, 0.0, 0.0, False, 100.0, 0.0, 0.0, 0.0, 20.0002, 1.4885963, 1.9999696
175, 72, 0.0, 0.0, False, 100.0, 0.0, 0.0, 0.0, 20.0002, 1.4885963, 1.9999696
175, 73, 0.0, 0.0, False, 100.0, 0.0, 0.0, 0.0, 20.0002, 1.4885963, 1.9999696
175, 74, 0.0, 0.0, False, 100.0, 0.0, 0.0, 0.0, 20.0002, 1.4885963, 1.9999696
175, 75, 0.0, 0.0, False, 100.0, 0.0, 0.0, 0.0, 20.0002, 1.4885963, 1.9999696
175, 76, 0.0, 0.0, False, 100.0, 0.0, 0.0, 0.0, 20.0002, 1.4885963, 1.9999696
175, 77, 0.0, 0.0, False, 100.0, 0.0, 0.0, 0.0, 20.0002, 1.4885963, 1.9999696
175, 78, 0.0, 0.0, False, 100.0, 0.0, 0.0, 0.0, 20.0002, 1.4885963, 1.9999696
175, 79, 0.0, 0.0, False, 100.0, 0.0, 0.0, 0.0, 20.0002, 1.4885963, 1.9999696
175, 80, 0.0, 0.0, False, 100.0, 0.0, 0.0, 0.0, 20.0002, 1.4885963, 1.9999696
175, 81, 0.0, 0.0, False, 100.0, 0.0, 0.0, 0.0, 20.0002, 1.4885963, 1.9999696
175, 82, 0.0, 0.0, False, 100.0, 0.0, 0.0, 0.0, 20.0002, 1.4885963, 1.9999696
175, 83, 0.0, 0.0, False, 100.0, 0.0, 0.0, 0.0, 20.0002, 1.4885963, 1.9999696
175, 84, 0.0, 0.0, False, 100.0, 0.0, 0.0, 0.0, 20.0002, 1.4885963, 1.9999696
175, 85, 0.0, 0.0, False, 100.0, 0.0, 0.0, 0.0, 20.0002, 1.4885963, 1.9999696
175, 86, 0.0, 0.0, False, 100.0, 0.0, 0.0, 0.0, 20.0002, 1.4885963, 1.9999696
175, 87, 0.0, 0.0, False, 100.0, 0.0, 0.0, 0.0, 20.0002, 1.4885963, 1.9999696
175, 88, 0.0, 0.0, False, 100.0, 0.0, 0.0, 0.0, 20.0002, 1.4885963, 1.9999696
175, 89, 0.0, 0.0, False, 100.0, 0.0, 0.0, 0.0, 20.0002, 1.4885963, 1.9999696
175, 90, 0.0, 0.0, False, 100.0, 0.0, 0.0, 0.0, 20.0002, 1.4885963, 1.9999696
175, 91, 0.0, 0.0, False, 100.0, 0.0, 0.0, 0.0, 20.0002, 1.4885963, 1.9999696
175, 92, 0.0, 0.0, False, 100.0, 0.0, 0.0, 0.0, 20.0002, 1.4885963, 1.9999696
175, 93, 0.0, 0.0, False, 100.0, 0.0, 0.0, 0.0, 20.0002, 1.4885963, 1.9999696
175, 94, 0.0, 0.0, False, 100.0, 0.0, 0.0, 0.0, 20.0002, 1.4885963, 1.9999696
175, 95, 0.0, 0.0, False, 100.0, 0.0, 0.0, 0.0, 20.0002, 1.4885963, 1.9999696
175, 96, 0.0, 0.0, False, 100.0, 0.0, 0.0, 0.0, 20.0002, 1.4885963, 1.9999696
175, 97, 0.0, 0.0, False, 100.0, 0.0, 0.0, 0.0, 20.0002, 1.4885963, 1.9999696
175, 98, 0.0, 0.0, False, 100.0, 0.0, 0.0, 0.0, 20.0002, 1.4885963, 1.9999696
175, 99, 0.0, 0.0, False, 100.0, 0.0, 0.0, 0.0, 20.0002, 1.4885963, 1.9999696
175, 100, 0.0, 0.0, False, 100.0, 0.0, 0.0, 0.0, 20.0002, 1.4885963, 1.9999696
175, 101, 0.0, 0.0, False, 100.0, 0.0, 0.0, 0.0, 20.0002, 1.4885963, 1.9999696
175, 102, 0.0, 0.0, False, 100.0, 0.0, 0.0, 0.0, 20.0002, 1.4885963, 1.9999696
175, 103, 0.0, 0.0, False, 100.0, 0.0, 0.0, 0.0, 20.0002, 1.4885963, 1.9999696
175, 104, 0.0, 0.0, False, 100.0, 0.0, 0.0, 0.0, 20.0002, 1.4885963, 1.9999696
175, 105, 0.0, 0.0, False, 100.0, 0.0, 0.0, 0.0, 20.0002, 1.4885963, 1.9999696
175, 106, 0.0, 0.0, False, 100.0, 0.0, 0.0, 0.0, 20.0002, 1.4885963, 1.9999696
175, 107, 0.0, 0.0, False, 100.0, 0.0, 0.0, 0.0, 20.0002, 1.4885963, 1.9999696
175, 108, 0.0, 0.0, False, 100.0, 0.0, 0.0, 0.0, 20.0002, 1.4885963, 1.9999696
175, 109, 0.0, 0.0, False, 100.0, 0.0, 0.0, 0.0, 20.0002, 1.4885963, 1.9999696
175, 110, 0.0, 0.0, False, 100.0, 0.0, 0.0, 0.0, 20.0002, 1.4885963, 1.9999696
175, 111, 0.0, 0.0, False, 100.0, 0.0, 0.0, 0.0, 20.0002, 1.4885963, 1.9999696
175, 112, 0.0, 0.0, False, 100.0, 0.0, 0.0, 0.0, 20.0002, 1.4885963, 1.9999696
175, 113, 0.0, 0.0, False, 100.0, 0.0, 0.0, 0.0, 20.0002, 1.4885963, 1.9999696
175, 114, 0.0, 0.0, False, 100.0, 0.0, 0.0, 0.0, 20.0002, 1.4885963, 1.9999696
175, 115, 0.0, 0.0, False, 100.0, 0.0, 0.0, 0.0, 20.0002, 1.4885963, 1.9999696
175, 116, 0.0, 0.0, False, 100.0, 0.0, 0.0, 0.0, 20.0002, 1.4885963, 1.9999696
175, 117, 0.0, 0.0, False, 100.0, 0.0, 0.0, 0.0, 20.0002, 1.4885963, 1.9999696
175, 118, 0.0, 0.0, False, 100.0, 0.0, 0.0, 0.0, 20.0002, 1.4885963, 1.9999696
175, 119, 0.0, 0.0, False, 100.0, 0.0, 0.0, 0.0, 20.0002, 1.4885963, 1.9999696
175, 120, 0.0, 0.0, False, 100.0, 0.0, 0.0, 0.0, 20.0002, 1.4885963, 1.9999696
175, 121, 0.0, 0.0, False, 100.0, 0.0, 0.0, 0.0, 20.0002, 1.4885963, 1.9999696
175, 122, 0.0, 0.0, False, 100.0, 0.0, 0.0, 0.0, 20.0002, 1.4885963, 1.9999696
175, 123, 0.0, 0.0, False, 100.0, 0.0, 0.0, 0.0, 20.0002, 1.4885963, 1.9999696
175, 124, 0.0, 0.0, False, 100.0, 0.0, 0.0, 0.0, 20.0002, 1.4885963, 1.9999696
175, 125, 0.0, 0.0, False, 100.0, 0.0, 0.0, 0.0, 20.0002, 1.4885963, 1.9999696
175, 126, 0.0, 0.0, False, 100.0, 0.0, 0.0, 0.0, 20.0002, 1.4885963, 1.9999696
175, 127, 0.0, 0.0, False, 100.0, 0.0, 0.0, 0.0, 20.0002, 1.4885963, 1.9999696
175, 128, 0.0, 0.0, False, 100.0, 0.0, 0.0, 0.0, 20.0002, 1.4885963, 1.9999696
175, 129, 0.0, 0.0, False, 100.0, 0.0, 0.0, 0.0, 20.0002, 1.4885963, 1.9999696
175, 130, 0.0, 0.0, False, 100.0, 0.0, 0.0, 0.0, 20.0002, 1.4885963, 1.9999696
175, 131, 0.0, 0.0, False, 100.0, 0.0, 0.0, 0.0, 20.0002, 1.4885963, 1.9999696
175, 132, 0.0, 0.0, False, 100.0, 0.0, 0.0, 0.0, 20.0002, 1.4885963, 1.9999696
175, 133, 0.0, 0.0, False, 100.0, 0.0, 0.0, 0.0, 20.0002, 1.4885963, 1.9999696
175, 134, 0.0, 0.0, False, 100.0, 0.0, 0.0, 0.0, 20.0002, 1.4885963, 1.9999696
175, 135, 0.0, 0.0, False, 100.0, 0.0, 0.0, 0.0, 20.0002, 1.4885963, 1.9999696
175, 136, 0.0, 0.0, False, 100.0, 0.0, 0.0, 0.0, 20.0002, 1.4885963, 1.9999696
175, 137, 0.0, 0.0, False, 100.0, 0.0, 0.0, 0.0, 20.0002, 1.4885963, 1.9999696
175, 138, 0.0, 0.0, False, 100.0, 0.0, 0.0, 0.0, 20.0002, 1.4885963, 1.9999696
175, 139, 0.0, 0.0, False, 100.0, 0.0, 0.0, 0.0, 20.0002, 1.4885963, 1.9999696
175, 140, 0.0, 0.0, False, 100.0, 0.0, 0.0, 0.0, 20.0002, 1.4885963, 1.9999696
175, 141, 0.0, 0.0, False, 100.0, 0.0, 0.0, 0.0, 20.0002, 1.4885963, 1.9999696
175, 142, 0.0, 0.0, False, 100.0, 0.0, 0.0, 0.0, 20.0002, 1.4885963, 1.9999696
175, 143, 0.0, 0.0, False, 100.0, 0.0, 0.0, 0.0, 20.0002, 1.4885963, 1.9999696
175, 144, 0.0, 0.0, False, 100.0, 0.0, 0.0, 0.0, 20.0002, 1.4885963, 1.9999696
175, 145, 0.0, 0.0, False, 100.0, 0.0, 0.0, 0.0, 20.0002, 1.4885963, 1.9999696
175, 146, 0.0, 0.0, False, 100.0, 0.0, 0.0, 0.0, 20.0002, 1.4885963, 1.9999696
175, 147, 0.0, 0.0, False, 100.0, 0.0, 0.0, 0.0, 20.0002, 1.4885963, 1.9999696
175, 148, 0.0, 0.0, False, 100.0, 0.0, 0.0, 0.0, 20.0002, 1.4885963, 1.9999696
175, 149, 0.0, 0.0, False, 100.0, 0.0, 0.0, 0.0, 20.0002, 1.4885963, 1.9999696
175, 150, 0.0, 0.0, False, 100.0, 0.0, 0.0, 0.0, 20.0002, 1.4885963, 1.9999696
175, 151, 0.0, 0.0, False, 100.0, 0.0, 0.0, 0.0, 20.0002, 1.4885963, 1.9999696
175, 152, 0.0, 0.0, False, 100.0, 0.0, 0.0, 0.0, 20.0002, 1.4885963, 1.9999696
175, 153, 0.0, 0.0, False, 100.0, 0.0, 0.0, 0.0, 20.0002, 1.4885963, 1.9999696
175, 154, 0.0, 0.0, False, 100.0, 0.0, 0.0, 0.0, 20.0002, 1.4885963, 1.9999696
175, 155, 0.0, 0.0, False, 100.0, 0.0, 0.0, 0.0, 20.0002, 1.4885963, 1.9999696
175, 156, 0.0, 0.0, False, 100.0, 0.0, 0.0, 0.0, 20.0002, 1.4885963, 1.9999696
175, 157, 0.0, 0.0, False, 100.0, 0.0, 0.0, 0.0, 20.0002, 1.4885963, 1.9999696
175, 158, 0.0, 0.0, False, 100.0, 0.0, 0.0, 0.0, 20.0002, 1.4885963, 1.9999696
175, 159, 0.0, 0.0, False, 100.0, 0.0, 0.0, 0.0, 20.0002, 1.4885963, 1.9999696
175, 160, 0.0, 0.0, False, 100.0, 0.0, 0.0, 0.0, 20.0002, 1.4885963, 1.9999696
175, 161, 0.0, 0.0, False, 100.0, 0.0, 0.0, 0.0, 20.0002, 1.4885963, 1.9999696
175, 162, 0.0, 0.0, False, 100.0, 0.0, 0.0, 0.0, 20.0002, 1.4885963, 1.9999696
175, 163, 0.0, 0.0, False, 100.0, 0.0, 0.0, 0.0, 20.0002, 1.4885963, 1.9999696
175, 164, 0.0, 0.0, False, 100.0, 0.0, 0.0, 0.0, 20.0002, 1.4885963, 1.9999696
175, 165, 0.0, 0.0, False, 100.0, 0.0, 0.0, 0.0, 20.0002, 1.4885963, 1.9999696
175, 166, 0.0, 0.0, False, 100.0, 0.0, 0.0, 0.0, 20.0002, 1.4885963, 1.9999696
175, 167, 0.0, 0.0, False, 100.0, 0.0, 0.0, 0.0, 20.0002, 1.4885963, 1.9999696
175, 168, -0.0007999999797903001, -0.0007999999797903001, False, 99.92, -0.08589415, -0.0003759414, 1.6785982, 20.000813, 1.4886079, 2.0506501
175, 169, -0.0011999999405816197, -0.00199999992037192, False, 99.799995, 0.043371655, -0.00037011504, 0.81068265, 20.002022, 1.4886079, 2.1151226
175, 170, -0.0011999999405816197, -0.0031999998609535396, False, 99.67999, -0.079551965, -0.00034621358, -1.747083, 20.007229, 1.4886045, 2.0604527
175, 171, -0.0011999999405816197, -0.004399999801535159, False, 99.55999, -0.12834568, -0.0003463924, -0.8471072, 20.01359, 1.4886045, 1.9931511
175, 172, -0.0011999999405816197, -0.005599999742116779, False, 99.43999, -0.067476146, -0.00034718215, -0.2582075, 20.016104, 1.4886045, 1.9665525
175, 173, -0.0011999999405816197, -0.006799999682698399, False, 99.319984, -0.00015906358, -0.00034357607, 4.6960424e-05, 20.01633, 1.4886059, 1.964176
175, 174, -0.0011999999405816197, -0.007999999623280019, False, 99.19998, -0.0001371557, -0.00034828484, 5.0176826e-05, 20.016333, 1.4886065, 1.9641762
175, 175, -0.0011999999405816197, -0.009199999563861638, False, 99.07998, -0.00012908872, -0.0003492236, 6.236173e-05, 20.016336, 1.4886065, 1.9641756
175, 176, -0.0011999999405816197, -0.010399999504443258, False, 98.95998, -0.0001325672, -0.00034677982, 4.708774e-05, 20.016342, 1.4886065, 1.9641753
175, 177, -0.0011999999405816197, -0.011599999445024878, False, 98.83997, -0.00014066767, -0.00034829974, 3.5031113e-05, 20.016348, 1.4886065, 1.9641749
175, 178, -0.0011999999405816197, -0.012799999385606498, False, 98.71997, -0.00014038915, -0.00034831464, 1.8741752e-05, 20.016352, 1.4886065, 1.9641744
175, 179, -0.0011999999405816197, -0.013999999326188117, False, 98.59997, -0.0001409003, -0.00034691393, 3.885041e-06, 20.016357, 1.4886065, 1.9641739
175, 180, -0.0011999999405816197, -0.015199999266769737, False, 98.479965, 0.16550201, -0.00034624338, -2.474468, 20.03818, 1.4886047, 1.8663076
175, 181, -0.0011999999405816197, -0.016399999207351357, False, 98.35996, 0.077770285, -0.0003617257, 0.66046727, 20.046896, 1.4886074, 1.8502814
175, 182, -0.0011999999405816197, -0.017599999147932976, False, 98.23996, 0.14507899, -0.0003542751, -1.8769187, 20.055925, 1.4886044, 1.7876697
175, 183, -0.0011999999405816197, -0.018799999088514596, False, 98.11996, 0.0852295, -0.00037124753, 0.9900252, 20.058678, 1.4886082, 1.7958332
175, 184, -0.0011999999405816197, -0.019999999029096216, False, 97.999954, -0.19087346, -0.00036603212, 3.375131, 20.043814, 1.488608, 1.9512098
175, 185, -0.0011999999405816197, -0.021199998969677836, False, 97.87995, -0.13437782, -0.00036124885, 0.0061357003, 20.031712, 1.488606, 2.0156524
175, 186, -0.0011999999405816197, -0.022399998910259455, False, 97.75995, 0.070426926, -0.00033274293, 2.4917, 20.02995, 1.4886076, 2.116686
175, 187, -0.0011999999405816197, -0.023599998850841075, False, 97.639946, 0.05849398, -0.00036211312, 4.7412558, 20.025293, 1.4886065, 2.357118
175, 188, -0.0011999999405816197, -0.024799998791422695, False, 97.51994, 0.050065592, -0.00036774576, 6.7815857, 20.01566, 1.4886045, 2.7239664
175, 189, -0.0011999999405816197, -0.025999998732004315, False, 97.39994, 0.043412387, -0.00036528707, 8.632219, 20.001589, 1.4886019, 3.20548
175, 190, -0.0011999999405816197, -0.027199998672585934, False, 97.27994, 1.0169605, -0.00035735965, 10.257774, 19.980896, 1.4885986, 3.790838
175, 191, -0.0011999999405816197, -0.028399998613167554, False, 97.159935, 0.89498556, -0.00034448504, 11.786391, 19.942156, 1.4885942, 4.469315
175, 192, -0.0011999999405816197, -0.029599998553749174, False, 97.03993, 2.063983, -0.0003309697, 13.025077, 19.882292, 1.4885889, 5.2315483
175, 193, -0.0011999999405816197, -0.030799998494330794, False, 96.91993, 3.1915991, -0.552027, 12.455915, 19.8041, 1.466262, 6.0249887
175, 194, -0.0011999999405816197, -0.03199999843491241, False, 96.79993, 4.060013, -1.052437, 10.933513, 19.733177, 1.4129069, 6.74467
175, 195, -0.0011999999405816197, -0.03319999837549403, False, 96.679924, 4.6990423, -1.5063285, 9.4778595, 19.668846, 1.3314083, 7.3974495
175, 196, -0.0011999999405816197, -0.03439999831607565, False, 96.55992, 3.3402553, -1.9180257, 8.995219, 19.610495, 1.2243823, 7.9895453
175, 197, -0.0011999999405816197, -0.03559999825665727, False, 96.43992, 3.8659973, -2.291451, 7.7976255, 19.55757, 1.0942018, 8.5266
175, 198, -0.0011999999405816197, -0.03679999819723889, False, 96.319916, 3.4606328, -0.2455349, 5.4590473, 19.512365, 0.99071276, 8.985251
175, 199, -0.0011999999405816197, -0.03799999813782051, False, 96.19991, 2.2533095, -0.0019661188, 7.621067, 19.412975, 0.9894991, 9.417687
175, 200, -0.0011999999405816197, -0.03919999807840213, False, 96.07991, 1.9680967, -0.00012591481, 9.401457, 19.237293, 0.98949635, 9.9319935
175, 201, -0.0011999999405816197, -0.04039999801898375, False, 95.95991, 2.7718692, -0.00010150671, 10.779528, 18.993511, 0.9895059, 10.521585
175, 202, -0.0011999999405816197, -0.04159999795956537, False, 95.839905, 1.2774582, -0.44471973, 12.727964, 18.676966, 0.97383845, 11.182948
175, 203, -0.0011999999405816197, -0.04279999790014699, False, 95.7199, 2.359118, -0.9551051, 11.360402, 18.358559, 0.92651856, 11.828084
175, 204, -0.0011999999405816197, -0.04399999784072861, False, 95.5999, 1.0509925, -1.4180446, 10.471553, 18.06975, 0.85049397, 12.413247
175, 205, -0.0011999999405816197, -0.04519999778131023, False, 95.4799, -0.044756174, -1.8379489, 9.545724, 17.807789, 0.74843305, 12.944013
175, 206, -0.0011999999405816197, -0.04639999772189185, False, 95.35989, 0.8646743, -2.2188182, 8.615158, 17.570179, 0.6227562, 13.425438
175, 207, -0.0011999999405816197, -0.04759999766247347, False, 95.23989, 1.5968156, -2.5642817, 7.689497, 17.354658, 0.47565877, 13.86211
175, 208, -0.0011999999405816197, -0.04879999760305509, False, 95.11989, 0.44686317, 0.0, 7.2714796, 17.174164, 0.4898853, 14.20792
175, 209, -0.0011999999405816197, -0.04999999754363671, False, 94.999886, 1.2377291, -1.4901161e-08, 8.993828, 16.922857, 0.4899991, 14.651267
175, 210, -0.0011999999405816197, -0.05119999748421833, False, 94.87988, 2.0934067, -1.4901161e-08, 10.476367, 16.601223, 0.49, 15.169202
175, 211, -0.0011999999405816197, -0.05239999742479995, False, 94.75988, 2.9883242, -1.4901161e-08, 11.736887, 16.203306, 0.49, 15.743652
175, 212, -0.0011999999405816197, -0.05359999736538157, False, 94.63988, 1.3517962, -1.4901161e-08, 13.346119, 15.728461, 0.49, 16.361149
175, 213, -0.0011999999405816197, -0.05479999730596319, False, 94.519875, 2.6164455, -1.4901161e-08, 14.390083, 15.18929, 0.49, 17.023369
175, 214, -0.0011999999405816197, -0.05599999724654481, False, 94.39987, 0.78333664, -1.4901161e-08, 15.702649, 14.587297, 0.49, 17.721249
175, 215, -0.0011999999405816197, -0.05719999718712643, False, 94.27987, -0.95698166, -1.4901161e-08, 16.712904, 13.937338, 0.49, 18.460676
175, 216, -0.0011999999405816197, -0.05839999712770805, False, 94.15987, -2.5913043, -1.4901161e-08, 17.462545, 13.257144, 0.49, 19.249306
175, 217, -0.0011999999405816197, -0.05959999706828967, False, 94.03986, -2.3068109, -1.4901161e-08, 18.323128, 12.561405, 0.49, 20.091084
175, 218, -0.0011999999405816197, -0.06079999700887129, False, 93.91986, -3.9414282, -1.4901161e-08, 18.790867, 11.855678, 0.49, 20.983568
175, 219, -0.0011999999405816197, -0.06199999694945291, False, 93.79986, -3.5134897, -1.4901161e-08, 19.530859, 11.151351, 0.49, 21.927748
175, 220, -0.0011999999405816197, -0.06319999689003453, False, 93.679855, -5.128753, -1.4901161e-08, 19.769753, 10.452556, 0.49, 22.920778
175, 221, -0.0011999999405816197, -0.06439999683061615, False, 93.55985, -4.576211, -1.4901161e-08, 20.421768, 9.769706, 0.49, 23.96262
175, 222, -0.0011999999405816197, -0.06559999677119777, False, 93.43985, -6.159284, -1.4901161e-08, 20.476334, 9.1057, 0.49, 25.050169
175, 223, -0.0011999999405816197, -0.06679999671177939, False, 93.31985, -5.4993877, -1.4901161e-08, 21.065605, 8.470071, 0.49, 26.182451
175, 224, -0.0011999999405816197, -0.067999996652361, False, 93.199844, -7.042807, -1.4901161e-08, 20.973001, 7.8646393, 0.49, 27.356224
175, 225, -0.0011999999405816197, -0.06919999659294263, False, 93.07984, -6.291252, -1.4901161e-08, 21.518864, 7.298123, 0.49, 28.569656
175, 226, -0.0011999999405816197, -0.07039999653352425, False, 92.95984, -7.7915955, -1.4901161e-08, 21.309902, 6.7713933, 0.49, 29.819471
175, 227, -0.0011999999405816197, -0.07159999647410586, False, 92.839836, -9.106518, -1.4901161e-08, 20.986938, 6.2950554, 0.49, 31.103077
175, 228, -0.0011999999405816197, -0.07279999641468748, False, 92.71983, -9.835791, -1.4901161e-08, 14.983009, 5.860757, 0.49, 32.19063
175, 229, -0.0011999999405816197, -0.0739999963552691, False, 92.59983, -7.3139296, -1.4901161e-08, 8.941151, 5.5410366, 0.49, 32.933605
175, 230, -0.0011999999405816197, -0.07519999629585072, False, 92.47983, -7.4289346, -1.4901161e-08, 9.921104, 5.322366, 0.49, 33.62617
175, 231, -0.0011999999405816197, -0.07639999623643234, False, 92.359825, -6.563713, -1.4901161e-08, 11.529869, 5.1890635, 0.49, 34.392307
175, 232, -0.0011999999405816197, -0.07759999617701396, False, 92.23982, -4.938583, -1.4901161e-08, 6.8849387, 5.109772, 0.49, 34.982483
175, 233, -0.0011999999405816197, -0.07879999611759558, False, 92.11982, -5.113062, -1.4901161e-08, 8.275055, 5.1024694, 0.49, 35.540478
175, 234, -0.0011999999405816197, -0.0799999960581772, False, 91.99982, -5.41465, -1.4901161e-08, 9.504159, 5.1884694, 0.49, 36.166542
175, 235, -0.0011999999405816197, -0.08119999599875882, False, 91.879814, -1.8915841e-07, 0.0, 1.1769896e-06, 5.3006043, 0.49, 36.524
175, 236, -0.0011999999405816197, -0.08239999593934044, False, 91.75981, 0.23857355, 0.0, 0.24618757, 5.309384, 0.49, 36.501266
175, 237, -0.0011999999405816197, -0.08359999587992206, False, 91.63981, 0.5203439, 0.0, 0.5375023, 5.344374, 0.49, 36.501015
175, 238, -0.0011999999405816197, -0.08479999582050368, False, 91.519806, 0.788263, 0.0, 0.814873, 5.402516, 0.49, 36.501
175, 239, -0.0011999999405816197, -0.0859999957610853, False, 91.3998, 1.0406557, -1.4901161e-08, 1.0761876, 5.482581, 0.49, 36.50099
175, 240, -0.0011999999405816197, -0.08719999570166692, False, 91.2798, 1.2667768, 0.0, 1.6792636, 5.589476, 0.49, 36.507164
175, 241, -0.0011999999405816197, -0.08839999564224854, False, 91.1598, 1.2591909, 0.0, 3.5247967, 5.7630277, 0.49, 36.567005
175, 242, -0.0011999999405816197, -0.08959999558283016, False, 91.039795, 1.0682089, 0.0, 5.6867247, 6.0250564, 0.49, 36.726013
175, 243, -0.0011999999405816197, -0.09079999552341178, False, 90.91979, 1.0096974, 0.0, 3.378642, 6.236061, 0.49, 36.86494
175, 244, -0.0011999999405816197, -0.0919999954639934, False, 90.79979, 0.37513041, 0.0, 1.9970479, 6.3605638, 0.49, 36.946915
175, 245, -0.0011999999405816197, -0.09319999540457502, False, 90.67979, 0.30870688, 0.0, 4.294013, 6.52726, 0.49, 37.080505
175, 246, -0.0011999999405816197, -0.09439999534515664, False, 90.559784, -0.08390939, 0.0, 2.5455642, 6.6690245, 0.49, 37.198986
175, 247, -0.0011999999405816197, -0.09559999528573826, False, 90.43978, -0.0699141, 0.0, 4.7900143, 6.8581557, 0.49, 37.352394
175, 248, -0.0011999999405816197, -0.09679999522631988, False, 90.31978, -0.059996843, 0.0, 6.825776, 7.1471634, 0.49, 37.582993
175, 249, -0.0011999999405816197, -0.0979999951669015, False, 90.199776, -0.4772886, 0.0, 4.1867566, 7.3821597, 0.49, 37.769943
175, 250, -0.0011999999405816197, -0.09919999510748312, False, 90.07977, -0.5383593, 0.0, 2.4276514, 7.5234737, 0.49, 37.882362
175, 251, -0.0011999999405816197, -0.10039999504806474, False, 89.95977, -0.42670405, 0.0, 1.2750123, 7.6028423, 0.49, 37.945503
175, 252, -0.0011999999405816197, -0.10159999498864636, False, 89.83977, -0.62561035, 0.0, 3.5916872, 7.7579217, 0.49, 38.022625
175, 253, -0.0011999999405816197, -0.10279999492922798, False, 89.719765, -0.5776422, 0.0, 2.030407, 7.8992333, 0.49, 38.085194
175, 254, -0.0011999999405816197, -0.1039999948698096, False, 89.59976, -0.40850192, 0.0, 1.0171627, 7.9762297, 0.49, 38.119286
175, 255, -0.0011999999405816197, -0.10519999481039122, False, 89.47976, -0.19878007, 0.0, 0.3757337, 8.010698, 0.49, 38.134544
175, 256, -0.0011999999405816197, -0.10639999475097284, False, 89.35976, 0.0030357242, 0.0, -2.1553297, 7.932186, 0.49, 38.151108
175, 257, -0.0011999999405816197, -0.10759999469155446, False, 89.23975, -0.029805824, 0.0, 0.85352683, 7.9289656, 0.49, 38.15041
175, 258, -0.0011999999405816197, -0.10879999463213608, False, 89.11975, -0.009248521, 0.0, 0.26484352, 7.9547772, 0.49, 38.143974
175, 259, -0.0011999999405816197, -0.1099999945727177, False, 88.99975, -0.0068948865, 0.0, 2.7212546, 8.06565, 0.49, 38.112648
175, 260, -0.0011999999405816197, -0.11119999451329932, False, 88.879745, 0.1529794, 0.0, 1.4918443, 8.173555, 0.49, 38.082
175, 261, -0.0011999999405816197, -0.11239999445388094, False, 88.75974, 0.027032971, 0.0, -1.3477149, 8.143189, 0.49, 38.07923
175, 262, -0.0011999999405816197, -0.11359999439446256, False, 88.63974, 0.07362746, 0.0, -0.5870135, 8.094012, 0.49, 38.08168
175, 263, -0.0011999999405816197, -0.11479999433504418, False, 88.51974, -0.16382232, 0.0, -3.0102637, 7.9616838, 0.49, 38.098705
175, 264, -0.0011999999405816197, -0.1159999942756258, False, 88.399734, -0.0339842, 0.0, 0.17828107, 7.9152617, 0.49, 38.10716
175, 265, -0.0011999999405816197, -0.11719999421620741, False, 88.27973, 0.0, 0.0, 0.0, 7.916151, 0.49, 38.10717
175, 266, -0.0011999999405816197, -0.11839999415678903, False, 88.15973, 0.0, 0.0, 0.0, 7.916151, 0.49, 38.10717
175, 267, -0.0011999999405816197, -0.11959999409737065, False, 88.03973, 0.0, 0.0, 0.0, 7.916151, 0.49, 38.10717
175, 268, -0.0011999999405816197, -0.12079999403795227, False, 87.91972, 0.16571957, 0.0, -2.4744322, 7.816322, 0.49, 38.116665
175, 269, -0.0011999999405816197, -0.1219999939785339, False, 87.79972, 0.07806419, 0.0, 0.6604173, 7.7983804, 0.49, 38.113327
175, 270, -0.0011999999405816197, -0.12319999391911551, False, 87.67972, 0.03087946, 0.0, 0.13656335, 7.815559, 0.49, 38.108162
175, 271, -0.0011999999405816197, -0.12439999385969713, False, 87.559715, -1.5780194e-17, 0.0, 2.6719851e-17, 7.8157134, 0.49, 38.108116
175, 272, -0.0011999999405816197, -0.12559999380027875, False, 87.43971, 0.0, 0.0, 0.0, 7.8157134, 0.49, 38.108116
175, 273, -0.0011999999405816197, -0.12679999374086037, False, 87.31971, 0.0, 0.0, 0.0, 7.8157134, 0.49, 38.108116
175, 274, -0.0011999999405816197, -0.127999993681442, False, 87.19971, 0.0, 0.0, 0.0, 7.8157134, 0.49, 38.108116
175, 275, -0.0011999999405816197, -0.1291999936220236, False, 87.079704, 2.0861626e-07, 0.0, 2.4810271, 7.914506, 0.49, 38.090694
175, 276, -0.0011999999405816197, -0.13039999356260523, False, 86.9597, 0.0057775863, 0.0, -0.666212, 7.9309993, 0.49, 38.08582
175, 277, -0.0011999999405816197, -0.13159999350318685, False, 86.8397, 0.015933566, 0.0, -0.1399147, 7.9130383, 0.49, 38.086918
175, 278, -0.0011999999405816197, -0.13279999344376847, False, 86.719696, -4.1143447e-19, 0.0, 5.561795e-17, 7.912863, 0.49, 38.08693
175, 279, -0.0011999999405816197, -0.1339999933843501, False, 86.59969, 2.041263e-39, 0.0, -1.1576354e-38, 7.912863, 0.49, 38.08693
175, 280, -0.0011999999405816197, -0.1351999933249317, False, 86.47969, 0.0, 0.0, 0.0, 7.912863, 0.49, 38.08693
175, 281, -0.0011999999405816197, -0.13639999326551333, False, 86.35969, 0.0, 0.0, 0.0, 7.912863, 0.49, 38.08693
175, 282, -0.0011999999405816197, -0.13759999320609495, False, 86.239685, 0.0, 0.0, 0.0, 7.912863, 0.49, 38.08693
175, 283, -0.0011999999405816197, -0.13879999314667657, False, 86.11968, 0.0, 0.0, 0.0, 7.912863, 0.49, 38.08693
175, 284, -0.0011999999405816197, -0.1399999930872582, False, 85.99968, 0.0, 0.0, 0.0, 7.912863, 0.49, 38.08693
175, 285, -0.0011999999405816197, -0.1411999930278398, False, 85.87968, 0.16571918, 0.0, -2.4744322, 7.8130336, 0.49, 38.096424
175, 286, -0.0011999999405816197, -0.14239999296842143, False, 85.759674, 0.07806389, 0.0, 0.66041726, 7.795092, 0.49, 38.093086
175, 287, -0.0011999999405816197, -0.14359999290900305, False, 85.63967, 0.016435422, 0.0, 0.13904294, 7.8122706, 0.49, 38.08792
175, 288, -0.0011999999405816197, -0.14479999284958467, False, 85.51967, 1.9362147e-18, 0.0, -2.768796e-17, 7.812425, 0.49, 38.087875
175, 289, -0.0011999999405816197, -0.1459999927901663, False, 85.399666, -0.16571957, 0.0, 2.4744322, 7.9122543, 0.49, 38.07838
175, 290, -0.0011999999405816197, -0.1471999927307479, False, 85.27966, -0.08955097, 0.0, 1.3371247, 8.012785, 0.49, 38.067516
175, 291, -0.0011999999405816197, -0.14839999267132953, False, 85.15966, -0.108437434, 0.0, -1.4720789, 7.975399, 0.49, 38.07472
175, 292, -0.0011999999405816197, -0.14959999261191115, False, 85.03966, 0.021090537, 0.0, -0.67597556, 7.9208565, 0.49, 38.082592
175, 293, -0.0011999999405816197, -0.15079999255249277, False, 84.919655, 0.010366023, 0.0, 1.868125, 7.9821024, 0.49, 38.07109
175, 294, -0.0011999999405816197, -0.1519999924930744, False, 84.79965, 0.1029547, 0.0, 0.9298822, 8.053997, 0.49, 38.058002
175, 295, -0.0011999999405816197, -0.153199992433656, False, 84.67965, -0.08176786, 0.0, -1.6822675, 8.003083, 0.49, 38.05887
175, 296, -0.0011999999405816197, -0.15439999237423763, False, 84.55965, 0.25644255, 0.0, -3.9992836, 7.808097, 0.49, 38.058903
175, 297, -0.0011999999405816197, -0.15559999231481925, False, 84.439644, 0.30637622, 0.0, -0.47196022, 7.7090697, 0.49, 38.050964
175, 298, -0.0011999999405816197, -0.15679999225540087, False, 84.31964, 0.19517803, 0.0, 2.069415, 7.7804265, 0.49, 38.025234
175, 299, -0.0011999999405816197, -0.15799999219598249, False, 84.19964, 0.21220446, 0.0, 1.0535587, 7.8601823, 0.49, 38.003284
175, 300, -0.0011999999405816197, -0.1591999921365641, False, 84.079636, 0.038584836, 0.0, 0.40910327, 7.895581, 0.49, 37.99354
175, 301, -0.0011999999405816197, -0.16039999207714573, False, 83.95963, 0.029229641, 0.0, 2.852159, 8.0167055, 0.49, 37.970257
175, 302, -0.0011999999405816197, -0.16159999201772735, False, 83.83963, 0.051393863, 0.0, -0.3357267, 8.053463, 0.49, 37.96049
175, 303, -0.0011999999405816197, -0.16279999195830896, False, 83.71963, -0.1583964, 0.0, -2.781581, 7.9342628, 0.49, 37.96377
175, 304, -0.0011999999405816197, -0.16399999189889058, False, 83.599625, 0.0737617, 0.0, -1.5407661, 7.8191466, 0.49, 37.966305
175, 305, -0.0011999999405816197, -0.1651999918394722, False, 83.47962, -0.011115804, 0.0, 1.3009195, 7.8455653, 0.49, 37.95941
175, 306, -0.0011999999405816197, -0.16639999178005382, False, 83.35962, -0.004789263, 0.0, 0.56050193, 7.8920016, 0.49, 37.95163
175, 307, -0.0011999999405816197, -0.16759999172063544, False, 83.23962, 0.0068099946, 0.0, 0.07058944, 7.904971, 0.49, 37.94946
175, 308, -0.0011999999405816197, -0.16879999166121706, False, 83.11961, 2.2982579e-24, 0.0, -1.3033816e-23, 7.9049807, 0.49, 37.94946
175, 309, -0.0011999999405816197, -0.16999999160179868, False, 82.99961, 0.0, 0.0, 0.0, 7.9049807, 0.49, 37.94946
175, 310, -0.0011999999405816197, -0.1711999915423803, False, 82.87961, 0.0, 0.0, 0.0, 7.9049807, 0.49, 37.94946
175, 311, -0.0011999999405816197, -0.17239999148296192, False, 82.759605, 0.0, 0.0, 0.0, 7.9049807, 0.49, 37.94946
175, 312, -0.0011999999405816197, -0.17359999142354354, False, 82.6396, 0.0, 0.0, 0.0, 7.9049807, 0.49, 37.94946
175, 313, -0.0011999999405816197, -0.17479999136412516, False, 82.5196, 0.16571918, 0.0, -2.4744322, 7.8051515, 0.49, 37.958954
175, 314, -0.0011999999405816197, -0.17599999130470678, False, 82.3996, -0.05070786, 0.0, -1.3391604, 7.7046213, 0.49, 37.96982
175, 315, -0.0011999999405816197, -0.1771999912452884, False, 82.279594, 0.039185762, 0.0, -0.585101, 7.656027, 0.49, 37.97507
175, 316, -0.0011999999405816197, -0.17839999118587002, False, 82.15959, 0.021893978, 0.0, 1.9508228, 7.722189, 0.49, 37.96192
175, 317, -0.0011999999405816197, -0.17959999112645164, False, 82.03959, 0.114561856, 0.0, 0.98366016, 7.797737, 0.49, 37.947727
175, 318, -0.0011999999405816197, -0.18079999106703326, False, 81.919586, 0.07772419, 0.0, 0.34649524, 7.8300185, 0.49, 37.94166
175, 319, -0.0011999999405816197, -0.18199999100761488, False, 81.79958, 6.6917905e-10, 0.0, 3.7811843e-09, 7.8349733, 0.49, 37.94073
175, 320, -0.0011999999405816197, -0.1831999909481965, False, 81.67958, -5.723215e-32, 0.0, -8.111227e-31, 7.8349733, 0.49, 37.94073
175, 321, -0.0011999999405816197, -0.18439999088877812, False, 81.55958, 0.0, 0.0, 0.0, 7.8349733, 0.49, 37.94073
175, 322, -0.0011999999405816197, -0.18559999082935974, False, 81.439575, 0.0, 0.0, 0.0, 7.8349733, 0.49, 37.94073
175, 323, -0.0011999999405816197, -0.18679999076994136, False, 81.31957, 0.0, 0.0, 0.0, 7.8349733, 0.49, 37.94073
175, 324, -0.0011999999405816197, -0.18799999071052298, False, 81.19957, 0.16571957, 0.0, -2.4744322, 7.735144, 0.49, 37.950226
175, 325, -0.0011999999405816197, -0.1891999906511046, False, 81.07957, 0.07806419, 0.0, 0.6604173, 7.7172027, 0.49, 37.946888
175, 326, -0.0011999999405816197, -0.19039999059168622, False, 80.959564, 0.016435493, 0.0, 0.13904302, 7.734381, 0.49, 37.941723
175, 327, -0.0011999999405816197, -0.19159999053226784, False, 80.83956, 0.012049228, 0.0, 2.60716, 7.8407393, 0.49, 37.92217
175, 328, -0.0011999999405816197, -0.19279999047284946, False, 80.71956, 0.15541816, 0.0, 1.4157314, 7.945973, 0.49, 37.903107
175, 329, -0.0011999999405816197, -0.19399999041343108, False, 80.599556, 0.0202808, 0.0, -1.4137214, 7.9119463, 0.49, 37.897545
175, 330, -0.0011999999405816197, -0.1951999903540127, False, 80.47955, 0.07544851, 0.0, -0.63067865, 7.8597527, 0.49, 37.89497
175, 331, -0.0011999999405816197, -0.19639999029459432, False, 80.35955, 0.2822214, 0.0, -3.0374203, 7.7242737, 0.49, 37.903214
175, 332, -0.0011999999405816197, -0.19759999023517594, False, 80.23955, 0.13952205, 0.0, 0.17862855, 7.674804, 0.49, 37.899475
175, 333, -0.0011999999405816197, -0.19879999017575756, False, 80.119545, 1.4155441e-16, 0.0, 4.759007e-16, 7.6759295, 0.49, 37.898228
175, 334, -0.0011999999405816197, -0.19999999011633918, False, 79.99954, -4.0345078e-38, 0.0, -9.709053e-38, 7.6759295, 0.49, 37.898228
175, 335, -0.0011999999405816197, -0.2011999900569208, False, 79.87954, 0.0, 0.0, 0.0, 7.6759295, 0.49, 37.898228
175, 336, -0.0011999999405816197, -0.20239998999750242, False, 79.75954, 0.0, 0.0, 0.0, 7.6759295, 0.49, 37.898228
175, 337, -0.0011999999405816197, -0.20359998993808404, False, 79.639534, 0.0, 0.0, 0.0, 7.6759295, 0.49, 37.898228
175, 338, -0.0011999999405816197, -0.20479998987866566, False, 79.51953, 0.0, 0.0, 0.0, 7.6759295, 0.49, 37.898228
175, 339, -0.0011999999405816197, -0.20599998981924728, False, 79.39953, 0.0, 0.0, 0.0, 7.6759295, 0.49, 37.898228
175, 340, -0.0011999999405816197, -0.2071999897598289, False, 79.279526, 0.0, 0.0, 0.0, 7.6759295, 0.49, 37.898228
175, 341, -0.0011999999405816197, -0.20839998970041052, False, 79.15952, -0.16571923, 0.0, 2.4744322, 7.776205, 0.49, 37.89922
175, 342, -0.0011999999405816197, -0.20959998964099213, False, 79.03952, -0.22882801, 0.0, 1.320439, 7.87732, 0.49, 37.89892
175, 343, -0.0011999999405816197, -0.21079998958157375, False, 78.91952, -0.039185774, 0.0, 0.58510095, 7.926197, 0.49, 37.898777
175, 344, -0.0011999999405816197, -0.21199998952215537, False, 78.799515, -0.015032305, 0.0, 0.08674305, 7.940533, 0.49, 37.898735
175, 345, -0.0011999999405816197, -0.213199989462737, False, 78.67951, 0.0, 0.0, 0.0, 7.9405456, 0.49, 37.898735
175, 346, -0.0011999999405816197, -0.2143999894033186, False, 78.55951, 0.0, 0.0, 0.0, 7.9405456, 0.49, 37.898735
175, 347, -0.0011999999405816197, -0.21559998934390023, False, 78.43951, 0.0, 0.0, 0.0, 7.9405456, 0.49, 37.898735
175, 348, -0.0011999999405816197, -0.21679998928448185, False, 78.3195, 0.0, 0.0, 0.0, 7.9405456, 0.49, 37.898735
175, 349, -0.0011999999405816197, -0.21799998922506347, False, 78.1995, 0.0, 0.0, 0.0, 7.9405456, 0.49, 37.898735
175, 350, -0.0011999999405816197, -0.2191999891656451, False, 78.0795, 0.0, 0.0, 0.0, 7.9405456, 0.49, 37.898735
175, 351, -0.0011999999405816197, -0.2203999891062267, False, 77.959496, 8.940697e-08, 0.0, -2.4810274, 7.840473, 0.49, 37.90573
175, 352, -0.0011999999405816197, -0.22159998904680833, False, 77.83949, -0.14015369, 0.0, -1.3334705, 7.739556, 0.49, 37.91279
175, 353, -0.0011999999405816197, -0.22279998898738995, False, 77.71949, 0.17788628, 0.0, -3.6897502, 7.5640564, 0.49, 37.91647
175, 354, -0.0011999999405816197, -0.22399998892797157, False, 77.59949, 0.0957337, 0.0, -0.21444717, 7.4830155, 0.49, 37.91397
175, 355, -0.0011999999405816197, -0.2251999888685532, False, 77.479485, 0.065385014, 0.0, 2.287472, 7.570811, 0.49, 37.90352
175, 356, -0.0011999999405816197, -0.2263999888091348, False, 77.35948, -0.09230734, 0.0, 1.2099326, 7.6627, 0.49, 37.894447
175, 357, -0.0011999999405816197, -0.22759998874971643, False, 77.23948, -0.07383627, 0.0, 3.5786438, 7.8293386, 0.49, 37.86988
175, 358, -0.0011999999405816197, -0.22879998869029805, False, 77.11948, 0.17361829, 0.0, 2.0597937, 7.9790483, 0.49, 37.846657
175, 359, -0.0011999999405816197, -0.22999998863087967, False, 76.99947, 0.031221725, 0.0, -0.89493614, 7.978392, 0.49, 37.839695
175, 360, -0.0011999999405816197, -0.2311999885714613, False, 76.87947, 0.040684834, 0.0, -0.28955787, 7.949961, 0.49, 37.837708
175, 361, -0.0011999999405816197, -0.2323999885120429, False, 76.75947, -0.16227317, 0.0, -2.7390125, 7.833391, 0.49, 37.841343
175, 362, -0.0011999999405816197, -0.23359998845262453, False, 76.639465, -0.056914218, 0.0, 0.42177, 7.801541, 0.49, 37.845135
175, 363, -0.0011999999405816197, -0.23479998839320615, False, 76.51946, -1.7523917e-09, 0.0, 7.256523e-09, 7.808873, 0.49, 37.845608
175, 364, -0.0011999999405816197, -0.23599998833378777, False, 76.39946, 2.0842864e-31, 0.0, -1.5669994e-30, 7.808873, 0.49, 37.845608
175, 365, -0.0011999999405816197, -0.2371999882743694, False, 76.27946, 0.0, 0.0, 0.0, 7.808873, 0.49, 37.845608
175, 366, -0.0011999999405816197, -0.238399988214951, False, 76.159454, 0.0, 0.0, 0.0, 7.808873, 0.49, 37.845608
175, 367, -0.0011999999405816197, -0.23959998815553263, False, 76.03945, 0.0, 0.0, 0.0, 7.808873, 0.49, 37.845608
175, 368, -0.0011999999405816197, -0.24079998809611425, False, 75.91945, 0.0, 0.0, 0.0, 7.808873, 0.49, 37.845608
175, 369, -0.0011999999405816197, -0.24199998803669587, False, 75.799446, 0.0, 0.0, 0.0, 7.808873, 0.49, 37.845608
175, 370, -0.0011999999405816197, -0.2431999879772775, False, 75.67944, 0.0, 0.0, 0.0, 7.808873, 0.49, 37.845608
175, 371, -0.0011999999405816197, -0.2443999879178591, False, 75.55944, 0.0, 0.0, 0.0, 7.808873, 0.49, 37.845608
175, 372, -0.0011999999405816197, -0.24559998785844073, False, 75.43944, 0.0, 0.0, 0.0, 7.808873, 0.49, 37.845608
175, 373, -0.0011999999405816197, -0.24679998779902235, False, 75.319435, 0.0, 0.0, 0.0, 7.808873, 0.49, 37.845608
175, 374, -0.0011999999405816197, -0.24799998773960397, False, 75.19943, -0.16571918, 0.0, 2.4744322, 7.9087024, 0.49, 37.836113
175, 375, -0.0011999999405816197, -0.2491999876801856, False, 75.07943, 0.05070764, 0.0, 1.3391604, 8.0092325, 0.49, 37.82525
175, 376, -0.0011999999405816197, -0.2503999876207672, False, 74.95943, -0.039185762, 0.0, 0.585101, 8.057828, 0.49, 37.819996
175, 377, -0.0011999999405816197, -0.2515999875613488, False, 74.839424, -0.13402432, 0.0, -1.9445804, 7.9913087, 0.49, 37.83072
175, 378, -0.0011999999405816197, -0.25279998750193045, False, 74.71942, -0.06801285, 0.0, -0.9868095, 7.915255, 0.49, 37.84133
175, 379, -0.0011999999405816197, -0.25399998744251207, False, 74.59942, 0.012720503, 0.0, -0.35411122, 7.8827767, 0.49, 37.845863
175, 380, -0.0011999999405816197, -0.2551999873830937, False, 74.479416, -8.73832e-10, 0.0, -7.529883e-09, 7.877808, 0.49, 37.846554
175, 381, -0.0011999999405816197, -0.2563999873236753, False, 74.35941, -5.035306e-31, 0.0, 1.546363e-30, 7.877808, 0.49, 37.846554
175, 382, -0.0011999999405816197, -0.2575999872642569, False, 74.23941, -0.16571942, 0.0, -2.4744325, 7.7776284, 0.49, 37.851044
175, 383, -0.0011999999405816197, -0.25879998720483854, False, 74.11941, -0.06985922, 0.0, 0.6570155, 7.760474, 0.49, 37.854828
175, 384, -0.0011999999405816197, -0.25999998714542016, False, 73.999405, -0.028681714, 0.0, 0.13413824, 7.7782044, 0.49, 37.85547
175, 385, -0.0011999999405816197, -0.2611999870860018, False, 73.8794, -0.021012813, 0.0, 2.6027424, 7.884667, 0.49, 37.83809
175, 386, -0.0011999999405816197, -0.2623999870265834, False, 73.7594, -0.0114747435, 0.0, 1.4213072, 7.989937, 0.49, 37.8204
175, 387, -0.0011999999405816197, -0.263599986967165, False, 73.6394, 0.061769918, 0.0, 0.6371386, 8.04181, 0.49, 37.811684
175, 388, -0.0011999999405816197, -0.26479998690774664, False, 73.519394, -0.07531789, 0.0, -1.9047114, 7.9771247, 0.49, 37.811577
175, 389, -0.0011999999405816197, -0.26599998684832826, False, 73.39939, 0.062592536, 0.0, -0.9586805, 7.902305, 0.49, 37.81192
175, 390, -0.0011999999405816197, -0.2671999867889099, False, 73.27939, -0.013257874, 0.0, -0.33527955, 7.8708153, 0.49, 37.812065
175, 391, -0.0011999999405816197, -0.2683999867294915, False, 73.159386, 0.0, 0.0, 0.0, 7.8664136, 0.49, 37.812084
175, 392, -0.0011999999405816197, -0.2695999866700731, False, 73.03938, 0.0, 0.0, 0.0, 7.8664136, 0.49, 37.812084
175, 393, -0.0011999999405816197, -0.27079998661065474, False, 72.91938, 0.0, 0.0, 0.0, 7.8664136, 0.49, 37.812084
175, 394, -0.0011999999405816197, -0.27199998655123636, False, 72.79938, 0.0, 0.0, 0.0, 7.8664136, 0.49, 37.812084
175, 395, -0.0011999999405816197, -0.273199986491818, False, 72.679375, 1.1920929e-07, 0.0, -2.4810271, 7.766158, 0.49, 37.808582
175, 396, -0.0011999999405816197, -0.2743999864323996, False, 72.55937, 0.0057773925, 0.0, 0.66621214, 7.7491465, 0.49, 37.806053
175, 397, -0.0011999999405816197, -0.2755999863729812, False, 72.43937, 0.0044752955, 0.0, 3.0853086, 7.886576, 0.49, 37.796154
175, 398, -0.0011999999405816197, -0.27679998631356284, False, 72.31937, -0.036655463, 0.0, -0.12663472, 7.93745, 0.49, 37.794033
175, 399, -0.0011999999405816197, -0.27799998625414446, False, 72.19936, -2.4202767e-19, 0.0, 3.4609952e-18, 7.9374332, 0.49, 37.79404
175, 400, -0.0011999999405816197, -0.2791999861947261, False, 72.07936, 0.0, 0.0, 0.0, 7.9374332, 0.49, 37.79404
175, 401, -0.0011999999405816197, -0.2803999861353077, False, 71.95936, -0.16571926, 0.0, -2.4744325, 7.8372536, 0.49, 37.79853
175, 402, -0.0011999999405816197, -0.2815999860758893, False, 71.839355, 0.05070761, 0.0, -1.3391603, 7.73619, 0.49, 37.801765
175, 403, -0.0011999999405816197, -0.28279998601647094, False, 71.71935, -0.039185762, 0.0, -0.58510095, 7.6873374, 0.49, 37.80333
175, 404, -0.0011999999405816197, -0.28399998595705256, False, 71.59935, 0.0033311367, 0.0, -0.08797298, 7.673008, 0.49, 37.80379
175, 405, -0.0011999999405816197, -0.2851999858976342, False, 71.47935, 0.0023450851, 0.0, 2.4012334, 7.768134, 0.49, 37.796986
175, 406, -0.0011999999405816197, -0.2863999858382158, False, 71.359344, -0.13338713, 0.0, 1.281129, 7.865397, 0.49, 37.790085
175, 407, -0.0011999999405816197, -0.2875999857787974, False, 71.23934, 0.0005391836, 0.0, 0.55198383, 7.9117723, 0.49, 37.786797
175, 408, -0.0011999999405816197, -0.28879998571937904, False, 71.11934, -0.114897594, 0.0, -1.976408, 7.8425617, 0.49, 37.789154
175, 409, -0.0011999999405816197, -0.28999998565996066, False, 70.99934, 0.047069922, 0.0, -1.0082538, 7.764392, 0.49, 37.79097
175, 410, -0.0011999999405816197, -0.2911999856005423, False, 70.87933, -0.085644096, 0.0, 1.6783091, 7.814731, 0.49, 37.785034
175, 411, -0.0011999999405816197, -0.2923999855411239, False, 70.75933, -0.041355915, 0.0, 0.81042254, 7.8787155, 0.49, 37.777092
175, 412, -0.0011999999405816197, -0.2935999854817055, False, 70.63933, 0.012721129, 0.0, 0.23651445, 7.9031787, 0.49, 37.774055
175, 413, -0.0011999999405816197, -0.29479998542228714, False, 70.519325, 0.008619517, 0.0, -2.2665174, 7.816335, 0.49, 37.77956
175, 414, -0.0011999999405816197, -0.29599998536286876, False, 70.39932, 0.0045595616, 0.0, -1.1989769, 7.7252007, 0.49, 37.785587
175, 415, -0.0011999999405816197, -0.2971999853034504, False, 70.27932, 0.053406462, 0.0, -0.4901885, 7.6828833, 0.49, 37.788387
175, 416, -0.0011999999405816197, -0.298399985244032, False, 70.15932, 0.0028516094, 0.0, -0.026173346, 7.672846, 0.49, 37.78905
175, 417, -0.0011999999405816197, -0.2995999851846136, False, 70.039314, 7.41823e-25, 0.0, -6.5887288e-24, 7.672842, 0.49, 37.78905
175, 418, -0.0011999999405816197, -0.30079998512519524, False, 69.91931, 0.0, 0.0, 0.0, 7.672842, 0.49, 37.78905
175, 419, -0.0011999999405816197, -0.30199998506577685, False, 69.79931, 0.0, 0.0, 0.0, 7.672842, 0.49, 37.78905
175, 420, -0.0011999999405816197, -0.3031999850063585, False, 69.679306, 0.0, 0.0, 0.0, 7.672842, 0.49, 37.78905
175, 421, -0.0011999999405816197, -0.3043999849469401, False, 69.5593, 0.0, 0.0, 0.0, 7.672842, 0.49, 37.78905
175, 422, -0.0011999999405816197, -0.3055999848875217, False, 69.4393, 0.0, 0.0, 0.0, 7.672842, 0.49, 37.78905
175, 423, -0.0011999999405816197, -0.30679998482810333, False, 69.3193, 0.0, 0.0, 0.0, 7.672842, 0.49, 37.78905
175, 424, -0.0011999999405816197, -0.30799998476868495, False, 69.199295, 0.0, 0.0, 0.0, 7.672842, 0.49, 37.78905
175, 425, -0.0011999999405816197, -0.3091999847092666, False, 69.07929, 0.0, 0.0, 0.0, 7.672842, 0.49, 37.78905
175, 426, -0.0011999999405816197, -0.3103999846498482, False, 68.95929, 0.0, 0.0, 0.0, 7.672842, 0.49, 37.78905
175, 427, -0.0011999999405816197, -0.3115999845904298, False, 68.83929, 0.0, 0.0, 0.0, 7.672842, 0.49, 37.78905
175, 428, -0.0011999999405816197, -0.31279998453101143, False, 68.719284, -0.16571867, 0.0, 2.4744325, 7.772671, 0.49, 37.779556
175, 429, -0.0011999999405816197, -0.31399998447159305, False, 68.59928, -0.089550495, 0.0, 1.3371247, 7.8732014, 0.49, 37.768692
175, 430, -0.0011999999405816197, -0.31519998441217467, False, 68.47928, -0.1084373, 0.0, -1.472079, 7.8358164, 0.49, 37.775894
175, 431, -0.0011999999405816197, -0.3163999843527563, False, 68.359276, -0.049683772, 0.0, -0.67447704, 7.781274, 0.49, 37.783768
175, 432, -0.0011999999405816197, -0.3175999842933379, False, 68.23927, -0.010834115, 0.0, -0.14707746, 7.763007, 0.49, 37.786404
175, 433, -0.0011999999405816197, -0.31879998423391953, False, 68.11927, 8.87181e-18, 0.0, 5.5235207e-17, 7.7627177, 0.49, 37.786446
175, 434, -0.0011999999405816197, -0.31999998417450115, False, 67.99927, 8.20022e-40, 0.0, -1.1726307e-38, 7.7627177, 0.49, 37.786446
175, 435, -0.0011999999405816197, -0.32119998411508277, False, 67.879265, 0.0, 0.0, 0.0, 7.7627177, 0.49, 37.786446
175, 436, -0.0011999999405816197, -0.3223999840556644, False, 67.75926, 0.0, 0.0, 0.0, 7.7627177, 0.49, 37.786446
175, 437, -0.0011999999405816197, -0.323599983996246, False, 67.63926, 0.0, 0.0, 0.0, 7.7627177, 0.49, 37.786446
175, 438, -0.0011999999405816197, -0.32479998393682763, False, 67.51926, 0.0, 0.0, 0.0, 7.7627177, 0.49, 37.786446
175, 439, -0.0011999999405816197, -0.32599998387740925, False, 67.399254, 0.0, 0.0, 0.0, 7.7627177, 0.49, 37.786446
175, 440, -0.0011999999405816197, -0.32719998381799087, False, 67.27925, 0.0, 0.0, 0.0, 7.7627177, 0.49, 37.786446
175, 441, -0.0011999999405816197, -0.3283999837585725, False, 67.15925, -1.0430813e-07, 0.0, 2.4810274, 7.86279, 0.49, 37.77945
175, 442, -0.0011999999405816197, -0.3295999836991541, False, 67.039246, 2.9802322e-08, 0.0, 1.3408157, 7.9637074, 0.49, 37.772392
175, 443, -0.0011999999405816197, -0.33079998363973573, False, 66.91924, -0.06625135, 0.0, -1.4769588, 7.92555, 0.49, 37.772713
175, 444, -0.0011999999405816197, -0.33199998358031735, False, 66.79924, 0.040576067, 0.0, -0.6766603, 7.8703356, 0.49, 37.77326
175, 445, -0.0011999999405816197, -0.33319998352089897, False, 66.67924, -0.006655177, 0.0, -0.14836572, 7.851808, 0.49, 37.773445
175, 446, -0.0011999999405816197, -0.3343999834614806, False, 66.559235, -6.879703e-18, 0.0, 1.1081236e-16, 7.851497, 0.49, 37.77345
175, 447, -0.0011999999405816197, -0.3355999834020622, False, 66.43923, -8.204e-40, 0.0, -2.3495571e-38, 7.851497, 0.49, 37.77345
175, 448, -0.0011999999405816197, -0.3367999833426438, False, 66.31923, 0.0, 0.0, 0.0, 7.851497, 0.49, 37.77345
175, 449, -0.0011999999405816197, -0.33799998328322545, False, 66.19923, 1.4901161e-08, 0.0, 2.4810271, 7.9515696, 0.49, 37.766453
175, 450, -0.0011999999405816197, -0.33919998322380707, False, 66.07922, -0.14015347, 0.0, 1.3334703, 8.052486, 0.49, 37.759396
175, 451, -0.0011999999405816197, -0.3403999831643887, False, 65.95922, -0.13336824, 0.0, -1.4682026, 8.015484, 0.49, 37.768303
175, 452, -0.0011999999405816197, -0.3415999831049703, False, 65.83922, -0.06107325, 0.0, -0.6723329, 7.961166, 0.49, 37.77709
175, 453, -0.0011999999405816197, -0.3427999830455519, False, 65.719215, -0.27520356, 0.0, -3.0761037, 7.8234744, 0.49, 37.78723
175, 454, -0.0011999999405816197, -0.34399998298613355, False, 65.59921, 0.026993811, 0.0, -1.7422138, 7.694667, 0.49, 37.79424
175, 455, -0.0011999999405816197, -0.34519998292671517, False, 65.47921, 0.10222582, 0.0, -0.8462751, 7.6274514, 0.49, 37.797897
175, 456, -0.0011999999405816197, -0.3463999828672968, False, 65.35921, 0.028003603, 0.0, 1.7313652, 7.680136, 0.49, 37.786686
175, 457, -0.0011999999405816197, -0.3475999828078784, False, 65.239204, 0.013669819, 0.0, 0.84515464, 7.745743, 0.49, 37.77402
175, 458, -0.0011999999405816197, -0.34879998274846, False, 65.1192, 0.03125892, 0.0, 0.25730634, 7.7714667, 0.49, 37.76905
175, 459, -0.0011999999405816197, -0.34999998268904164, False, 64.9992, 0.0, 0.0, 0.0, 7.773679, 0.49, 37.768623
175, 460, -0.0011999999405816197, -0.35119998262962326, False, 64.879196, 0.0, 0.0, 0.0, 7.773679, 0.49, 37.768623
175, 461, -0.0011999999405816197, -0.3523999825702049, False, 64.75919, -0.16571951, 0.0, 2.4744325, 7.873301, 0.49, 37.78009
175, 462, -0.0011999999405816197, -0.3535999825107865, False, 64.63919, -0.22882824, 0.0, 1.3204391, 7.973893, 0.49, 37.790363
175, 463, -0.0011999999405816197, -0.3547999824513681, False, 64.51919, -0.18052556, 0.0, -1.4645356, 7.936333, 0.49, 37.798622
175, 464, -0.0011999999405816197, -0.35599998239194974, False, 64.399185, -0.012117416, 0.0, -0.6759, 7.8814573, 0.49, 37.80345
175, 465, -0.0011999999405816197, -0.35719998233253136, False, 64.27918, -0.0093934685, 0.0, -3.0940993, 7.743506, 0.49, 37.81371
175, 466, -0.0011999999405816197, -0.358399982273113, False, 64.15918, 0.03404214, 0.0, 0.11829361, 7.692155, 0.49, 37.816105
175, 467, -0.0011999999405816197, -0.3595999822136946, False, 64.03918, 0.0, 0.0, 0.0, 7.69217, 0.49, 37.816097
175, 468, -0.0011999999405816197, -0.3607999821542762, False, 63.919174, 0.0, 0.0, 0.0, 7.69217, 0.49, 37.816097
175, 469, -0.0011999999405816197, -0.36199998209485784, False, 63.79917, 0.0, 0.0, 0.0, 7.69217, 0.49, 37.816097
175, 470, -0.0011999999405816197, -0.36319998203543946, False, 63.67917, 0.16571894, 0.0, -2.4744318, 7.592341, 0.49, 37.825592
175, 471, -0.0011999999405816197, -0.3643999819760211, False, 63.559166, 0.07806395, 0.0, 0.6604166, 7.5743995, 0.49, 37.822254
175, 472, -0.0011999999405816197, -0.3655999819166027, False, 63.439163, 0.016435426, 0.0, 0.13904262, 7.591578, 0.49, 37.81709
175, 473, -0.0011999999405816197, -0.3667999818571843, False, 63.31916, 1.936238e-18, 0.0, -2.7687959e-17, 7.5917325, 0.49, 37.817043
175, 474, -0.0011999999405816197, -0.36799998179776594, False, 63.199158, 0.0, 0.0, 0.0, 7.5917325, 0.49, 37.817043
175, 475, -0.0011999999405816197, -0.36919998173834756, False, 63.079155, 0.0, 0.0, 0.0, 7.5917325, 0.49, 37.817043
175, 476, -0.0011999999405816197, -0.3703999816789292, False, 62.959152, 0.0, 0.0, 0.0, 7.5917325, 0.49, 37.817043
175, 477, -0.0011999999405816197, -0.3715999816195108, False, 62.83915, 0.0, 0.0, 0.0, 7.5917325, 0.49, 37.817043
175, 478, -0.0011999999405816197, -0.3727999815600924, False, 62.719147, 0.0, 0.0, 0.0, 7.5917325, 0.49, 37.817043
175, 479, -0.0011999999405816197, -0.37399998150067404, False, 62.599144, 0.0, 0.0, 0.0, 7.5917325, 0.49, 37.817043
175, 480, -0.0011999999405816197, -0.37519998144125566, False, 62.47914, 0.0, 0.0, 0.0, 7.5917325, 0.49, 37.817043
175, 481, -0.0011999999405816197, -0.3763999813818373, False, 62.35914, -0.1657192, 0.0, 2.4744322, 7.692008, 0.49, 37.818035
175, 482, -0.0011999999405816197, -0.3775999813224189, False, 62.239136, -0.087374285, 0.0, -0.66820574, 7.7098494, 0.49, 37.825287
175, 483, -0.0011999999405816197, -0.3787999812630005, False, 62.119133, -0.033930972, 0.0, -0.14188118, 7.692348, 0.49, 37.830788
175, 484, -0.0011999999405816197, -0.37999998120358214, False, 61.99913, 0.0, 0.0, 0.0, 7.6920953, 0.49, 37.830868
175, 485, -0.0011999999405816197, -0.38119998114416376, False, 61.879128, 0.0, 0.0, 0.0, 7.6920953, 0.49, 37.830868
175, 486, -0.0011999999405816197, -0.3823999810847454, False, 61.759125, 0.0, 0.0, 0.0, 7.6920953, 0.49, 37.830868
175, 487, -0.0011999999405816197, -0.383599981025327, False, 61.639122, 0.0, 0.0, 0.0, 7.6920953, 0.49, 37.830868
175, 488, -0.0011999999405816197, -0.3847999809659086, False, 61.51912, 0.0, 0.0, 0.0, 7.6920953, 0.49, 37.830868
175, 489, -0.0011999999405816197, -0.38599998090649024, False, 61.399117, 0.0, 0.0, 0.0, 7.6920953, 0.49, 37.830868
175, 490, -0.0011999999405816197, -0.38719998084707186, False, 61.279114, 0.0, 0.0, 0.0, 7.6920953, 0.49, 37.830868
175, 491, -0.0011999999405816197, -0.3883999807876535, False, 61.15911, 0.0, 0.0, 0.0, 7.6920953, 0.49, 37.830868
175, 492, -0.0011999999405816197, -0.3895999807282351, False, 61.03911, 0.0, 0.0, 0.0, 7.6920953, 0.49, 37.830868
175, 493, -0.0011999999405816197, -0.3907999806688167, False, 60.919106, 0.0, 0.0, 0.0, 7.6920953, 0.49, 37.830868
175, 494, -0.0011999999405816197, -0.39199998060939834, False, 60.799103, 0.0, 0.0, 0.0, 7.6920953, 0.49, 37.830868
175, 495, -0.0011999999405816197, -0.39319998054997995, False, 60.6791, 0.0, 0.0, 0.0, 7.6920953, 0.49, 37.830868
175, 496, -0.0011999999405816197, -0.3943999804905616, False, 60.559097, -1.4901161e-08, 0.0, 2.4810276, 7.7921677, 0.49, 37.82387
175, 497, -0.0011999999405816197, -0.3955999804311432, False, 60.439095, 0.0057773367, 0.0, -0.666212, 7.809081, 0.49, 37.820747
175, 498, -0.0011999999405816197, -0.3967999803717248, False, 60.31909, 0.015933517, 0.0, -0.13991478, 7.7911034, 0.49, 37.81996
175, 499, -0.0011999999405816197, -0.39799998031230643, False, 60.19909, -3.87417e-18, 0.0, -1.1095469e-16, 7.7909274, 0.49, 37.819954
175, 500, -0.0011999999405816197, -0.39919998025288805, False, 60.079086, -1.640069e-39, 0.0, 2.345261e-38, 7.7909274, 0.49, 37.819954
175, 501, -0.0011999999405816197, -0.4003999801934697, False, 59.959084, -4.4703484e-08, 0.0, 2.4810264, 7.891, 0.49, 37.812958
175, 502, -0.0011999999405816197, -0.4015999801340513, False, 59.83908, -0.14015368, 0.0, 1.33347, 7.991917, 0.49, 37.8059
175, 503, -0.0011999999405816197, -0.4027999800746329, False, 59.719078, 1.4901161e-08, 0.0, 0.58687127, 8.040708, 0.49, 37.802486
175, 504, -0.0011999999405816197, -0.40399998001521453, False, 59.599075, -0.11205192, 0.0, -1.9448923, 7.973457, 0.49, 37.804733
175, 505, -0.0011999999405816197, -0.40519997995579615, False, 59.479073, 0.046607472, 0.0, -0.98733914, 7.8967357, 0.49, 37.80647
175, 506, -0.0011999999405816197, -0.40639997989637777, False, 59.35907, 0.29420432, 0.0, -3.361362, 7.74135, 0.49, 37.81752
175, 507, -0.0011999999405816197, -0.4075999798369594, False, 59.239067, 0.11548084, 0.0, -0.011801273, 7.6759887, 0.49, 37.8164
175, 508, -0.0011999999405816197, -0.408799979777541, False, 59.119064, 0.0, 0.0, 0.0, 7.6759844, 0.49, 37.816383
175, 509, -0.0011999999405816197, -0.40999997971812263, False, 58.99906, 0.0, 0.0, 0.0, 7.6759844, 0.49, 37.816383
175, 510, -0.0011999999405816197, -0.41119997965870425, False, 58.87906, 0.0, 0.0, 0.0, 7.6759844, 0.49, 37.816383
175, 511, -0.0011999999405816197, -0.41239997959928587, False, 58.759056, 0.0, 0.0, 0.0, 7.6759844, 0.49, 37.816383
175, 512, -0.0011999999405816197, -0.4135999795398675, False, 58.639053, 0.0, 0.0, 0.0, 7.6759844, 0.49, 37.816383
175, 513, -0.0011999999405816197, -0.4147999794804491, False, 58.51905, 0.0, 0.0, 0.0, 7.6759844, 0.49, 37.816383
175, 514, -0.0011999999405816197, -0.41599997942103073, False, 58.399048, 0.0, 0.0, 0.0, 7.6759844, 0.49, 37.816383
175, 515, -0.0011999999405816197, -0.41719997936161235, False, 58.279045, 0.0, 0.0, 0.0, 7.6759844, 0.49, 37.816383
175, 516, -0.0011999999405816197, -0.41839997930219397, False, 58.159042, -0.16571945, 0.0, 2.4744325, 7.7756066, 0.49, 37.82785
175, 517, -0.0011999999405816197, -0.4195999792427756, False, 58.03904, -0.22882827, 0.0, 1.3204391, 7.876199, 0.49, 37.838123
175, 518, -0.0011999999405816197, -0.4207999791833572, False, 57.919037, -0.15997909, 0.0, 0.5641679, 7.9248238, 0.49, 37.843086
175, 519, -0.0011999999405816197, -0.42199997912393883, False, 57.799034, -0.0150323445, 0.0, 0.08674318, 7.9390855, 0.49, 37.844543
175, 520, -0.0011999999405816197, -0.42319997906452045, False, 57.67903, 0.0, 0.0, 0.0, 7.939098, 0.49, 37.844543
175, 521, -0.0011999999405816197, -0.42439997900510207, False, 57.55903, 0.0, 0.0, 0.0, 7.939098, 0.49, 37.844543
175, 522, -0.0011999999405816197, -0.4255999789456837, False, 57.439026, 0.0, 0.0, 0.0, 7.939098, 0.49, 37.844543
175, 523, -0.0011999999405816197, -0.4267999788862653, False, 57.319023, 0.0, 0.0, 0.0, 7.939098, 0.49, 37.844543
175, 524, -0.0011999999405816197, -0.4279999788268469, False, 57.19902, 0.0, 0.0, 0.0, 7.939098, 0.49, 37.844543
175, 525, -0.0011999999405816197, -0.42919997876742855, False, 57.079018, 0.0, 0.0, 0.0, 7.939098, 0.49, 37.844543
175, 526, -0.0011999999405816197, -0.43039997870801017, False, 56.959015, 7.4505806e-08, 0.0, -2.4810266, 7.8390255, 0.49, 37.85154
175, 527, -0.0011999999405816197, -0.4315999786485918, False, 56.839012, 0.14015336, 0.0, -1.3334699, 7.738108, 0.49, 37.858597
175, 528, -0.0011999999405816197, -0.4327999785891734, False, 56.71901, 0.061344806, 0.0, -0.58365625, 7.689318, 0.49, 37.86201
175, 529, -0.0011999999405816197, -0.433999978529755, False, 56.599007, 0.009234035, 0.0, -0.08785594, 7.674996, 0.49, 37.86301
175, 530, -0.0011999999405816197, -0.43519997847033665, False, 56.479004, 0.0, 0.0, 0.0, 7.6749835, 0.49, 37.86301
175, 531, -0.0011999999405816197, -0.43639997841091827, False, 56.359, 0.0, 0.0, 0.0, 7.6749835, 0.49, 37.86301
175, 532, -0.0011999999405816197, -0.4375999783514999, False, 56.239, 0.0, 0.0, 0.0, 7.6749835, 0.49, 37.86301
175, 533, -0.0011999999405816197, -0.4387999782920815, False, 56.118996, 0.0, 0.0, 0.0, 7.6749835, 0.49, 37.86301
175, 534, -0.0011999999405816197, -0.4399999782326631, False, 55.998993, 0.0, 0.0, 0.0, 7.6749835, 0.49, 37.86301
175, 535, -0.0011999999405816197, -0.44119997817324474, False, 55.87899, 0.0, 0.0, 0.0, 7.6749835, 0.49, 37.86301
175, 536, -0.0011999999405816197, -0.44239997811382636, False, 55.758987, 0.0, 0.0, 0.0, 7.6749835, 0.49, 37.86301
175, 537, -0.0011999999405816197, -0.443599978054408, False, 55.638985, 0.0, 0.0, 0.0, 7.6749835, 0.49, 37.86301
175, 538, -0.0011999999405816197, -0.4447999779949896, False, 55.518982, 0.0, 0.0, 0.0, 7.6749835, 0.49, 37.86301
175, 539, -0.0011999999405816197, -0.4459999779355712, False, 55.39898, -4.4703484e-08, 0.0, 2.4810264, 7.775056, 0.49, 37.856014
175, 540, -0.0011999999405816197, -0.44719997787615284, False, 55.278976, -0.14015368, 0.0, 1.33347, 7.875973, 0.49, 37.848957
175, 541, -0.0011999999405816197, -0.44839997781673446, False, 55.158974, 1.4901161e-08, 0.0, 0.58687127, 7.924763, 0.49, 37.845543
175, 542, -0.0011999999405816197, -0.4495999777573161, False, 55.03897, -0.009234035, 0.0, 0.08785595, 7.9390855, 0.49, 37.844543
175, 543, -0.0011999999405816197, -0.4507999776978977, False, 54.91897, -1.962189e-25, 0.0, 2.6520705e-23, 7.939098, 0.49, 37.844543
175, 544, -0.0011999999405816197, -0.4519999776384793, False, 54.798965, 0.0, 0.0, 0.0, 7.939098, 0.49, 37.844543
175, 545, -0.0011999999405816197, -0.45319997757906094, False, 54.678963, 0.0, 0.0, 0.0, 7.939098, 0.49, 37.844543
175, 546, -0.0011999999405816197, -0.45439997751964256, False, 54.55896, 0.0, 0.0, 0.0, 7.939098, 0.49, 37.844543
175, 547, -0.0011999999405816197, -0.4555999774602242, False, 54.438957, 0.0, 0.0, 0.0, 7.939098, 0.49, 37.844543
175, 548, -0.0011999999405816197, -0.4567999774008058, False, 54.318954, 7.4505806e-08, 0.0, -2.4810266, 7.8390255, 0.49, 37.85154
175, 549, -0.0011999999405816197, -0.4579999773413874, False, 54.19895, 0.39781138, 0.0, -4.712748, 7.600008, 0.49, 37.87086
175, 550, -0.0011999999405816197, -0.45919997728196904, False, 54.07895, 0.30365843, 0.0, -1.1372389, 7.460433, 0.49, 37.874744
175, 551, -0.0011999999405816197, -0.46039997722255066, False, 53.958946, 0.14537749, 0.0, 1.6030351, 7.5038214, 0.49, 37.857018
175, 552, -0.0011999999405816197, -0.4615999771631323, False, 53.838943, 0.14827675, 0.0, 0.75009435, 7.5629125, 0.49, 37.84098
175, 553, -0.0011999999405816197, -0.4627999771037139, False, 53.71894, 0.03992251, 0.0, 0.20195785, 7.58463, 0.49, 37.835087
175, 554, -0.0011999999405816197, -0.4639999770442955, False, 53.598938, -1.1870306e-16, 0.0, -2.180352e-16, 7.585901, 0.49, 37.83474
175, 555, -0.0011999999405816197, -0.46519997698487714, False, 53.478935, 2.9824822e-38, 0.0, 4.3290347e-38, 7.585901, 0.49, 37.83474
175, 556, -0.0011999999405816197, -0.46639997692545876, False, 53.358932, 0.16571945, 0.0, -2.4744325, 7.4862785, 0.49, 37.823273
175, 557, -0.0011999999405816197, -0.4675999768660404, False, 53.23893, 0.078064226, 0.0, 0.66041636, 7.4694233, 0.49, 37.816277
175, 558, -0.0011999999405816197, -0.468799976806622, False, 53.118927, -0.16692092, 0.0, 3.0768902, 7.6069684, 0.49, 37.81462
175, 559, -0.0011999999405816197, -0.4699999767472036, False, 52.998924, -0.12569046, 0.0, -0.16401547, 7.6575594, 0.49, 37.82016
175, 560, -0.0011999999405816197, -0.47119997668778524, False, 52.87892, -3.855858e-17, 0.0, 2.1867108e-16, 7.65666, 0.49, 37.82114
175, 561, -0.0011999999405816197, -0.47239997662836686, False, 52.75892, 8.165097e-39, 0.0, -4.6305403e-38, 7.65666, 0.49, 37.82114
175, 562, -0.0011999999405816197, -0.4735999765689485, False, 52.638916, 0.0, 0.0, 0.0, 7.65666, 0.49, 37.82114
175, 563, -0.0011999999405816197, -0.4747999765095301, False, 52.518913, 0.0, 0.0, 0.0, 7.65666, 0.49, 37.82114
175, 564, -0.0011999999405816197, -0.4759999764501117, False, 52.39891, 0.0, 0.0, 0.0, 7.65666, 0.49, 37.82114
175, 565, -0.0011999999405816197, -0.47719997639069334, False, 52.278908, 0.0, 0.0, 0.0, 7.65666, 0.49, 37.82114
175, 566, -0.0011999999405816197, -0.47839997633127496, False, 52.158905, 0.0, 0.0, 0.0, 7.65666, 0.49, 37.82114
175, 567, -0.0011999999405816197, -0.4795999762718566, False, 52.038902, 0.0, 0.0, 0.0, 7.65666, 0.49, 37.82114
175, 568, -0.0011999999405816197, -0.4807999762124382, False, 51.9189, 0.165719, 0.0, -2.474432, 7.556831, 0.49, 37.830635
175, 569, -0.0011999999405816197, -0.4819999761530198, False, 51.798897, -0.05070764, 0.0, -1.3391604, 7.4563007, 0.49, 37.8415
175, 570, -0.0011999999405816197, -0.48319997609360144, False, 51.678894, 0.039185688, 0.0, -0.58510095, 7.4077063, 0.49, 37.846752
175, 571, -0.0011999999405816197, -0.48439997603418306, False, 51.55889, -0.003331123, 0.0, -0.087972976, 7.393453, 0.49, 37.848297
175, 572, -0.0011999999405816197, -0.4855999759747647, False, 51.43889, -0.15994146, 0.0, 2.3948052, 7.488358, 0.49, 37.839302
175, 573, -0.0011999999405816197, -0.4867999759153463, False, 51.318886, -0.08578561, 0.0, 1.2844691, 7.5852485, 0.49, 37.828808
175, 574, -0.0011999999405816197, -0.4879999758559279, False, 51.198883, 0.020969886, 0.0, 0.5511069, 7.631437, 0.49, 37.823807
175, 575, -0.0011999999405816197, -0.48919997579650953, False, 51.07888, 0.0092410045, 0.0, 0.06429429, 7.6440997, 0.49, 37.822433
175, 576, -0.0011999999405816197, -0.49039997573709115, False, 50.958878, 7.2705454e-25, 0.0, 1.3318058e-23, 7.644109, 0.49, 37.822433
175, 577, -0.0011999999405816197, -0.4915999756776728, False, 50.838875, 0.0, 0.0, 0.0, 7.644109, 0.49, 37.822433
175, 578, -0.0011999999405816197, -0.4927999756182544, False, 50.718872, 0.0, 0.0, 0.0, 7.644109, 0.49, 37.822433
175, 579, -0.0011999999405816197, -0.493999975558836, False, 50.59887, -0.16571939, 0.0, 2.4744325, 7.743731, 0.49, 37.8339
175, 580, -0.0011999999405816197, -0.49519997549941763, False, 50.478867, -0.22882824, 0.0, 1.3204391, 7.844323, 0.49, 37.844173
175, 581, -0.0011999999405816197, -0.49639997543999925, False, 50.358864, -0.048437685, 0.0, -1.4915087, 7.806997, 0.49, 37.85714
175, 582, -0.0011999999405816197, -0.4975999753805809, False, 50.23886, -0.093954965, 0.0, -0.68058, 7.752338, 0.49, 37.868618
175, 583, -0.0011999999405816197, -0.4987999753211625, False, 50.11886, -0.0050171725, 0.0, -0.15448959, 7.7337947, 0.49, 37.872513
175, 584, -0.0011999999405816197, -0.4999999752617441, False, 49.998856, -0.0034772456, 0.0, 2.3409011, 7.8240705, 0.49, 37.856827
175, 585, -0.0011999999405816197, -0.5011999752023257, False, 49.878853, -0.0018542111, 0.0, 1.2481602, 7.9173975, 0.49, 37.840515
175, 586, -0.0011999999405816197, -0.5023999751429074, False, 49.75885, 0.054164223, 0.0, 0.5228078, 7.9613934, 0.49, 37.832825
175, 587, -0.0011999999405816197, -0.503599975083489, False, 49.638847, -0.08607277, 0.0, -2.0069559, 7.890349, 0.49, 37.83319
175, 588, -0.0011999999405816197, -0.5047999750240706, False, 49.518845, 0.06358569, 0.0, -1.0265974, 7.810829, 0.49, 37.833824
175, 589, -0.0011999999405816197, -0.5059999749646522, False, 49.39884, 0.06307429, 0.0, -0.3751359, 7.776231, 0.49, 37.834103
175, 590, -0.0011999999405816197, -0.5071999749052338, False, 49.27884, 4.616917e-10, 0.0, -7.4364905e-09, 7.770362, 0.49, 37.83415
175, 591, -0.0011999999405816197, -0.5083999748458154, False, 49.158836, -2.6183652e-31, 0.0, 1.5558919e-30, 7.770362, 0.49, 37.83415
175, 592, -0.0011999999405816197, -0.5095999747863971, False, 49.038834, 0.0, 0.0, 0.0, 7.770362, 0.49, 37.83415
175, 593, -0.0011999999405816197, -0.5107999747269787, False, 48.91883, 0.0, 0.0, 0.0, 7.770362, 0.49, 37.83415
175, 594, -0.0011999999405816197, -0.5119999746675603, False, 48.79883, 0.0, 0.0, 0.0, 7.770362, 0.49, 37.83415
175, 595, -0.0011999999405816197, -0.5131999746081419, False, 48.678825, 0.0, 0.0, 0.0, 7.770362, 0.49, 37.83415
175, 596, -0.0011999999405816197, -0.5143999745487235, False, 48.558823, 0.0, 0.0, 0.0, 7.770362, 0.49, 37.83415
175, 597, -0.0011999999405816197, -0.5155999744893052, False, 48.43882, 0.0, 0.0, 0.0, 7.770362, 0.49, 37.83415
175, 598, -0.0011999999405816197, -0.5167999744298868, False, 48.318817, 0.0, 0.0, 0.0, 7.770362, 0.49, 37.83415
175, 599, -0.0011999999405816197, -0.5179999743704684, False, 48.198814, 0.0, 0.0, 0.0, 7.770362, 0.49, 37.83415
175, 600, -0.0011999999405816197, -0.51919997431105, False, 48.07881, 0.16571927, 0.0, -2.474432, 7.6700864, 0.49, 37.833157
175, 601, -0.0011999999405816197, -0.5203999742516316, False, 47.95881, 0.0780641, 0.0, 0.6604163, 7.6525927, 0.49, 37.827957
175, 602, -0.0011999999405816197, -0.5215999741922133, False, 47.838806, 0.030879287, 0.0, 0.1365627, 7.6702175, 0.49, 37.82461
175, 603, -0.0011999999405816197, -0.5227999741327949, False, 47.718803, -0.15584229, 0.0, 2.6001272, 7.7782254, 0.49, 37.824383
175, 604, -0.0011999999405816197, -0.5239999740733765, False, 47.5988, -0.23309128, 0.0, 1.4034283, 7.8850555, 0.49, 37.823322
175, 605, -0.0011999999405816197, -0.5251999740139581, False, 47.478798, -0.038349576, 0.0, 0.6398372, 7.937713, 0.49, 37.8228
175, 606, -0.0011999999405816197, -0.5263999739545397, False, 47.358795, -0.007426099, 0.0, 0.12389956, 7.95455, 0.49, 37.822636
175, 607, -0.0011999999405816197, -0.5275999738951214, False, 47.238792, -0.15945956, 0.0, -2.3620865, 7.861346, 0.49, 37.82699
175, 608, -0.0011999999405816197, -0.528799973835703, False, 47.11879, 0.25501814, 0.0, -4.6196237, 7.6279955, 0.49, 37.829872
175, 609, -0.0011999999405816197, -0.5299999737762846, False, 46.998787, 0.39076692, 0.0, -1.0195949, 7.494321, 0.49, 37.823727
175, 610, -0.0011999999405816197, -0.5311999737168662, False, 46.878784, 0.20535931, 0.0, 1.6729479, 7.5412374, 0.49, 37.801315
175, 611, -0.0011999999405816197, -0.5323999736574478, False, 46.75878, 0.09927288, 0.0, 0.8087208, 7.6031165, 0.49, 37.7824
175, 612, -0.0011999999405816197, -0.5335999735980295, False, 46.63878, 0.05376681, 0.0, 0.23292258, 7.6268353, 0.49, 37.77515
175, 613, -0.0011999999405816197, -0.5347999735386111, False, 46.518776, 7.977171e-17, 0.0, 4.507524e-16, 7.6286516, 0.49, 37.774593
175, 614, -0.0011999999405816197, -0.5359999734791927, False, 46.398773, -2.677711e-38, 0.0, -9.31619e-38, 7.6286516, 0.49, 37.774593
175, 615, -0.0011999999405816197, -0.5371999734197743, False, 46.27877, 0.0, 0.0, 0.0, 7.6286516, 0.49, 37.774593
175, 616, -0.0011999999405816197, -0.5383999733603559, False, 46.158768, -0.16571924, 0.0, 2.474432, 7.728274, 0.49, 37.78606
175, 617, -0.0011999999405816197, -0.5395999733009376, False, 46.038765, -0.22882853, 0.0, 1.3204392, 7.828866, 0.49, 37.796333
175, 618, -0.0011999999405816197, -0.5407999732415192, False, 45.918762, -0.048437804, 0.0, -1.491509, 7.7915397, 0.49, 37.8093
175, 619, -0.0011999999405816197, -0.5419999731821008, False, 45.79876, -0.09395501, 0.0, -0.68058, 7.736881, 0.49, 37.820778
175, 620, -0.0011999999405816197, -0.5431999731226824, False, 45.678757, -0.0050171763, 0.0, -0.1544897, 7.7183375, 0.49, 37.824673
175, 621, -0.0011999999405816197, -0.544399973063264, False, 45.558754, 0.0, 0.0, 0.0, 7.7179294, 0.49, 37.824757
175, 622, -0.0011999999405816197, -0.5455999730038457, False, 45.43875, 0.0, 0.0, 0.0, 7.7179294, 0.49, 37.824757
175, 623, -0.0011999999405816197, -0.5467999729444273, False, 45.31875, 0.0, 0.0, 0.0, 7.7179294, 0.49, 37.824757
175, 624, -0.0011999999405816197, -0.5479999728850089, False, 45.198746, 0.0, 0.0, 0.0, 7.7179294, 0.49, 37.824757
175, 625, -0.0011999999405816197, -0.5491999728255905, False, 45.078743, 0.0, 0.0, 0.0, 7.7179294, 0.49, 37.824757
175, 626, -0.0011999999405816197, -0.5503999727661721, False, 44.95874, 0.0, 0.0, 0.0, 7.7179294, 0.49, 37.824757
175, 627, -0.0011999999405816197, -0.5515999727067538, False, 44.838737, 0.0, 0.0, 0.0, 7.7179294, 0.49, 37.824757
175, 628, -0.0011999999405816197, -0.5527999726473354, False, 44.718735, 0.0, 0.0, 0.0, 7.7179294, 0.49, 37.824757
175, 629, -0.0011999999405816197, -0.553999972587917, False, 44.598732, 0.0, 0.0, 0.0, 7.7179294, 0.49, 37.824757
175, 630, -0.0011999999405816197, -0.5551999725284986, False, 44.47873, 0.0, 0.0, 0.0, 7.7179294, 0.49, 37.824757
175, 631, -0.0011999999405816197, -0.5563999724690802, False, 44.358727, -0.16571924, 0.0, 2.474432, 7.8175516, 0.49, 37.836224
175, 632, -0.0011999999405816197, -0.5575999724096619, False, 44.238724, -0.22882853, 0.0, 1.3204392, 7.9181437, 0.49, 37.846497
175, 633, -0.0011999999405816197, -0.5587999723502435, False, 44.11872, -0.03918589, 0.0, 0.585101, 7.9667687, 0.49, 37.85146
175, 634, -0.0011999999405816197, -0.5599999722908251, False, 43.99872, -0.01503235, 0.0, 0.08674317, 7.9810305, 0.49, 37.852917
175, 635, -0.0011999999405816197, -0.5611999722314067, False, 43.878716, 0.14719987, 0.0, -2.3973265, 7.886113, 0.49, 37.862762
175, 636, -0.0011999999405816197, -0.5623999721719883, False, 43.758713, 0.060110003, 0.0, 0.7270502, 7.8725204, 0.49, 37.85983
175, 637, -0.0011999999405816197, -0.56359997211257, False, 43.63871, 0.015051246, 0.0, 0.18204966, 7.8927293, 0.49, 37.85452
175, 638, -0.0011999999405816197, -0.5647999720531516, False, 43.518707, -1.6109084e-17, 0.0, -2.2831074e-16, 7.8936095, 0.49, 37.85429
175, 639, -0.0011999999405816197, -0.5659999719937332, False, 43.398705, 8.446158e-39, 0.0, 4.7725266e-38, 7.8936095, 0.49, 37.85429
175, 640, -0.0011999999405816197, -0.5671999719343148, False, 43.2787, 0.0, 0.0, 0.0, 7.8936095, 0.49, 37.85429
175, 641, -0.0011999999405816197, -0.5683999718748964, False, 43.1587, 0.0, 0.0, 0.0, 7.8936095, 0.49, 37.85429
175, 642, -0.0011999999405816197, -0.5695999718154781, False, 43.038696, 0.0, 0.0, 0.0, 7.8936095, 0.49, 37.85429
175, 643, -0.0011999999405816197, -0.5707999717560597, False, 42.918694, 0.0, 0.0, 0.0, 7.8936095, 0.49, 37.85429
175, 644, -0.0011999999405816197, -0.5719999716966413, False, 42.79869, 0.0, 0.0, 0.0, 7.8936095, 0.49, 37.85429
175, 645, -0.0011999999405816197, -0.5731999716372229, False, 42.678688, 0.0, 0.0, 0.0, 7.8936095, 0.49, 37.85429
175, 646, -0.0011999999405816197, -0.5743999715778045, False, 42.558685, 0.0, 0.0, 0.0, 7.8936095, 0.49, 37.85429
175, 647, -0.0011999999405816197, -0.5755999715183862, False, 42.438683, 0.0, 0.0, 0.0, 7.8936095, 0.49, 37.85429
175, 648, -0.0011999999405816197, -0.5767999714589678, False, 42.31868, 0.0, 0.0, 0.0, 7.8936095, 0.49, 37.85429
175, 649, -0.0011999999405816197, -0.5779999713995494, False, 42.198677, -0.1657196, 0.0, -2.474432, 7.79343, 0.49, 37.85878
175, 650, -0.0011999999405816197, -0.579199971340131, False, 42.078674, -0.06985902, 0.0, 0.65701586, 7.776276, 0.49, 37.862564
175, 651, -0.0011999999405816197, -0.5803999712807126, False, 41.95867, -0.028681751, 0.0, 0.1341385, 7.7940063, 0.49, 37.863205
175, 652, -0.0011999999405816197, -0.5815999712212943, False, 41.83867, 0.0, 0.0, 0.0, 7.7941184, 0.49, 37.86321
175, 653, -0.0011999999405816197, -0.5827999711618759, False, 41.718666, 0.0, 0.0, 0.0, 7.7941184, 0.49, 37.86321
175, 654, -0.0011999999405816197, -0.5839999711024575, False, 41.598663, 0.0, 0.0, 0.0, 7.7941184, 0.49, 37.86321
175, 655, -0.0011999999405816197, -0.5851999710430391, False, 41.47866, 0.0, 0.0, 0.0, 7.7941184, 0.49, 37.86321
175, 656, -0.0011999999405816197, -0.5863999709836207, False, 41.358658, 0.0, 0.0, 0.0, 7.7941184, 0.49, 37.86321
175, 657, -0.0011999999405816197, -0.5875999709242024, False, 41.238655, 0.0, 0.0, 0.0, 7.7941184, 0.49, 37.86321
175, 658, -0.0011999999405816197, -0.588799970864784, False, 41.118652, 0.0, 0.0, 0.0, 7.7941184, 0.49, 37.86321
175, 659, -0.0011999999405816197, -0.5899999708053656, False, 40.99865, -1.1920929e-07, 0.0, -2.4810266, 7.695326, 0.49, 37.88063
175, 660, -0.0011999999405816197, -0.5911999707459472, False, 40.878647, -4.4703484e-08, 0.0, 0.66480464, 7.678577, 0.49, 37.883583
175, 661, -0.0011999999405816197, -0.5923999706865288, False, 40.758644, 5.5879354e-09, 0.0, 0.13987187, 7.6962333, 0.49, 37.88047
175, 662, -0.0011999999405816197, -0.5935999706271105, False, 40.63864, 4.8198325e-18, 0.0, -2.7333884e-17, 7.6963897, 0.49, 37.880444
175, 663, -0.0011999999405816197, -0.5947999705676921, False, 40.51864, 0.0, 0.0, 0.0, 7.6963897, 0.49, 37.880444
175, 664, -0.0011999999405816197, -0.5959999705082737, False, 40.398636, 0.0, 0.0, 0.0, 7.6963897, 0.49, 37.880444
175, 665, -0.0011999999405816197, -0.5971999704488553, False, 40.278633, 0.0, 0.0, 0.0, 7.6963897, 0.49, 37.880444
175, 666, -0.0011999999405816197, -0.5983999703894369, False, 40.15863, 0.0, 0.0, 0.0, 7.6963897, 0.49, 37.880444
175, 667, -0.0011999999405816197, -0.5995999703300186, False, 40.038628, 0.0, 0.0, 0.0, 7.6963897, 0.49, 37.880444
175, 668, -0.0011999999405816197, -0.6007999702706002, False, 39.918625, 0.0, 0.0, 0.0, 7.6963897, 0.49, 37.880444
175, 669, -0.0011999999405816197, -0.6019999702111818, False, 39.798622, -0.16571903, 0.0, 2.4744322, 7.796219, 0.49, 37.87095
175, 670, -0.0011999999405816197, -0.6031999701517634, False, 39.67862, -0.089550704, 0.0, 1.3371248, 7.896749, 0.49, 37.860085
175, 671, -0.0011999999405816197, -0.604399970092345, False, 39.558617, 0.022188745, 0.0, 0.58599186, 7.9453435, 0.49, 37.85483
175, 672, -0.0011999999405816197, -0.6055999700329266, False, 39.438614, 0.012508601, 0.0, 0.08714294, 7.9595966, 0.49, 37.853287
175, 673, -0.0011999999405816197, -0.6067999699735083, False, 39.31861, 0.0, 0.0, 0.0, 7.959609, 0.49, 37.853287
175, 674, -0.0011999999405816197, -0.6079999699140899, False, 39.19861, 0.0, 0.0, 0.0, 7.959609, 0.49, 37.853287
175, 675, -0.0011999999405816197, -0.6091999698546715, False, 39.078606, 0.0, 0.0, 0.0, 7.959609, 0.49, 37.853287
175, 676, -0.0011999999405816197, -0.6103999697952531, False, 38.958603, 0.16571894, 0.0, -2.4744322, 7.85978, 0.49, 37.86278
175, 677, -0.0011999999405816197, -0.6115999697358347, False, 38.8386, 0.08955066, 0.0, -1.3371246, 7.7592497, 0.49, 37.873646
175, 678, -0.0011999999405816197, -0.6127999696764164, False, 38.718597, 0.0391857, 0.0, -0.585101, 7.710655, 0.49, 37.8789
175, 679, -0.0011999999405816197, -0.613999969616998, False, 38.598595, 0.005882819, 0.0, -0.08783923, 7.696402, 0.49, 37.880444
175, 680, -0.0011999999405816197, -0.6151999695575796, False, 38.478592, 0.0, 0.0, 0.0, 7.6963897, 0.49, 37.880444
175, 681, -0.0011999999405816197, -0.6163999694981612, False, 38.35859, 0.0, 0.0, 0.0, 7.6963897, 0.49, 37.880444
175, 682, -0.0011999999405816197, -0.6175999694387428, False, 38.238586, 0.0, 0.0, 0.0, 7.6963897, 0.49, 37.880444
175, 683, -0.0011999999405816197, -0.6187999693793245, False, 38.118584, 0.0, 0.0, 0.0, 7.6963897, 0.49, 37.880444
175, 684, -0.0011999999405816197, -0.6199999693199061, False, 37.99858, 0.0, 0.0, 0.0, 7.6963897, 0.49, 37.880444
175, 685, -0.0011999999405816197, -0.6211999692604877, False, 37.87858, 0.0, 0.0, 0.0, 7.6963897, 0.49, 37.880444
175, 686, -0.0011999999405816197, -0.6223999692010693, False, 37.758575, 0.0, 0.0, 0.0, 7.6963897, 0.49, 37.880444
175, 687, -0.0011999999405816197, -0.623599969141651, False, 37.638573, -0.16571926, 0.0, 2.4744325, 7.796665, 0.49, 37.881435
175, 688, -0.0011999999405816197, -0.6247999690822326, False, 37.51857, -0.2288279, 0.0, 1.3204391, 7.89778, 0.49, 37.881134
175, 689, -0.0011999999405816197, -0.6259999690228142, False, 37.398567, -0.039185714, 0.0, 0.58510095, 7.946657, 0.49, 37.880993
175, 690, -0.0011999999405816197, -0.6271999689633958, False, 37.278564, 0.090493724, 0.0, -1.9494033, 7.879716, 0.49, 37.8896
175, 691, -0.0011999999405816197, -0.6283999689039774, False, 37.15856, -0.057755426, 0.0, -0.9889924, 7.8034506, 0.49, 37.89943
175, 692, -0.0011999999405816197, -0.629599968844559, False, 37.03856, 0.016477965, 0.0, -0.35496688, 7.770857, 0.49, 37.90363
175, 693, -0.0011999999405816197, -0.6307999687851407, False, 36.918556, 0.010702133, 0.0, 2.1590986, 7.8498683, 0.49, 37.888977
175, 694, -0.0011999999405816197, -0.6319999687257223, False, 36.798553, 0.12346335, 0.0, 1.1211866, 7.934891, 0.49, 37.87355
175, 695, -0.0011999999405816197, -0.6331999686663039, False, 36.67855, 0.048831664, 0.0, 0.4434469, 7.973417, 0.49, 37.866558
175, 696, -0.0011999999405816197, -0.6343999686068855, False, 36.558548, -0.094868824, 0.0, -2.078091, 7.897946, 0.49, 37.867336
175, 697, -0.0011999999405816197, -0.6355999685474671, False, 36.438545, 0.06354353, 0.0, -1.0739343, 7.8151536, 0.49, 37.86822
175, 698, -0.0011999999405816197, -0.6367999684880488, False, 36.318542, 0.06713413, 0.0, -0.40613198, 7.7783904, 0.49, 37.868614
175, 699, -0.0011999999405816197, -0.6379999684286304, False, 36.19854, 0.0, 0.0, 0.0, 7.771499, 0.49, 37.86869
175, 700, -0.0011999999405816197, -0.639199968369212, False, 36.078537, 0.0, 0.0, 0.0, 7.771499, 0.49, 37.86869
175, 701, -0.0011999999405816197, -0.6403999683097936, False, 35.958534, 0.0, 0.0, 0.0, 7.771499, 0.49, 37.86869
175, 702, -0.0011999999405816197, -0.6415999682503752, False, 35.83853, 0.0, 0.0, 0.0, 7.771499, 0.49, 37.86869
175, 703, -0.0011999999405816197, -0.6427999681909569, False, 35.71853, 0.0, 0.0, 0.0, 7.771499, 0.49, 37.86869
175, 704, -0.0011999999405816197, -0.6439999681315385, False, 35.598526, 0.0, 0.0, 0.0, 7.771499, 0.49, 37.86869
175, 705, -0.0011999999405816197, -0.6451999680721201, False, 35.478523, 0.0, 0.0, 0.0, 7.771499, 0.49, 37.86869
175, 706, -0.0011999999405816197, -0.6463999680127017, False, 35.35852, 0.0, 0.0, 0.0, 7.771499, 0.49, 37.86869
175, 707, -0.0011999999405816197, -0.6475999679532833, False, 35.238518, 0.0, 0.0, 0.0, 7.771499, 0.49, 37.86869
175, 708, -0.0011999999405816197, -0.648799967893865, False, 35.118515, -0.16571958, 0.0, -2.4744322, 7.6713195, 0.49, 37.87318
175, 709, -0.0011999999405816197, -0.6499999678344466, False, 34.998512, -0.06985906, 0.0, 0.65701556, 7.6541653, 0.49, 37.876965
175, 710, -0.0011999999405816197, -0.6511999677750282, False, 34.87851, -0.00016595144, 0.0, 0.13717027, 7.6718955, 0.49, 37.877605
175, 711, -0.0011999999405816197, -0.6523999677156098, False, 34.758507, -0.17851616, 0.0, 2.5981817, 7.7798805, 0.49, 37.87886
175, 712, -0.0011999999405816197, -0.6535999676561914, False, 34.638504, -0.2452868, 0.0, 1.4010223, 7.886694, 0.49, 37.87873
175, 713, -0.0011999999405816197, -0.6547999675967731, False, 34.5185, -0.043922782, 0.0, 0.6392659, 7.939339, 0.49, 37.878666
175, 714, -0.0011999999405816197, -0.6559999675373547, False, 34.3985, 0.08454779, 0.0, -1.9009707, 7.875422, 0.49, 37.887127
175, 715, -0.0011999999405816197, -0.6571999674779363, False, 34.278496, -0.057737187, 0.0, -0.95676595, 7.8013864, 0.49, 37.896812
175, 716, -0.0011999999405816197, -0.6583999674185179, False, 34.158493, 0.01484371, 0.0, -0.33374682, 7.7702627, 0.49, 37.900883
175, 717, -0.0011999999405816197, -0.6595999673590995, False, 34.03849, 0.0, 0.0, 0.0, 7.7659454, 0.49, 37.901443
175, 718, -0.0011999999405816197, -0.6607999672996812, False, 33.918488, 0.0, 0.0, 0.0, 7.7659454, 0.49, 37.901443
175, 719, -0.0011999999405816197, -0.6619999672402628, False, 33.798485, 0.0, 0.0, 0.0, 7.7659454, 0.49, 37.901443
175, 720, -0.0011999999405816197, -0.6631999671808444, False, 33.678482, 0.0, 0.0, 0.0, 7.7659454, 0.49, 37.901443
175, 721, -0.0011999999405816197, -0.664399967121426, False, 33.55848, 1.1920929e-07, 0.0, 2.4810266, 7.864738, 0.49, 37.88402
175, 722, -0.0011999999405816197, -0.6655999670620076, False, 33.438477, 0.14015354, 0.0, 1.3334702, 7.964364, 0.49, 37.866455
175, 723, -0.0011999999405816197, -0.6667999670025893, False, 33.318474, 0.0012370758, 0.0, -1.4841098, 7.925921, 0.49, 37.862087
175, 724, -0.0011999999405816197, -0.6679999669431709, False, 33.19847, 0.07181431, 0.0, -0.67782915, 7.87048, 0.49, 37.860104
175, 725, -0.0011999999405816197, -0.6691999668837525, False, 33.07847, 0.00012589432, 0.0, -0.15099253, 7.8517923, 0.49, 37.859436
175, 726, -0.0011999999405816197, -0.6703999668243341, False, 32.958466, 0.0, 0.0, 0.0, 7.8514385, 0.49, 37.859425
175, 727, -0.0011999999405816197, -0.6715999667649157, False, 32.838463, 0.0, 0.0, 0.0, 7.8514385, 0.49, 37.859425
175, 728, -0.0011999999405816197, -0.6727999667054974, False, 32.71846, 0.0, 0.0, 0.0, 7.8514385, 0.49, 37.859425
175, 729, -0.0011999999405816197, -0.673999966646079, False, 32.598457, 0.0, 0.0, 0.0, 7.8514385, 0.49, 37.859425
175, 730, -0.0011999999405816197, -0.6751999665866606, False, 32.478455, 0.0, 0.0, 0.0, 7.8514385, 0.49, 37.859425
175, 731, -0.0011999999405816197, -0.6763999665272422, False, 32.35845, 0.0, 0.0, 0.0, 7.8514385, 0.49, 37.859425
175, 732, -0.0011999999405816197, -0.6775999664678238, False, 32.23845, 0.0, 0.0, 0.0, 7.8514385, 0.49, 37.859425
175, 733, -0.0011999999405816197, -0.6787999664084055, False, 32.118446, 4.4703484e-08, 0.0, 2.4810264, 7.951511, 0.49, 37.85243
175, 734, -0.0011999999405816197, -0.6799999663489871, False, 31.998444, -0.005777411, 0.0, -0.66621226, 7.968694, 0.49, 37.853165
175, 735, -0.0011999999405816197, -0.6811999662895687, False, 31.87844, -0.015933525, 0.0, -0.13991491, 7.9510007, 0.49, 37.856445
175, 736, -0.0011999999405816197, -0.6823999662301503, False, 31.758438, 0.0, 0.0, 0.0, 7.9508276, 0.49, 37.856476
175, 737, -0.0011999999405816197, -0.6835999661707319, False, 31.638435, 0.0, 0.0, 0.0, 7.9508276, 0.49, 37.856476
175, 738, -0.0011999999405816197, -0.6847999661113136, False, 31.518433, 0.0, 0.0, 0.0, 7.9508276, 0.49, 37.856476
175, 739, -0.0011999999405816197, -0.6859999660518952, False, 31.39843, 0.0, 0.0, 0.0, 7.9508276, 0.49, 37.856476
175, 740, -0.0011999999405816197, -0.6871999659924768, False, 31.278427, 0.0, 0.0, 0.0, 7.9508276, 0.49, 37.856476
175, 741, -0.0011999999405816197, -0.6883999659330584, False, 31.158424, 0.0, 0.0, 0.0, 7.9508276, 0.49, 37.856476
175, 742, -0.0011999999405816197, -0.68959996587364, False, 31.038422, 0.0, 0.0, 0.0, 7.9508276, 0.49, 37.856476
175, 743, -0.0011999999405816197, -0.6907999658142217, False, 30.918419, 0.0, 0.0, 0.0, 7.9508276, 0.49, 37.856476
175, 744, -0.0011999999405816197, -0.6919999657548033, False, 30.798416, 0.0, 0.0, 0.0, 7.9508276, 0.49, 37.856476
175, 745, -0.0011999999405816197, -0.6931999656953849, False, 30.678413, -0.16571943, 0.0, -2.4744322, 7.850648, 0.49, 37.860966
175, 746, -0.0011999999405816197, -0.6943999656359665, False, 30.55841, 0.050707713, 0.0, -1.3391603, 7.749584, 0.49, 37.8642
175, 747, -0.0011999999405816197, -0.6955999655765481, False, 30.438408, -0.04258588, 0.0, 1.4801953, 7.787335, 0.49, 37.85755
175, 748, -0.0011999999405816197, -0.6967999655171297, False, 30.318405, 0.051558845, 0.0, 0.67747974, 7.842073, 0.49, 37.849514
175, 749, -0.0011999999405816197, -0.6979999654577114, False, 30.198402, 0.011348415, 0.0, 0.14911726, 7.860475, 0.49, 37.846813
175, 750, -0.0011999999405816197, -0.699199965398293, False, 30.0784, -1.5806386e-17, 0.0, -5.4993088e-17, 7.8608007, 0.49, 37.846767
175, 751, -0.0011999999405816197, -0.7003999653388746, False, 29.958397, -8.20043e-40, 0.0, 1.1726307e-38, 7.8608007, 0.49, 37.846767
175, 752, -0.0011999999405816197, -0.7015999652794562, False, 29.838394, 0.0, 0.0, 0.0, 7.8608007, 0.49, 37.846767
175, 753, -0.0011999999405816197, -0.7027999652200378, False, 29.718391, 0.0, 0.0, 0.0, 7.8608007, 0.49, 37.846767
175, 754, -0.0011999999405816197, -0.7039999651606195, False, 29.598389, 0.0, 0.0, 0.0, 7.8608007, 0.49, 37.846767
175, 755, -0.0011999999405816197, -0.7051999651012011, False, 29.478386, 0.0, 0.0, 0.0, 7.8608007, 0.49, 37.846767
175, 756, -0.0011999999405816197, -0.7063999650417827, False, 29.358383, 0.0, 0.0, 0.0, 7.8608007, 0.49, 37.846767
175, 757, -0.0011999999405816197, -0.7075999649823643, False, 29.23838, 0.0, 0.0, 0.0, 7.8608007, 0.49, 37.846767
175, 758, -0.0011999999405816197, -0.708799964922946, False, 29.118378, 0.0, 0.0, 0.0, 7.8608007, 0.49, 37.846767
175, 759, -0.0011999999405816197, -0.7099999648635276, False, 28.998375, 0.0, 0.0, 0.0, 7.8608007, 0.49, 37.846767
175, 760, -0.0011999999405816197, -0.7111999648041092, False, 28.878372, 0.0, 0.0, 0.0, 7.8608007, 0.49, 37.846767
175, 761, -0.0011999999405816197, -0.7123999647446908, False, 28.75837, 0.0, 0.0, 0.0, 7.8608007, 0.49, 37.846767
175, 762, -0.0011999999405816197, -0.7135999646852724, False, 28.638367, 0.0, 0.0, 0.0, 7.8608007, 0.49, 37.846767
175, 763, -0.0011999999405816197, -0.714799964625854, False, 28.518364, 0.0, 0.0, 0.0, 7.8608007, 0.49, 37.846767
175, 764, -0.0011999999405816197, -0.7159999645664357, False, 28.398361, 0.0, 0.0, 0.0, 7.8608007, 0.49, 37.846767
175, 765, -0.0011999999405816197, -0.7171999645070173, False, 28.278358, 0.0, 0.0, 0.0, 7.8608007, 0.49, 37.846767
175, 766, -0.0011999999405816197, -0.7183999644475989, False, 28.158356, 0.0, 0.0, 0.0, 7.8608007, 0.49, 37.846767
175, 767, -0.0011999999405816197, -0.7195999643881805, False, 28.038353, 0.0, 0.0, 0.0, 7.8608007, 0.49, 37.846767
175, 768, -0.0011999999405816197, -0.7207999643287621, False, 27.91835, 0.0, 0.0, 0.0, 7.8608007, 0.49, 37.846767
175, 769, -0.0011999999405816197, -0.7219999642693438, False, 27.798347, 0.0, 0.0, 0.0, 7.8608007, 0.49, 37.846767
175, 770, -0.0011999999405816197, -0.7231999642099254, False, 27.678345, 0.0, 0.0, 0.0, 7.8608007, 0.49, 37.846767
175, 771, -0.0011999999405816197, -0.724399964150507, False, 27.558342, 0.0, 0.0, 0.0, 7.8608007, 0.49, 37.846767
175, 772, -0.0011999999405816197, -0.7255999640910886, False, 27.43834, 0.0, 0.0, 0.0, 7.8608007, 0.49, 37.846767
175, 773, -0.0011999999405816197, -0.7267999640316702, False, 27.318336, 0.0, 0.0, 0.0, 7.8608007, 0.49, 37.846767
175, 774, -0.0011999999405816197, -0.7279999639722519, False, 27.198334, 0.0, 0.0, 0.0, 7.8608007, 0.49, 37.846767
175, 775, -0.0011999999405816197, -0.7291999639128335, False, 27.078331, 0.0, 0.0, 0.0, 7.8608007, 0.49, 37.846767
175, 776, -0.0011999999405816197, -0.7303999638534151, False, 26.958328, 0.0, 0.0, 0.0, 7.8608007, 0.49, 37.846767
175, 777, -0.0011999999405816197, -0.7315999637939967, False, 26.838326, 0.0, 0.0, 0.0, 7.8608007, 0.49, 37.846767
175, 778, -0.0011999999405816197, -0.7327999637345783, False, 26.718323, 0.0, 0.0, 0.0, 7.8608007, 0.49, 37.846767
175, 779, -0.0011999999405816197, -0.73399996367516, False, 26.59832, 0.0, 0.0, 0.0, 7.8608007, 0.49, 37.846767
175, 780, -0.0011999999405816197, -0.7351999636157416, False, 26.478317, 0.0, 0.0, 0.0, 7.8608007, 0.49, 37.846767
175, 781, -0.0011999999405816197, -0.7363999635563232, False, 26.358315, 0.0, 0.0, 0.0, 7.8608007, 0.49, 37.846767
175, 782, -0.0011999999405816197, -0.7375999634969048, False, 26.238312, 0.0, 0.0, 0.0, 7.8608007, 0.49, 37.846767
175, 783, -0.0011999999405816197, -0.7387999634374864, False, 26.118309, 0.0, 0.0, 0.0, 7.8608007, 0.49, 37.846767
175, 784, -0.0011999999405816197, -0.7399999633780681, False, 25.998306, 0.0, 0.0, 0.0, 7.8608007, 0.49, 37.846767
175, 785, -0.0011999999405816197, -0.7411999633186497, False, 25.878304, 4.4703484e-08, 0.0, -2.4810266, 7.7607284, 0.49, 37.853764
175, 786, -0.0011999999405816197, -0.7423999632592313, False, 25.7583, 0.0057774186, 0.0, 0.6662123, 7.743545, 0.49, 37.853027
175, 787, -0.0011999999405816197, -0.7435999631998129, False, 25.638298, 0.004475236, 0.0, 3.085309, 7.879187, 0.49, 37.828815
175, 788, -0.0011999999405816197, -0.7447999631403945, False, 25.518295, 0.18443075, 0.0, 1.730588, 8.006054, 0.49, 37.80625
175, 789, -0.0011999999405816197, -0.7459999630809762, False, 25.398293, 0.058422126, 0.0, -1.1425624, 7.9890566, 0.49, 37.798218
175, 790, -0.0011999999405816197, -0.7471999630215578, False, 25.27829, 0.07088049, 0.0, -0.45123425, 7.949312, 0.49, 37.794792
175, 791, -0.0011999999405816197, -0.7483999629621394, False, 25.158287, 0.26116765, 0.0, -2.875988, 7.823919, 0.49, 37.802597
175, 792, -0.0011999999405816197, -0.749599962902721, False, 25.038284, 0.1455865, 0.0, -1.6032043, 7.7045345, 0.49, 37.812645
175, 793, -0.0011999999405816197, -0.7507999628433026, False, 24.918282, 0.069160685, 0.0, -0.7615995, 7.643514, 0.49, 37.817783
175, 794, -0.0011999999405816197, -0.7519999627838843, False, 24.798279, 0.018625438, 0.0, -0.20510395, 7.6210847, 0.49, 37.81967
175, 795, -0.0011999999405816197, -0.7531999627244659, False, 24.678276, 0.0, 0.0, 0.0, 7.619771, 0.49, 37.819782
175, 796, -0.0011999999405816197, -0.7543999626650475, False, 24.558273, 0.0, 0.0, 0.0, 7.619771, 0.49, 37.819782
175, 797, -0.0011999999405816197, -0.7555999626056291, False, 24.43827, 0.0, 0.0, 0.0, 7.619771, 0.49, 37.819782
175, 798, -0.0011999999405816197, -0.7567999625462107, False, 24.318268, 0.0, 0.0, 0.0, 7.619771, 0.49, 37.819782
175, 799, -0.0011999999405816197, -0.7579999624867924, False, 24.198265, 0.0, 0.0, 0.0, 7.619771, 0.49, 37.819782
175, 800, -0.0011999999405816197, -0.759199962427374, False, 24.078262, 0.0, 0.0, 0.0, 7.619771, 0.49, 37.819782
175, 801, -0.0011999999405816197, -0.7603999623679556, False, 23.95826, 0.0, 0.0, 0.0, 7.619771, 0.49, 37.819782
175, 802, -0.0011999999405816197, -0.7615999623085372, False, 23.838257, 0.0, 0.0, 0.0, 7.619771, 0.49, 37.819782
175, 803, -0.0011999999405816197, -0.7627999622491188, False, 23.718254, 0.0, 0.0, 0.0, 7.619771, 0.49, 37.819782
175, 804, -0.0011999999405816197, -0.7639999621897005, False, 23.598251, 0.0, 0.0, 0.0, 7.619771, 0.49, 37.819782
175, 805, -0.0011999999405816197, -0.7651999621302821, False, 23.478249, -0.16571933, 0.0, 2.4744325, 7.7200465, 0.49, 37.820774
175, 806, -0.0011999999405816197, -0.7663999620708637, False, 23.358246, -0.2288281, 0.0, 1.3204391, 7.8211613, 0.49, 37.820473
175, 807, -0.0011999999405816197, -0.7675999620114453, False, 23.238243, -0.0391857, 0.0, 0.5851009, 7.8700385, 0.49, 37.82033
175, 808, -0.0011999999405816197, -0.7687999619520269, False, 23.11824, -0.021894068, 0.0, -1.9508224, 7.802864, 0.49, 37.826496
175, 809, -0.0011999999405816197, -0.7699999618926086, False, 22.998238, 0.09245633, 0.0, -0.9859832, 7.726246, 0.49, 37.832718
175, 810, -0.0011999999405816197, -0.7711999618331902, False, 22.878235, -2.9802322e-08, 0.0, 1.6807642, 7.776171, 0.49, 37.8239
175, 811, -0.0011999999405816197, -0.7723999617737718, False, 22.758232, 0.0, 0.0, 0.81165636, 7.8396797, 0.49, 37.812702
175, 812, -0.0011999999405816197, -0.7735999617143534, False, 22.63823, 0.024770651, 0.0, 0.23567675, 7.8639636, 0.49, 37.80842
175, 813, -0.0011999999405816197, -0.774799961654935, False, 22.518227, -2.4395416e-17, 0.0, -4.4687987e-16, 7.8657985, 0.49, 37.808094
175, 814, -0.0011999999405816197, -0.7759999615955167, False, 22.398224, -0.16571943, 0.0, -2.4744322, 7.765619, 0.49, 37.812584
175, 815, -0.0011999999405816197, -0.7771999615360983, False, 22.278221, 0.05070767, 0.0, -1.3391603, 7.664555, 0.49, 37.81582
175, 816, -0.0011999999405816197, -0.7783999614766799, False, 22.158218, 0.02383931, 0.0, 1.4788437, 7.7025204, 0.49, 37.811504
175, 817, -0.0011999999405816197, -0.7795999614172615, False, 22.038216, 0.08176172, 0.0, 0.673321, 7.7575607, 0.49, 37.806763
175, 818, -0.0011999999405816197, -0.7807999613578431, False, 21.918213, 0.002397948, 0.0, 0.14875436, 7.776038, 0.49, 37.80517
175, 819, -0.0011999999405816197, -0.7819999612984248, False, 21.79821, 1.937022e-18, 0.0, 5.5477346e-17, 7.7763524, 0.49, 37.80514
175, 820, -0.0011999999405816197, -0.7831999612390064, False, 21.678207, 8.20048e-40, 0.0, -1.1726305e-38, 7.7763524, 0.49, 37.80514
175, 821, -0.0011999999405816197, -0.784399961179588, False, 21.558205, 7.4505806e-08, 0.0, 2.4810266, 7.876425, 0.49, 37.798145
175, 822, -0.0011999999405816197, -0.7855999611201696, False, 21.438202, -0.1401538, 0.0, 1.33347, 7.977342, 0.49, 37.79109
175, 823, -0.0011999999405816197, -0.7867999610607512, False, 21.3182, -3.7252903e-09, 0.0, 0.5868714, 8.026133, 0.49, 37.787674
175, 824, -0.0011999999405816197, -0.7879999610013328, False, 21.198196, -0.11205199, 0.0, -1.944892, 7.9588814, 0.49, 37.78992
175, 825, -0.0011999999405816197, -0.7891999609419145, False, 21.078194, 0.04660753, 0.0, -0.98733926, 7.88216, 0.49, 37.791656
175, 826, -0.0011999999405816197, -0.7903999608824961, False, 20.95819, 0.05354283, 0.0, -0.34979483, 7.8494077, 0.49, 37.7924
175, 827, -0.0011999999405816197, -0.7915999608230777, False, 20.838188, -4.0363562e-10, 0.0, 7.4405504e-09, 7.8444076, 0.49, 37.792515
175, 828, -0.0011999999405816197, -0.7927999607636593, False, 20.718185, 8.547317e-32, 0.0, -1.5755978e-30, 7.8444076, 0.49, 37.792515
175, 829, -0.0011999999405816197, -0.793999960704241, False, 20.598183, 0.0, 0.0, 0.0, 7.8444076, 0.49, 37.792515
175, 830, -0.0011999999405816197, -0.7951999606448226, False, 20.47818, 0.0, 0.0, 0.0, 7.8444076, 0.49, 37.792515
175, 831, -0.0011999999405816197, -0.7963999605854042, False, 20.358177, 0.0, 0.0, 0.0, 7.8444076, 0.49, 37.792515
175, 832, -0.0011999999405816197, -0.7975999605259858, False, 20.238174, 0.0, 0.0, 0.0, 7.8444076, 0.49, 37.792515
175, 833, -0.0011999999405816197, -0.7987999604665674, False, 20.118172, 0.0, 0.0, 0.0, 7.8444076, 0.49, 37.792515
175, 834, -0.0011999999405816197, -0.799999960407149, False, 19.998169, 0.0, 0.0, 0.0, 7.8444076, 0.49, 37.792515
175, 835, -0.0011999999405816197, -0.8011999603477307, False, 19.878166, -0.16571933, 0.0, 2.4744325, 7.944683, 0.49, 37.793507
175, 836, -0.0011999999405816197, -0.8023999602883123, False, 19.758163, -0.08737421, 0.0, -0.66820556, 7.9625244, 0.49, 37.80076
175, 837, -0.0011999999405816197, -0.8035999602288939, False, 19.63816, -0.033930972, 0.0, -0.14188108, 7.945023, 0.49, 37.80626
175, 838, -0.0011999999405816197, -0.8047999601694755, False, 19.518158, 0.15409175, 0.0, -2.605178, 7.8373423, 0.49, 37.817944
175, 839, -0.0011999999405816197, -0.8059999601100571, False, 19.398155, 0.08004533, 0.0, 0.54783803, 7.812403, 0.49, 37.81588
175, 840, -0.0011999999405816197, -0.8071999600506388, False, 19.278152, 0.009596411, 0.0, 0.065678835, 7.8245883, 0.49, 37.811848
175, 841, -0.0011999999405816197, -0.8083999599912204, False, 19.15815, 0.0, 0.0, 0.0, 7.824597, 0.49, 37.811844
175, 842, -0.0011999999405816197, -0.809599959931802, False, 19.038147, 0.0, 0.0, 0.0, 7.824597, 0.49, 37.811844
175, 843, -0.0011999999405816197, -0.8107999598723836, False, 18.918144, 0.0, 0.0, 0.0, 7.824597, 0.49, 37.811844
175, 844, -0.0011999999405816197, -0.8119999598129652, False, 18.798141, 0.0, 0.0, 0.0, 7.824597, 0.49, 37.811844
175, 845, -0.0011999999405816197, -0.8131999597535469, False, 18.678139, 0.0, 0.0, 0.0, 7.824597, 0.49, 37.811844
175, 846, -0.0011999999405816197, -0.8143999596941285, False, 18.558136, 0.0, 0.0, 0.0, 7.824597, 0.49, 37.811844
175, 847, -0.0011999999405816197, -0.8155999596347101, False, 18.438133, 0.0, 0.0, 0.0, 7.824597, 0.49, 37.811844
175, 848, -0.0011999999405816197, -0.8167999595752917, False, 18.31813, 0.0, 0.0, 0.0, 7.824597, 0.49, 37.811844
175, 849, -0.0011999999405816197, -0.8179999595158733, False, 18.198128, 0.0, 0.0, 0.0, 7.824597, 0.49, 37.811844
175, 850, -0.0011999999405816197, -0.819199959456455, False, 18.078125, 0.0, 0.0, 0.0, 7.824597, 0.49, 37.811844
175, 851, -0.0011999999405816197, -0.8203999593970366, False, 17.958122, 0.0, 0.0, 0.0, 7.824597, 0.49, 37.811844
175, 852, -0.0011999999405816197, -0.8215999593376182, False, 17.83812, 0.0, 0.0, 0.0, 7.824597, 0.49, 37.811844
175, 853, -0.0011999999405816197, -0.8227999592781998, False, 17.718117, 7.4505806e-08, 0.0, 2.4810266, 7.9246693, 0.49, 37.804848
175, 854, -0.0011999999405816197, -0.8239999592187814, False, 17.598114, -0.1401538, 0.0, 1.33347, 8.025586, 0.49, 37.79779
175, 855, -0.0011999999405816197, -0.8251999591593631, False, 17.478111, -0.1333684, 0.0, -1.4682033, 7.988583, 0.49, 37.806698
175, 856, -0.0011999999405816197, -0.8263999590999447, False, 17.358109, 0.0095394775, 0.0, -0.6750341, 7.934265, 0.49, 37.815483
175, 857, -0.0011999999405816197, -0.8275999590405263, False, 17.238106, -0.013269501, 0.0, -0.14607906, 7.9161005, 0.49, 37.818424
175, 858, -0.0011999999405816197, -0.8287999589811079, False, 17.118103, 0.0, 0.0, 0.0, 7.9158254, 0.49, 37.81847
175, 859, -0.0011999999405816197, -0.8299999589216895, False, 16.9981, -0.16571951, 0.0, -2.4744322, 7.8156457, 0.49, 37.82296
175, 860, -0.0011999999405816197, -0.8311999588622712, False, 16.878098, 0.05070763, 0.0, -1.3391602, 7.714582, 0.49, 37.826195
175, 861, -0.0011999999405816197, -0.8323999588028528, False, 16.758095, 0.023839265, 0.0, 1.4788436, 7.7525473, 0.49, 37.82188
175, 862, -0.0011999999405816197, -0.8335999587434344, False, 16.638092, 0.08176172, 0.0, 0.673321, 7.8075876, 0.49, 37.81714
175, 863, -0.0011999999405816197, -0.834799958684016, False, 16.51809, 0.002397948, 0.0, 0.14875436, 7.826065, 0.49, 37.815544
175, 864, -0.0011999999405816197, -0.8359999586245976, False, 16.398087, -9.639731e-18, 0.0, 5.466776e-17, 7.8263793, 0.49, 37.815517
175, 865, -0.0011999999405816197, -0.8371999585651793, False, 16.278084, 8.20048e-40, 0.0, -1.1726305e-38, 7.8263793, 0.49, 37.815517
175, 866, -0.0011999999405816197, -0.8383999585057609, False, 16.158081, 0.0, 0.0, 0.0, 7.8263793, 0.49, 37.815517
175, 867, -0.0011999999405816197, -0.8395999584463425, False, 16.038078, 0.0, 0.0, 0.0, 7.8263793, 0.49, 37.815517
175, 868, -0.0011999999405816197, -0.8407999583869241, False, 15.918078, 0.0, 0.0, 0.0, 7.8263793, 0.49, 37.815517
175, 869, -0.0011999999405816197, -0.8419999583275057, False, 15.798079, 0.0, 0.0, 0.0, 7.8263793, 0.49, 37.815517
175, 870, -0.0011999999405816197, -0.8431999582680874, False, 15.678079, 0.0, 0.0, 0.0, 7.8263793, 0.49, 37.815517
175, 871, -0.0011999999405816197, -0.844399958208669, False, 15.558079, 0.0, 0.0, 0.0, 7.8263793, 0.49, 37.815517
175, 872, -0.0011999999405816197, -0.8455999581492506, False, 15.438079, -7.4505806e-08, 0.0, -2.4810266, 7.726307, 0.49, 37.822514
175, 873, -0.0011999999405816197, -0.8467999580898322, False, 15.318079, -1.8626451e-08, 0.0, 0.6648048, 7.7093406, 0.49, 37.823704
175, 874, -0.0011999999405816197, -0.8479999580304138, False, 15.198079, -0.014620653, 0.0, 0.13910577, 7.7272253, 0.49, 37.822453
175, 875, -0.0011999999405816197, -0.8491999579709955, False, 15.078079, -1.7304972e-18, 0.0, -1.2101776e-19, 7.727384, 0.49, 37.82244
175, 876, -0.0011999999405816197, -0.8503999579115771, False, 14.958079, 0.0, 0.0, 0.0, 7.727384, 0.49, 37.82244
175, 877, -0.0011999999405816197, -0.8515999578521587, False, 14.838079, -0.16571927, 0.0, -2.4744325, 7.628223, 0.49, 37.83738
175, 878, -0.0011999999405816197, -0.8527999577927403, False, 14.71808, 0.050707698, 0.0, -1.3391604, 7.528051, 0.49, 37.851154
175, 879, -0.0011999999405816197, -0.8539999577333219, False, 14.59808, 0.023839235, 0.0, 1.4788437, 7.565357, 0.49, 37.8429
175, 880, -0.0011999999405816197, -0.8551999576739036, False, 14.47808, 0.010932371, 0.0, 0.678179, 7.6196003, 0.49, 37.83243
175, 881, -0.0011999999405816197, -0.8563999576144852, False, 14.35808, 0.017933942, 0.0, 0.14768887, 7.63781, 0.49, 37.828915
175, 882, -0.0011999999405816197, -0.8575999575550668, False, 14.23808, 3.161272e-17, 0.0, 1.0998618e-16, 7.6381197, 0.49, 37.828854
175, 883, -0.0011999999405816197, -0.8587999574956484, False, 14.11808, 1.640097e-39, 0.0, -2.345261e-38, 7.6381197, 0.49, 37.828854
175, 884, -0.0011999999405816197, -0.85999995743623, False, 13.99808, 0.0, 0.0, 0.0, 7.6381197, 0.49, 37.828854
175, 885, -0.0011999999405816197, -0.8611999573768117, False, 13.87808, -0.16571933, 0.0, 2.4744325, 7.738395, 0.49, 37.829845
175, 886, -0.0011999999405816197, -0.8623999573173933, False, 13.7580805, -0.22882834, 0.0, 1.3204392, 7.83951, 0.49, 37.829544
175, 887, -0.0011999999405816197, -0.8635999572579749, False, 13.638081, -0.03918576, 0.0, 0.585101, 7.888387, 0.49, 37.829403
175, 888, -0.0011999999405816197, -0.8647999571985565, False, 13.518081, -0.005882824, 0.0, 0.08783921, 7.9027233, 0.49, 37.82936
175, 889, -0.0011999999405816197, -0.8659999571391381, False, 13.398081, -1.0269787e-24, 0.0, -2.6450052e-23, 7.9027357, 0.49, 37.82936
175, 890, -0.0011999999405816197, -0.8671999570797198, False, 13.278081, 0.0, 0.0, 0.0, 7.9027357, 0.49, 37.82936
175, 891, -0.0011999999405816197, -0.8683999570203014, False, 13.158081, 0.16571924, 0.0, -2.4744325, 7.8029065, 0.49, 37.838856
175, 892, -0.0011999999405816197, -0.869599956960883, False, 13.038081, 0.08955079, 0.0, -1.3371248, 7.7023764, 0.49, 37.84972
175, 893, -0.0011999999405816197, -0.8707999569014646, False, 12.918081, 0.039185785, 0.0, -0.5851011, 7.653782, 0.49, 37.854973
175, 894, -0.0011999999405816197, -0.8719999568420462, False, 12.798081, 0.0058828304, 0.0, -0.087839305, 7.6395288, 0.49, 37.856518
175, 895, -0.0011999999405816197, -0.8731999567826279, False, 12.6780815, -1.3381296e-24, 0.0, 2.6642193e-23, 7.6395164, 0.49, 37.856518
175, 896, -0.0011999999405816197, -0.8743999567232095, False, 12.558082, 0.0, 0.0, 0.0, 7.6395164, 0.49, 37.856518
175, 897, -0.0011999999405816197, -0.8755999566637911, False, 12.438082, 0.0, 0.0, 0.0, 7.6395164, 0.49, 37.856518
175, 898, -0.0011999999405816197, -0.8767999566043727, False, 12.318082, 0.0, 0.0, 0.0, 7.6395164, 0.49, 37.856518
175, 899, -0.0011999999405816197, -0.8779999565449543, False, 12.198082, 0.0, 0.0, 0.0, 7.6395164, 0.49, 37.856518
175, 900, -0.0011999999405816197, -0.879199956485536, False, 12.078082, -0.16571933, 0.0, 2.4744325, 7.739792, 0.49, 37.85751
175, 901, -0.0011999999405816197, -0.8803999564261176, False, 11.958082, -0.2288281, 0.0, 1.3204391, 7.8409066, 0.49, 37.85721
175, 902, -0.0011999999405816197, -0.8815999563666992, False, 11.838082, -0.0391857, 0.0, 0.5851009, 7.889784, 0.49, 37.857067
175, 903, -0.0011999999405816197, -0.8827999563072808, False, 11.718082, -0.015032287, 0.0, 0.08674304, 7.90412, 0.49, 37.857025
175, 904, -0.0011999999405816197, -0.8839999562478624, False, 11.598083, 0.0, 0.0, 0.0, 7.9041324, 0.49, 37.857025
175, 905, -0.0011999999405816197, -0.885199956188444, False, 11.478083, 0.0, 0.0, 0.0, 7.9041324, 0.49, 37.857025
175, 906, -0.0011999999405816197, -0.8863999561290257, False, 11.358083, 0.0, 0.0, 0.0, 7.9041324, 0.49, 37.857025
175, 907, -0.0011999999405816197, -0.8875999560696073, False, 11.238083, 0.0, 0.0, 0.0, 7.9041324, 0.49, 37.857025
175, 908, -0.0011999999405816197, -0.8887999560101889, False, 11.118083, 0.0, 0.0, 0.0, 7.9041324, 0.49, 37.857025
175, 909, -0.0011999999405816197, -0.8899999559507705, False, 10.998083, 0.0, 0.0, 0.0, 7.9041324, 0.49, 37.857025
175, 910, -0.0011999999405816197, -0.8911999558913521, False, 10.878083, 0.0, 0.0, 0.0, 7.9041324, 0.49, 37.857025
175, 911, -0.0011999999405816197, -0.8923999558319338, False, 10.758083, 0.16571936, 0.0, -2.4744325, 7.804303, 0.49, 37.86652
175, 912, -0.0011999999405816197, -0.8935999557725154, False, 10.638083, -0.050707728, 0.0, -1.3391606, 7.703773, 0.49, 37.877384
175, 913, -0.0011999999405816197, -0.894799955713097, False, 10.518084, 0.039185654, 0.0, -0.585101, 7.6551785, 0.49, 37.882637
175, 914, -0.0011999999405816197, -0.8959999556536786, False, 10.398084, 0.021893919, 0.0, 1.9508224, 7.7213407, 0.49, 37.869488
175, 915, -0.0011999999405816197, -0.8971999555942602, False, 10.278084, 0.01111348, 0.0, 0.99024636, 7.796889, 0.49, 37.855293
175, 916, -0.0011999999405816197, -0.8983999555348419, False, 10.158084, 0.041079596, 0.0, 0.35272136, 7.82917, 0.49, 37.849228
175, 917, -0.0011999999405816197, -0.8995999554754235, False, 10.038084, 6.691704e-10, 0.0, 3.781185e-09, 7.834125, 0.49, 37.848297
175, 918, -0.0011999999405816197, -0.9007999554160051, False, 9.918084, -2.2462188e-31, 0.0, -7.814989e-31, 7.834125, 0.49, 37.848297
175, 919, -0.0011999999405816197, -0.9019999553565867, False, 9.798084, 0.0, 0.0, 0.0, 7.834125, 0.49, 37.848297
175, 920, -0.0011999999405816197, -0.9031999552971683, False, 9.678084, 0.0, 0.0, 0.0, 7.834125, 0.49, 37.848297
175, 921, -0.0011999999405816197, -0.90439995523775, False, 9.5580845, 0.0, 0.0, 0.0, 7.834125, 0.49, 37.848297
175, 922, -0.0011999999405816197, -0.9055999551783316, False, 9.438085, 0.0, 0.0, 0.0, 7.834125, 0.49, 37.848297
175, 923, -0.0011999999405816197, -0.9067999551189132, False, 9.318085, 0.0, 0.0, 0.0, 7.834125, 0.49, 37.848297
175, 924, -0.0011999999405816197, -0.9079999550594948, False, 9.198085, 0.0, 0.0, 0.0, 7.834125, 0.49, 37.848297
175, 925, -0.0011999999405816197, -0.9091999550000764, False, 9.078085, 0.0, 0.0, 0.0, 7.834125, 0.49, 37.848297
175, 926, -0.0011999999405816197, -0.9103999549406581, False, 8.958085, 0.0, 0.0, 0.0, 7.834125, 0.49, 37.848297
175, 927, -0.0011999999405816197, -0.9115999548812397, False, 8.838085, -7.4505806e-08, 0.0, -2.4810266, 7.7340527, 0.49, 37.855293
175, 928, -0.0011999999405816197, -0.9127999548218213, False, 8.718085, 0.005777389, 0.0, 0.6662123, 7.7168694, 0.49, 37.854557
175, 929, -0.0011999999405816197, -0.9139999547624029, False, 8.598085, 0.0044754148, 0.0, 3.0853093, 7.8525114, 0.49, 37.830345
175, 930, -0.0011999999405816197, -0.9151999547029845, False, 8.4780855, 0.1844311, 0.0, 1.7305877, 7.979378, 0.49, 37.80778
175, 931, -0.0011999999405816197, -0.9163999546435662, False, 8.358086, 0.05842238, 0.0, -1.1425624, 7.962381, 0.49, 37.799747
175, 932, -0.0011999999405816197, -0.9175999545841478, False, 8.238086, 0.07088056, 0.0, -0.45123428, 7.9226365, 0.49, 37.79632
175, 933, -0.0011999999405816197, -0.9187999545247294, False, 8.118086, 0.00011801833, 0.0, -0.0023080811, 7.9142723, 0.49, 37.7956
175, 934, -0.0011999999405816197, -0.919999954465311, False, 7.998086, 8.458644e-05, 0.0, -2.4831204, 7.813887, 0.49, 37.79209
175, 935, -0.0011999999405816197, -0.9211999544058926, False, 7.878086, 0.0060455166, 0.0, 0.6643416, 7.796758, 0.49, 37.78955
175, 936, -0.0011999999405816197, -0.9223999543464743, False, 7.758086, 0.10808481, 0.0, -1.8746665, 7.734179, 0.49, 37.79617
175, 937, -0.0011999999405816197, -0.9235999542870559, False, 7.6380863, 0.044356823, 0.0, 0.99937034, 7.7417226, 0.49, 37.79106
175, 938, -0.0011999999405816197, -0.9247999542276375, False, 7.5180864, 0.016040325, 0.0, 0.36139214, 7.774235, 0.49, 37.78383
175, 939, -0.0011999999405816197, -0.9259999541682191, False, 7.3980865, 0.0, 0.0, 0.0, 7.779369, 0.49, 37.78269
175, 940, -0.0011999999405816197, -0.9271999541088007, False, 7.2780867, 0.0, 0.0, 0.0, 7.779369, 0.49, 37.78269
175, 941, -0.0011999999405816197, -0.9283999540493824, False, 7.158087, 0.0, 0.0, 0.0, 7.779369, 0.49, 37.78269
175, 942, -0.0011999999405816197, -0.929599953989964, False, 7.038087, 0.0, 0.0, 0.0, 7.779369, 0.49, 37.78269
175, 943, -0.0011999999405816197, -0.9307999539305456, False, 6.918087, 0.0, 0.0, 0.0, 7.779369, 0.49, 37.78269
175, 944, -0.0011999999405816197, -0.9319999538711272, False, 6.798087, 0.0, 0.0, 0.0, 7.779369, 0.49, 37.78269
175, 945, -0.0011999999405816197, -0.9331999538117088, False, 6.678087, 0.0, 0.0, 0.0, 7.779369, 0.49, 37.78269
175, 946, -0.0011999999405816197, -0.9343999537522905, False, 6.5580873, 0.0, 0.0, 0.0, 7.779369, 0.49, 37.78269
175, 947, -0.0011999999405816197, -0.9355999536928721, False, 6.4380875, 0.0, 0.0, 0.0, 7.779369, 0.49, 37.78269
175, 948, -0.0011999999405816197, -0.9367999536334537, False, 6.3180876, 0.0, 0.0, 0.0, 7.779369, 0.49, 37.78269
175, 949, -0.0011999999405816197, -0.9379999535740353, False, 6.1980877, 0.0, 0.0, 0.0, 7.779369, 0.49, 37.78269
175, 950, -0.0011999999405816197, -0.9391999535146169, False, 6.078088, 0.0, 0.0, 0.0, 7.779369, 0.49, 37.78269
175, 951, -0.0011999999405816197, -0.9403999534551986, False, 5.958088, 0.0, 0.0, 0.0, 7.779369, 0.49, 37.78269
175, 952, -0.0011999999405816197, -0.9415999533957802, False, 5.838088, 0.0, 0.0, 0.0, 7.779369, 0.49, 37.78269
175, 953, -0.0011999999405816197, -0.9427999533363618, False, 5.718088, 0.0, 0.0, 0.0, 7.779369, 0.49, 37.78269
175, 954, -0.0011999999405816197, -0.9439999532769434, False, 5.5980883, 0.0, 0.0, 0.0, 7.779369, 0.49, 37.78269
175, 955, -0.0011999999405816197, -0.945199953217525, False, 5.4780884, 0.0, 0.0, 0.0, 7.779369, 0.49, 37.78269
175, 956, -0.0011999999405816197, -0.9463999531581067, False, 5.3580885, 0.0, 0.0, 0.0, 7.779369, 0.49, 37.78269
175, 957, -0.0011999999405816197, -0.9475999530986883, False, 5.2380886, 0.0, 0.0, 0.0, 7.779369, 0.49, 37.78269
175, 958, -0.0011999999405816197, -0.9487999530392699, False, 5.1180887, 0.0, 0.0, 0.0, 7.779369, 0.49, 37.78269
175, 959, -0.0011999999405816197, -0.9499999529798515, False, 4.998089, 0.0, 0.0, 0.0, 7.779369, 0.49, 37.78269
175, 960, -0.0011999999405816197, -0.9511999529204331, False, 4.878089, 0.0, 0.0, 0.0, 7.779369, 0.49, 37.78269
175, 961, -0.0011999999405816197, -0.9523999528610148, False, 4.758089, -0.16571933, 0.0, 2.4744325, 7.8796444, 0.49, 37.78368
175, 962, -0.0011999999405816197, -0.9535999528015964, False, 4.638089, -0.22882834, 0.0, 1.3204392, 7.980759, 0.49, 37.78338
175, 963, -0.0011999999405816197, -0.954799952742178, False, 4.5180893, -0.03918576, 0.0, 0.585101, 8.029636, 0.49, 37.783237
175, 964, -0.0011999999405816197, -0.9559999526827596, False, 4.3980894, -0.13402462, 0.0, -1.9445803, 7.9623613, 0.49, 37.78695
175, 965, -0.0011999999405816197, -0.9571999526233412, False, 4.2780895, 0.035509557, 0.0, -0.988513, 7.8856153, 0.49, 37.789555
175, 966, -0.0011999999405816197, -0.9583999525639229, False, 4.1580896, -0.02436405, 0.0, -0.35350105, 7.8528404, 0.49, 37.79067
175, 967, -0.0011999999405816197, -0.9595999525045045, False, 4.0380898, 1.4375197e-10, 0.0, -3.7243357e-09, 7.8478265, 0.49, 37.79084
175, 968, -0.0011999999405816197, -0.9607999524450861, False, 3.9180899, 5.216363e-32, 0.0, 7.875203e-31, 7.8478265, 0.49, 37.79084
175, 969, -0.0011999999405816197, -0.9619999523856677, False, 3.79809, 0.0, 0.0, 0.0, 7.8478265, 0.49, 37.79084
175, 970, -0.0011999999405816197, -0.9631999523262493, False, 3.67809, -0.16571924, 0.0, 2.4744325, 7.9476557, 0.49, 37.781345
175, 971, -0.0011999999405816197, -0.964399952266831, False, 3.5580902, 0.050707817, 0.0, 1.3391606, 8.048186, 0.49, 37.77048
175, 972, -0.0011999999405816197, -0.9655999522074126, False, 3.4380903, -0.04258595, 0.0, -1.4801949, 8.009878, 0.49, 37.769154
175, 973, -0.0011999999405816197, -0.9667999521479942, False, 3.3180904, 0.051558863, 0.0, -0.6774797, 7.9545546, 0.49, 37.768814
175, 974, -0.0011999999405816197, -0.9679999520885758, False, 3.1980906, 0.2683628, 0.0, -3.081498, 7.8165374, 0.49, 37.77843
175, 975, -0.0011999999405816197, -0.9691999520291574, False, 3.0780907, 0.15144628, 0.0, -1.7389954, 7.687817, 0.49, 37.789745
175, 976, -0.0011999999405816197, -0.970399951969739, False, 2.9580908, 0.074137576, 0.0, -0.85129094, 7.620617, 0.49, 37.79565
175, 977, -0.0011999999405816197, -0.9715999519103207, False, 2.838091, 0.023018563, 0.0, -0.26431268, 7.5940967, 0.49, 37.79798
175, 978, -0.0011999999405816197, -0.9727999518509023, False, 2.718091, 2.2450089e-17, 0.0, -4.4698183e-16, 7.591746, 0.49, 37.798187
175, 979, -0.0011999999405816197, -0.9739999517914839, False, 2.5980911, -4.753992e-39, 0.0, 9.465208e-38, 7.591746, 0.49, 37.798187
175, 980, -0.0011999999405816197, -0.9751999517320655, False, 2.4780912, 0.0, 0.0, 0.0, 7.591746, 0.49, 37.798187
175, 981, -0.0011999999405816197, -0.9763999516726471, False, 2.3580914, 0.0, 0.0, 0.0, 7.591746, 0.49, 37.798187
175, 982, -0.0011999999405816197, -0.9775999516132288, False, 2.2380915, 0.0, 0.0, 0.0, 7.591746, 0.49, 37.798187
175, 983, -0.0011999999405816197, -0.9787999515538104, False, 2.1180916, 0.0, 0.0, 0.0, 7.591746, 0.49, 37.798187
175, 984, -0.0011999999405816197, -0.979999951494392, False, 1.9980917, 0.0, 0.0, 0.0, 7.591746, 0.49, 37.798187
175, 985, -0.0011999999405816197, -0.9811999514349736, False, 1.8780918, 0.0, 0.0, 0.0, 7.591746, 0.49, 37.798187
175, 986, -0.0011999999405816197, -0.9823999513755552, False, 1.7580919, -0.1657193, 0.0, 2.4744327, 7.691368, 0.49, 37.809654
175, 987, -0.0011999999405816197, -0.9835999513161369, False, 1.638092, -0.22882818, 0.0, 1.3204392, 7.7919607, 0.49, 37.819927
175, 988, -0.0011999999405816197, -0.9847999512567185, False, 1.5180922, -0.15997913, 0.0, 0.56416804, 7.8405857, 0.49, 37.82489
175, 989, -0.0011999999405816197, -0.9859999511973001, False, 1.3980923, -0.01503233, 0.0, 0.08674318, 7.8548474, 0.49, 37.826347
175, 990, -0.0011999999405816197, -0.9871999511378817, False, 1.2780924, -5.147243e-24, 0.0, 2.617447e-23, 7.85486, 0.49, 37.826347
175, 991, -0.0011999999405816197, -0.9883999510784633, False, 1.1580925, 0.0, 0.0, 0.0, 7.85486, 0.49, 37.826347
175, 992, -0.0011999999405816197, -0.989599951019045, False, 1.0380926, 0.0, 0.0, 0.0, 7.85486, 0.49, 37.826347
175, 993, -0.0011999999405816197, -0.9907999509596266, False, 0.91809255, 0.0, 0.0, 0.0, 7.85486, 0.49, 37.826347
175, 994, -0.0011999999405816197, -0.9919999509002082, False, 0.7980925, 0.0, 0.0, 0.0, 7.85486, 0.49, 37.826347
175, 995, -0.0011999999405816197, -0.9931999508407898, False, 0.6780924, 0.0, 0.0, 0.0, 7.85486, 0.49, 37.826347
175, 996, -0.0011999999405816197, -0.9943999507813714, False, 0.55809236, 0.0, 0.0, 0.0, 7.85486, 0.49, 37.826347
175, 997, -0.0011999999405816197, -0.9955999507219531, False, 0.43809235, 0.0, 0.0, 0.0, 7.85486, 0.49, 37.826347
175, 998, -0.0011999999405816197, -0.9967999506625347, False, 0.31809238, 0.0, 0.0, 0.0, 7.85486, 0.49, 37.826347
175, 999, -0.0011999999405816197, -0.9979999506031163, False, 0.1980924, 0.0, 0.0, 0.0, 7.85486, 0.49, 37.826347
175, 1000, -0.0011999999405816197, -0.9991999505436979, False, 0.07809241, 0.0, 0.0, 0.0, 7.85486, 0.49, 37.826347
175, 1001, -0.0007999999797903001, -0.9999999505234882, True, 0.0, 0.0, 0.0, 0.0, 7.85486, 0.49, 37.826347
