episode, step, reward, cumulative reward, done, health, vx, vy, vz, px, py, pz
1459, 1, 0.0, 0.0, False, 99.92, 0.0, -0.1899216, 0.0, 20.0, 7.5062017, 2.0
1459, 2, -0.0023999998811632395, -0.0023999998811632395, False, 99.67999, 0.0, -0.7239932, 0.0, 20.0, 7.4732122, 2.0
1459, 3, -0.0023999998811632395, -0.004799999762326479, False, 99.43999, 0.0, -1.208417, 0.0, 20.0, 7.4101853, 2.0
1459, 4, -0.0023999998811632395, -0.0071999996434897184, False, 99.19998, 0.0, -1.6478084, 0.0, 20.0, 7.319914, 2.0
1459, 5, -0.0023999998811632395, -0.009599999524652958, False, 98.95998, 0.0, -2.0463536, 0.0, 20.0, 7.2049313, 2.0
1459, 6, -0.0023999998811632395, -0.011999999405816197, False, 98.71997, 0.0, -2.4078496, 0.0, 20.0, 7.067533, 2.0
1459, 7, -0.0023999998811632395, -0.014399999286979437, False, 98.479965, 0.0, -2.7357404, 0.0, 20.0, 6.9098043, 2.0
1459, 8, -0.0023999998811632395, -0.016799999168142676, False, 98.23996, 0.0, -3.0331504, 0.0, 20.0, 6.7336345, 2.0
1459, 9, -0.0023999998811632395, -0.019199999049305916, False, 97.999954, 0.0, -3.302913, 0.0, 20.0, 6.540738, 2.0
1459, 10, -0.0023999998811632395, -0.021599998930469155, False, 97.75995, 0.0, -3.5475981, 0.0, 20.0, 6.3326697, 2.0
1459, 11, -0.0023999998811632395, -0.023999998811632395, False, 97.51994, 0.0, -3.7695372, 0.0, 20.0, 6.1108403, 2.0
1459, 12, -0.0023999998811632395, -0.026399998692795634, False, 97.27994, 0.00015872582, 0.00012254715, 0.00027284148, 19.999956, 5.990265, 2.0085695
1459, 13, -0.0023999998811632395, -0.028799998573958874, False, 97.03993, 0.19412756, -0.5516156, 2.8044531, 19.952574, 5.9758525, 2.1090462
1459, 14, -0.0023999998811632395, -0.031199998455122113, False, 96.79993, -0.06747347, -0.38403994, 1.700212, 19.898054, 5.9470525, 2.2194767
1459, 15, -0.0023999998811632395, -0.03359999833628535, False, 96.55992, -0.41602385, -0.9000661, 4.3315353, 19.811926, 5.9031453, 2.4101856
1459, 16, -0.0023999998811632395, -0.03599999821744859, False, 96.319916, -0.37734997, -1.368122, 6.7409353, 19.679256, 5.8302164, 2.7427797
1459, 17, -0.0023999998811632395, -0.03839999809861183, False, 96.07991, 0.49268103, -1.7926672, 8.920796, 19.504255, 5.730963, 3.2040265
1459, 18, -0.0023999998811632395, -0.04079999797977507, False, 95.839905, 1.2902281, -2.1777458, 8.000473, 19.325502, 5.607833, 3.6736376
1459, 19, -0.0023999998811632395, -0.04319999786093831, False, 95.5999, 1.155026, -2.0096354, 8.059079, 19.154968, 5.4742665, 4.1130104
1459, 20, -0.0023999998811632395, -0.04559999774210155, False, 95.35989, 1.0341973, -2.300884, 10.100267, 18.927704, 5.343508, 4.634905
1459, 21, -0.0023999998811632395, -0.04799999762326479, False, 95.11989, 2.0845027, -2.6387184, 11.817321, 18.634912, 5.191795, 5.2530017
1459, 22, -0.0023999998811632395, -0.05039999750442803, False, 94.87988, 3.1947446, -2.9451475, 13.266641, 18.270142, 5.021082, 5.949954
1459, 23, -0.0023999998811632395, -0.05279999738559127, False, 94.63988, 1.4300957, -3.2230906, 15.074564, 17.830362, 4.833135, 6.710903
1459, 24, -0.0023999998811632395, -0.05519999726675451, False, 94.39987, 1.2971535, -3.4751964, 16.485285, 17.330267, 4.629556, 7.5360594
1459, 25, -0.0023999998811632395, -0.05759999714791775, False, 94.15987, 1.1765695, -3.7038658, 17.764862, 16.777487, 4.4117985, 8.421009
1459, 26, -0.0023999998811632395, -0.05999999702908099, False, 93.91986, -0.81692505, -3.911278, 18.94093, 16.179129, 4.18118, 9.3617115
1459, 27, -0.0023999998811632395, -0.062399996910244226, False, 93.679855, -0.7409849, -4.0994096, 19.02423, 15.559536, 3.9388964, 10.342984
1459, 28, -0.0023999998811632395, -0.06479999679140747, False, 93.43985, -0.6882019, -4.2022853, 18.20127, 14.978755, 3.687378, 11.264978
1459, 29, -0.0023999998811632395, -0.0671999966725707, False, 93.199844, -2.5341334, -4.0817795, 19.062498, 14.381825, 3.4454827, 12.227004
1459, 30, -0.0023999998811632395, -0.06959999655373394, False, 92.95984, -2.2985587, -4.2540607, 20.1025, 13.769314, 3.1936102, 13.252317
1459, 31, -0.0023999998811632395, -0.07199999643489718, False, 92.71983, -4.17337, -4.4103265, 20.720161, 13.147593, 2.932048, 14.337479
1459, 32, -0.0023999998811632395, -0.07439999631606042, False, 92.47983, -5.923145, -4.5520654, 21.09958, 12.531692, 2.6616974, 15.482137
1459, 33, -0.0023999998811632395, -0.07679999619722366, False, 92.23982, -5.3725247, -4.680628, 19.138145, 11.959123, 2.3833752, 16.573612
1459, 34, -0.0023999998811632395, -0.0791999960783869, False, 91.99982, -6.620091, -4.3236585, 17.582182, 11.438873, 2.1074185, 17.580128
1459, 35, -0.0023999998811632395, -0.08159999595955014, False, 91.75981, -7.839042, -4.4246154, 18.017069, 10.9556265, 1.8449696, 18.636696
1459, 36, -0.0023999998811632395, -0.08399999584071338, False, 91.519806, -8.973553, -4.5650263, 18.313654, 10.517429, 1.5738155, 19.763628
1459, 37, -0.0023999998811632395, -0.08639999572187662, False, 91.2798, -8.021242, -0.0023766905, 10.561522, 10.154115, 1.4887146, 20.620884
1459, 38, -0.0023999998811632395, -0.08879999560303986, False, 91.039795, -8.114586, 0.17044659, 11.23276, 9.8715315, 1.4997923, 21.38698
1459, 39, -0.0023999998811632395, -0.0911999954842031, False, 90.79979, -5.6159186, 1.1429365, 12.624243, 9.669509, 1.5178975, 22.214697
1459, 40, -0.0023999998811632395, -0.09359999536536634, False, 90.559784, -6.35769, 0.48496142, 11.75757, 9.5198765, 1.5598694, 23.029867
1459, 41, -0.0023999998811632395, -0.09599999524652958, False, 90.31978, -6.8498383, -0.11184774, 10.003371, 9.384153, 1.564836, 23.769257
1459, 42, -0.0023999998811632395, -0.09839999512769282, False, 90.07977, -7.1274724, -0.6531771, 8.374298, 9.261047, 1.5362372, 24.43991
1459, 43, -0.0023999998811632395, -0.10079999500885606, False, 89.83977, -6.918895, -0.44319755, 6.588378, 9.150904, 1.4912126, 25.03995
1459, 44, -0.0023999998811632395, -0.1031999948900193, False, 89.59976, -5.104382, -0.0035422295, 8.931203, 9.120844, 1.4890078, 25.635052
1459, 45, -0.0023999998811632395, -0.10559999477118254, False, 89.35976, -3.4543812, -1.206994e-06, 11.030403, 9.176899, 1.4890012, 26.299883
1459, 46, -0.0023999998811632395, -0.10799999465234578, False, 89.11975, -1.8244717, -0.0001360476, 12.755101, 9.293495, 1.4889998, 27.0373
1459, 47, -0.0023999998811632395, -0.11039999453350902, False, 88.879745, -0.23547363, -5.8859587e-05, 14.152207, 9.447666, 1.488995, 27.847004
1459, 48, -0.0023999998811632395, -0.11279999441467226, False, 88.63974, -1.7097692, -0.00011694431, 15.219424, 9.623833, 1.4890014, 28.72576
1459, 49, -0.0023999998811632395, -0.1151999942958355, False, 88.399734, 0.09356427, -6.604195e-05, 16.364264, 9.826641, 1.488996, 29.665352
1459, 50, -0.0023999998811632395, -0.11759999417699873, False, 88.15973, -0.027878046, 0.37026674, 17.03328, 10.036544, 1.5079986, 30.64969
1459, 51, -0.0023999998811632395, -0.11999999405816197, False, 87.91972, -0.025286436, -0.21588035, 17.293915, 10.253799, 1.5065145, 31.679337
1459, 52, -0.0023999998811632395, -0.12239999393932521, False, 87.67972, -1.7208698, -0.07653457, 17.099548, 10.466989, 1.4893904, 32.676426
1459, 53, -0.0023999998811632395, -0.12479999382048845, False, 87.43971, -2.2464056, -0.0007264316, 10.803144, 10.631083, 1.4890009, 33.432007
1459, 54, -0.0023999998811632395, -0.1271999937016517, False, 87.19971, -2.6063964, 1.7976081, 10.347338, 10.800991, 1.52499, 34.09372
1459, 55, -0.0023999998811632395, -0.12959999358281493, False, 86.9597, -2.9989834, 0.91572404, 8.178219, 10.948614, 1.5936714, 34.613266
1459, 56, -0.0023999998811632395, -0.13199999346397817, False, 86.719696, -3.4806843, 0.27887076, 7.09299, 11.082515, 1.6228646, 35.08452
1459, 57, -0.0023999998811632395, -0.1343999933451414, False, 86.47969, -3.8123214, -0.29878008, 6.068366, 11.203968, 1.6162404, 35.51196
1459, 58, -0.0023999998811632395, -0.13679999322630465, False, 86.239685, -4.0143332, -0.82273203, 5.1126413, 11.31413, 1.5771283, 35.899666
1459, 59, -0.0023999998811632395, -0.1391999931074679, False, 85.99968, -3.5822966, 0.13273011, 2.2706327, 11.370047, 1.572211, 36.2001
1459, 60, -0.0023999998811632395, -0.14159999298863113, False, 85.759674, -2.2709794, 0.030126318, 1.1454164, 11.378916, 1.5739527, 36.384575
1459, 61, -0.0023999998811632395, -0.14399999286979437, False, 85.51967, -1.2936655, 0.016949654, 0.49416643, 11.384065, 1.5752014, 36.488594
1459, 62, -0.0023999998811632395, -0.1463999927509576, False, 85.27966, -0.59635365, 0.0079755485, 0.1617274, 11.386758, 1.5758346, 36.53954
1459, 63, -0.0023999998811632395, -0.14879999263212085, False, 85.03966, -0.10774249, 0.0016821623, 0.01878523, 11.387691, 1.5760506, 36.55532
1459, 64, -0.0023999998811632395, -0.1511999925132841, False, 84.79965, 2.9814631e-05, -1.4826655e-05, 5.233851e-07, 11.3876705, 1.5760462, 36.555332
1459, 65, -0.0023999998811632395, -0.15359999239444733, False, 84.55965, -0.12768166, 0.275596, 2.0542872, 11.467808, 1.589708, 36.553017
1459, 66, -0.0023999998811632395, -0.15599999227561057, False, 84.31964, -0.19577311, -0.014382616, 1.16287, 11.557539, 1.5889639, 36.549187
1459, 67, -0.0023999998811632395, -0.1583999921567738, False, 84.079636, 0.11843634, -8.139014e-05, 3.5331037, 11.721795, 1.5888897, 36.527126
1459, 68, -0.0023999998811632395, -0.16079999203793705, False, 83.83963, -0.14499447, -5.2824616e-05, 2.0326347, 11.869839, 1.5888869, 36.506535
1459, 69, -0.0023999998811632395, -0.16319999191910028, False, 83.599625, 0.2369057, -6.7308545e-05, 4.3210764, 12.081852, 1.5888834, 36.471905
1459, 70, -0.0023999998811632395, -0.16559999180026352, False, 83.35962, 0.42943585, -0.55178785, 1.0712314, 12.208861, 1.5665714, 36.44246
1459, 71, -0.0023999998811632395, -0.16799999168142676, False, 83.11961, 0.29195333, -0.5052703, -0.004594475, 12.250203, 1.5241559, 36.420288
1459, 72, -0.0023999998811632395, -0.17039999156259, False, 82.87961, 0.0045547336, 0.33501202, -0.6289922, 12.230609, 1.5326692, 36.41614
1459, 73, -0.0023999998811632395, -0.17279999144375324, False, 82.6396, -0.07324189, 0.7114012, -1.9985785, 12.14471, 1.5694045, 36.392937
1459, 74, -0.0023999998811632395, -0.17519999132491648, False, 82.3996, -0.42644513, 0.30290082, -4.3815446, 11.941921, 1.5996026, 36.328346
1459, 75, -0.0023999998811632395, -0.17759999120607972, False, 82.15959, -0.99406123, -0.2769839, -6.7162514, 11.604329, 1.59433, 36.20136
1459, 76, -0.0023999998811632395, -0.17999999108724296, False, 81.919586, -1.6962154, -0.57744354, -8.6368475, 11.159924, 1.5704237, 36.005005
1459, 77, -0.0023999998811632395, -0.1823999909684062, False, 81.67958, -2.3489783, -1.0754907, -7.6302233, 10.710872, 1.5156394, 35.79667
1459, 78, -0.0023999998811632395, -0.18479999084956944, False, 81.439575, -2.526906, -0.01628974, -6.7912564, 10.320673, 1.48908, 35.608074
1459, 79, -0.0023999998811632395, -0.18719999073073268, False, 81.19957, -2.8277907, 0.54926074, -8.000189, 9.904346, 1.4999944, 35.34448
1459, 80, -0.0023999998811632395, -0.18959999061189592, False, 80.959564, -3.5033345, -0.053525783, -9.752847, 9.44659, 1.5085772, 34.980442
1459, 81, -0.0023999998811632395, -0.19199999049305916, False, 80.71956, -3.1181874, -0.25060064, -10.550038, 8.976011, 1.4902492, 34.55706
1459, 82, -0.0023999998811632395, -0.1943999903742224, False, 80.47955, -0.7114655, 1.6612989, -4.3922963, 8.679826, 1.5480577, 34.27817
1459, 83, -0.0023999998811632395, -0.19679999025538564, False, 80.23955, -0.4193087, 0.95513636, -1.2253932, 8.571214, 1.619183, 34.192196
1459, 84, -0.0023999998811632395, -0.19919999013654888, False, 79.99954, -0.35687608, 0.3146193, -0.24307585, 8.545207, 1.6505927, 34.198555
1459, 85, -0.0023999998811632395, -0.20159999001771212, False, 79.75954, -0.3449737, -0.26635474, -0.1854355, 8.521617, 1.645979, 34.204327
1459, 86, -0.0023999998811632395, -0.20399998989887536, False, 79.51953, -0.32877198, -0.793321, -0.1345683, 8.50022, 1.6086907, 34.209557
1459, 87, -0.0023999998811632395, -0.2063999897800386, False, 79.279526, -0.13646257, -0.032000512, 1.1675173, 8.512525, 1.5890642, 34.23751
1459, 88, -0.0023999998811632395, -0.20879998966120183, False, 79.03952, -0.41479397, -0.35124353, 3.7153502, 8.623969, 1.5778117, 34.36859
1459, 89, -0.0023999998811632395, -0.21119998954236507, False, 78.799515, -0.24718836, -0.08065927, 0.29230487, 8.676409, 1.5568829, 34.442806
1459, 90, -0.0023999998811632395, -0.2135999894235283, False, 78.55951, 0.09434801, 0.38547248, -1.4349413, 8.632956, 1.5715103, 34.415703
1459, 91, -0.0023999998811632395, -0.21599998930469155, False, 78.3195, 0.37753308, 0.22211902, -3.6999576, 8.484508, 1.5936368, 34.32665
1459, 92, -0.0023999998811632395, -0.2183999891858548, False, 78.0795, 0.8618152, -0.07711348, -5.943858, 8.20108, 1.5892794, 34.1803
1459, 93, -0.0023999998811632395, -0.22079998906701803, False, 77.83949, 1.403182, 0.14289019, -7.5867596, 7.807462, 1.593521, 34.007607
1459, 94, -0.0023999998811632395, -0.22319998894818127, False, 77.59949, 2.125238, -0.028663516, -9.285122, 7.3003426, 1.5890409, 33.822643
1459, 95, -0.0023999998811632395, -0.2255999888293445, False, 77.35948, 0.81317735, -0.00017885864, -11.036314, 6.6943927, 1.5888985, 33.63885
1459, 96, -0.0023999998811632395, -0.22799998871050775, False, 77.11948, 1.5194192, -1.7777085e-05, -6.74988, 6.221262, 1.5888975, 33.490036
1459, 97, -0.0023999998811632395, -0.230399988591671, False, 76.87947, 0.95879674, -0.28821307, -4.353774, 5.92611, 1.5778979, 33.39077
1459, 98, -0.0023999998811632395, -0.23279998847283423, False, 76.639465, 0.5622855, -0.29688755, -2.7110538, 5.7387094, 1.5594604, 33.32992
1459, 99, -0.0023999998811632395, -0.23519998835399747, False, 76.39946, 0.31263277, -0.21349694, -1.6046776, 5.62537, 1.5448302, 33.29463
1459, 100, -0.0023999998811632395, -0.2375999882351607, False, 76.159454, 0.15905754, -0.12504227, -0.8714638, 5.5614243, 1.5355936, 33.27551
1459, 101, -0.0023999998811632395, -0.23999998811632395, False, 75.91945, 0.0644671, -0.0553561, -0.3869893, 5.53017, 1.5309516, 33.26659
1459, 102, -0.0023999998811632395, -0.2423999879974872, False, 75.67944, 0.0014319355, -0.0076026767, -0.06158161, 5.5207396, 1.5296087, 33.264084
1459, 103, -0.0023999998811632395, -0.24479998787865043, False, 75.43944, -2.343412e-06, -3.4570694e-06, -4.5512036e-07, 5.5207314, 1.5295811, 33.264034
1459, 104, -0.0023999998811632395, -0.24719998775981367, False, 75.19943, -1.4302757e-06, -4.1872263e-06, -2.9875227e-06, 5.520733, 1.5295565, 33.26399
1459, 105, -0.0023999998811632395, -0.2495999876409769, False, 74.95943, -1.6259949e-06, -3.516674e-06, -2.3580242e-06, 5.5207343, 1.5295318, 33.263943
1459, 106, -0.0023999998811632395, -0.25199998752214015, False, 74.71942, -1.8504857e-06, -3.2186508e-06, -2.3937669e-06, 5.5207357, 1.5295074, 33.263897
1459, 107, -0.0023999998811632395, -0.2543999874033034, False, 74.479416, -0.19395947, -0.55172974, -2.8042235, 5.418018, 1.5071989, 33.215233
1459, 108, -0.0023999998811632395, -0.2567999872844666, False, 74.23941, -0.23566753, -0.038356304, -1.3425486, 5.317467, 1.4891931, 33.166096
1459, 109, -0.0023999998811632395, -0.25919998716562986, False, 73.999405, -0.113031805, -0.00030611455, 1.4699767, 5.343068, 1.4889961, 33.194374
1459, 110, -0.0023999998811632395, -0.2615999870467931, False, 73.7594, 0.050600953, 0.083297595, 0.24903548, 5.369053, 1.4966892, 33.21085
1459, 111, -0.0023999998811632395, -0.26399998692795634, False, 73.519394, 0.008997336, -0.009508491, -0.010019598, 5.3702636, 1.4969399, 33.21128
1459, 112, -0.0023999998811632395, -0.2663999868091196, False, 73.27939, -0.1637981, -0.03170389, -2.4977715, 5.3020706, 1.48916, 33.131172
1459, 113, -0.0023999998811632395, -0.2687999866902828, False, 73.03938, -0.53251576, -0.0002940297, -4.696844, 5.1562595, 1.4890015, 32.940754
1459, 114, -0.0023999998811632395, -0.27119998657144606, False, 72.79938, -1.1695435, 1.7425807, -3.5537882, 4.9827046, 1.5368097, 32.716316
1459, 115, -0.0023999998811632395, -0.2735999864526093, False, 72.55937, -0.5234726, 0.6527195, -2.4178402, 4.8674965, 1.5957726, 32.589333
1459, 116, -0.0023999998811632395, -0.27599998633377254, False, 72.31937, -0.17712468, -0.06793106, -1.6261752, 4.7913175, 1.604789, 32.505363
1459, 117, -0.0023999998811632395, -0.2783999862149358, False, 72.07936, -0.15471005, -0.0967657, 1.020309, 4.7950835, 1.5891209, 32.522446
1459, 118, -0.0023999998811632395, -0.280799986096099, False, 71.839355, -0.12298298, -0.44527888, 3.6325054, 4.899505, 1.573019, 32.650116
1459, 119, -0.0023999998811632395, -0.28319998597726226, False, 71.59935, -0.25041273, -0.37095684, 0.38822204, 4.952105, 1.5373595, 32.72278
1459, 120, -0.0023999998811632395, -0.2855999858584255, False, 71.359344, -0.22713411, -0.88819927, 3.1641955, 5.0434046, 1.4941882, 32.823936
1459, 121, -0.0023999998811632395, -0.28799998573958874, False, 71.11934, 0.24756026, -0.008422986, 4.8717933, 5.2213163, 1.4890407, 33.002026
1459, 122, -0.0023999998811632395, -0.290399985620752, False, 70.87933, 1.2337863, 1.2843461, 4.204648, 5.455008, 1.5146953, 33.22542
1459, 123, -0.0023999998811632395, -0.2927999855019152, False, 70.63933, 0.99627316, 0.57370555, 2.4607298, 5.603579, 1.5642874, 33.339977
1459, 124, -0.0023999998811632395, -0.29519998538307846, False, 70.39932, 0.9380563, -0.031353388, -0.678929, 5.6668067, 1.5742451, 33.332066
1459, 125, -0.0023999998811632395, -0.2975999852642417, False, 70.15932, 0.6216471, -0.5801655, -2.538192, 5.6623235, 1.5501735, 33.189022
1459, 126, -0.0023999998811632395, -0.29999998514540493, False, 69.91931, 0.3201193, -1.0779598, -2.348567, 5.6514616, 1.495236, 33.042454
1459, 127, -0.0023999998811632395, -0.3023999850265682, False, 69.679306, -0.04659477, -0.010138243, -3.139757, 5.636161, 1.4890501, 32.8987
1459, 128, -0.0023999998811632395, -0.3047999849077314, False, 69.4393, 0.017111212, -0.00012153387, 0.07752012, 5.6300716, 1.4889996, 32.84534
1459, 129, -0.0023999998811632395, -0.30719998478889465, False, 69.199295, -0.1605314, -3.287196e-05, 2.5456815, 5.6550736, 1.4889994, 32.946968
1459, 130, -0.0023999998811632395, -0.3095999846700579, False, 68.95929, -0.5369401, -3.3274293e-05, 4.7572217, 5.724674, 1.4889985, 33.18031
1459, 131, -0.0023999998811632395, -0.31199998455122113, False, 68.719284, -0.15870251, 0.20544375, -0.36263576, 5.7327533, 1.5136322, 33.21967
1459, 132, -0.0023999998811632395, -0.31439998443238437, False, 68.47928, -0.3377182, -0.36538124, -2.1488879, 5.668818, 1.5028783, 33.124123
1459, 133, -0.0023999998811632395, -0.3167999843135476, False, 68.23927, -0.5130168, -0.024220318, -3.3020868, 5.5898576, 1.4891224, 32.9832
1459, 134, -0.0023999998811632395, -0.31919998419471085, False, 67.99927, -0.18593074, -0.0002502203, 0.0010547261, 5.5513773, 1.4890023, 32.93158
1459, 135, -0.0023999998811632395, -0.3215999840758741, False, 67.75926, -0.29882658, -3.0696392e-05, 2.463254, 5.5865307, 1.4889989, 33.025856
1459, 136, -0.0023999998811632395, -0.32399998395703733, False, 67.51926, -0.16457841, -3.8325787e-05, -0.67167115, 5.5828834, 1.489001, 33.04802
1459, 137, -0.0023999998811632395, -0.32639998383820057, False, 67.27925, -0.021286115, -7.596612e-05, -0.1561377, 5.568264, 1.4890018, 33.03565
1459, 138, -0.0023999998811632395, -0.3287999837193638, False, 67.039246, -0.014745593, -9.357929e-06, 2.3394103, 5.628793, 1.488998, 33.104324
1459, 139, -0.0023999998811632395, -0.33119998360052705, False, 66.79924, 0.32462144, 1.1077527, 2.6282296, 5.7641563, 1.5132836, 33.235195
1459, 140, -0.0023999998811632395, -0.3335999834816903, False, 66.559235, 0.69367516, 0.991103, 4.539852, 5.9487467, 1.578071, 33.377384
1459, 141, -0.0023999998811632395, -0.3359999833628535, False, 66.31923, 0.86221635, 0.34724247, 1.2252752, 6.074544, 1.6115036, 33.454784
1459, 142, -0.0023999998811632395, -0.33839998324401677, False, 66.07922, 0.7991384, -0.23676425, 0.12146587, 6.121222, 1.6087247, 33.436535
1459, 143, -0.0023999998811632395, -0.34079998312518, False, 65.83922, 0.5919118, -0.35251483, -0.7979235, 6.1542277, 1.5813807, 33.405926
1459, 144, -0.0023999998811632395, -0.34319998300634325, False, 65.59921, 0.2534061, -0.74683553, -3.5356586, 6.122825, 1.5469747, 33.249325
1459, 145, -0.0023999998811632395, -0.3455999828875065, False, 65.35921, -0.18679446, -0.72984385, -3.8162923, 6.0590806, 1.4926473, 33.008106
1459, 146, -0.0023999998811632395, -0.3479999827686697, False, 65.1192, -2.2035827e-05, -0.0058724433, 0.00010465883, 6.0403795, 1.4890276, 32.94392
1459, 147, -0.0023999998811632395, -0.35039998264983296, False, 64.879196, -0.16543782, -0.00015445054, 2.471437, 6.073691, 1.4890018, 33.03832
1459, 148, -0.0023999998811632395, -0.3527999825309962, False, 64.63919, -0.07761738, -5.7652593e-05, -0.6630212, 6.0747476, 1.4889988, 33.056374
1459, 149, -0.0023999998811632395, -0.35519998241215944, False, 64.399185, 0.1682713, 0.044916436, -3.0400777, 6.0133324, 1.4898987, 32.934006
1459, 150, -0.0023999998811632395, -0.3575999822933227, False, 64.15918, -0.20073175, 1.3312663, -2.4480782, 5.9043245, 1.5191643, 32.754818
1459, 151, -0.0023999998811632395, -0.3599999821744859, False, 63.919174, 0.18775964, 0.97468966, -4.601476, 5.7588153, 1.5895387, 32.58045
1459, 152, -0.0023999998811632395, -0.36239998205564916, False, 63.67917, 0.4116878, 0.33235487, -1.3288311, 5.671522, 1.6220481, 32.46371
1459, 153, -0.0023999998811632395, -0.3647999819368124, False, 63.439163, 0.49736, -0.25026786, -1.1596662, 5.6314754, 1.6184319, 32.3965
1459, 154, -0.0023999998811632395, -0.36719998181797564, False, 63.199158, 0.2623961, -0.34892794, -0.846923, 5.597792, 1.590642, 32.339966
1459, 155, -0.0023999998811632395, -0.3695999816991389, False, 62.959152, 0.029120348, -0.0027990788, -0.14694875, 5.5877914, 1.5889105, 32.323177
1459, 156, -0.0023999998811632395, -0.3719999815803021, False, 62.719147, -1.3987051e-05, -1.40070915e-05, 1.661342e-05, 5.587633, 1.5888993, 32.322914
1459, 157, -0.0023999998811632395, -0.37439998146146536, False, 62.47914, -1.2819191e-07, -7.0482492e-06, -4.1933818e-06, 5.587633, 1.5888995, 32.322914
1459, 158, -0.0023999998811632395, -0.3767999813426286, False, 62.239136, -1.6206286e-08, -7.018447e-06, -3.9605047e-06, 5.587633, 1.5888995, 32.322914
1459, 159, -0.0023999998811632395, -0.37919998122379184, False, 61.99913, -1.2547346e-06, -6.6161156e-06, -3.657944e-06, 5.587633, 1.5888995, 32.322914
1459, 160, -0.0023999998811632395, -0.3815999811049551, False, 61.759125, 7.033348e-06, -9.506941e-05, 2.4810784, 5.6465983, 1.5889012, 32.404068
1459, 161, -0.0023999998811632395, -0.3839999809861183, False, 61.51912, -0.14015311, -9.0390444e-05, 1.3335232, 5.7060633, 1.5889006, 32.485912
1459, 162, -0.0023999998811632395, -0.38639998086728156, False, 61.279114, -0.42046058, -0.29253778, 3.8438606, 5.8231792, 1.5809302, 32.62291
1459, 163, -0.0023999998811632395, -0.3887999807484448, False, 61.03911, -0.38137436, -0.81707007, 6.2985954, 6.0525103, 1.5421692, 32.861217
1459, 164, -0.0023999998811632395, -0.39119998062960804, False, 60.799103, 0.230263, -0.43058133, 5.201086, 6.294152, 1.4911592, 33.10681
1459, 165, -0.0023999998811632395, -0.3935999805107713, False, 60.559097, 0.5963182, 0.692198, 1.6463841, 6.4287643, 1.5078467, 33.230362
1459, 166, -0.0023999998811632395, -0.3959999803919345, False, 60.31909, 0.5000591, 0.07612389, -1.3756057, 6.4457, 1.5244685, 33.192055
1459, 167, -0.0023999998811632395, -0.39839998027309775, False, 60.079086, 0.22585362, -0.48267943, -2.1903744, 6.4032516, 1.5064416, 33.062286
1459, 168, -0.0023999998811632395, -0.400799980154261, False, 59.83908, 0.23193109, -0.0344221, -1.1018201, 6.373653, 1.4891706, 32.971798
1459, 169, -0.0023999998811632395, -0.40319998003542423, False, 59.599075, -0.0008381009, -0.00033810735, 1.6414632, 6.4044285, 1.489003, 33.009293
1459, 170, -0.0023999998811632395, -0.40559997991658747, False, 59.35907, -0.31948745, -6.809831e-05, 3.9551382, 6.519664, 1.4890008, 33.163578
1459, 171, -0.0023999998811632395, -0.4079999797977507, False, 59.119064, 0.39656484, 1.341992, 3.6791964, 6.6722918, 1.5541795, 33.310368
1459, 172, -0.0023999998811632395, -0.41039997967891395, False, 58.87906, 0.512602, 0.66551256, 0.47707245, 6.753282, 1.6073465, 33.36298
1459, 173, -0.0023999998811632395, -0.4127999795600772, False, 58.639053, 0.507635, 0.051919185, 0.38175237, 6.792376, 1.6224675, 33.367744
1459, 174, -0.0023999998811632395, -0.41519997944124043, False, 58.399048, 0.494117, -0.504634, 0.29623777, 6.8278365, 1.6030792, 33.372063
1459, 175, -0.0023999998811632395, -0.41759997932240367, False, 58.159042, 0.27601162, -0.30900323, -0.6195977, 6.8490934, 1.570199, 33.361607
1459, 176, -0.0023999998811632395, -0.4199999792035669, False, 57.919037, -0.0037212372, -0.83200485, -3.3893118, 6.8205223, 1.530512, 33.21477
1459, 177, -0.0023999998811632395, -0.42239997908473015, False, 57.67903, -0.33691663, -2.7418137e-06, -3.1796477, 6.77241, 1.4887078, 32.98937
1459, 178, -0.0023999998811632395, -0.4247999789658934, False, 57.439026, -0.0015679598, -9.8988414e-05, -1.8145982, 6.744475, 1.4889969, 32.858494
1459, 179, -0.0023999998811632395, -0.4271999788470566, False, 57.19902, -0.030790627, -1.7538667e-05, 1.0491651, 6.7487855, 1.4890008, 32.869297
1459, 180, -0.0023999998811632395, -0.42959997872821987, False, 56.959015, -0.28764677, -7.651746e-05, 3.4184668, 6.798942, 1.4890006, 33.020447
1459, 181, -0.0023999998811632395, -0.4319999786093831, False, 56.71901, 0.44731992, 1.279706, 2.3023255, 6.8850017, 1.5145904, 33.231384
1459, 182, -0.0023999998811632395, -0.43439997849054635, False, 56.479004, 0.40573674, 0.6090168, -0.7237636, 6.9138055, 1.5642544, 33.23862
1459, 183, -0.0023999998811632395, -0.4367999783717096, False, 56.239, 0.29738188, 0.00067528913, -0.69135433, 6.9229283, 1.576198, 33.192852
1459, 184, -0.0023999998811632395, -0.4391999782528728, False, 55.998993, 0.20271093, -0.5511143, -0.65184546, 6.931204, 1.5539277, 33.15134
1459, 185, -0.0023999998811632395, -0.44159997813403606, False, 55.758987, 0.12105697, -1.0516092, -0.60722977, 6.9387097, 1.5006241, 33.113686
1459, 186, -0.0023999998811632395, -0.4439999780151993, False, 55.518982, -0.06419468, -0.018767178, -1.571585, 6.942208, 1.4890937, 33.06357
1459, 187, -0.0023999998811632395, -0.44639997789636254, False, 55.278976, 0.04677929, -0.00019803643, -0.7315119, 6.9459805, 1.4890006, 33.004604
1459, 188, -0.0023999998811632395, -0.4487999777775258, False, 55.03897, -0.19747083, -6.1139464e-05, -3.1382792, 6.9508815, 1.4889994, 32.863213
1459, 189, -0.0023999998811632395, -0.451199977658689, False, 54.798965, 0.027394565, 0.2511461, -0.46418312, 6.954606, 1.5010351, 32.7836
1459, 190, -0.0023999998811632395, -0.45359997753985226, False, 54.55896, 0.17465991, -0.32392743, 2.3828986, 6.953467, 1.4928515, 32.871124
1459, 191, -0.0023999998811632395, -0.4559999774210155, False, 54.318954, -0.036504395, -0.0062414706, 1.1548114, 6.950618, 1.4890316, 32.961422
1459, 192, -0.0023999998811632395, -0.45839997730217874, False, 54.07895, 0.24393901, -8.802116e-05, 3.5160935, 6.946186, 1.4890003, 33.126427
1459, 193, -0.0023999998811632395, -0.460799977183342, False, 53.838943, -0.14927231, 1.2895334, 2.1430342, 6.936213, 1.5422782, 33.283535
1459, 194, -0.0023999998811632395, -0.4631999770645052, False, 53.598938, -0.2462844, 0.3531503, 1.3989618, 6.9293723, 1.5804789, 33.38175
1459, 195, -0.0023999998811632395, -0.46559997694566846, False, 53.358932, -0.04564763, 0.063084766, 0.6572147, 6.9254384, 1.5854092, 33.438374
1459, 196, -0.0023999998811632395, -0.4679999768268317, False, 53.118927, -0.25900117, -0.07669624, 3.0807238, 6.9258966, 1.5893686, 33.571697
1459, 197, -0.0023999998811632395, -0.47039997670799494, False, 52.87892, -0.21547657, -0.0007516593, 5.234601, 6.9406433, 1.5888993, 33.84294
1459, 198, -0.0023999998811632395, -0.4727999765891582, False, 52.638916, -0.18848246, -0.189948, 7.342689, 6.970448, 1.5850952, 34.238976
1459, 199, -0.0023999998811632395, -0.4751999764703214, False, 52.39891, -0.9610087, -0.7240171, 7.507822, 7.0089526, 1.5521039, 34.706715
1459, 200, -0.0023999998811632395, -0.47759997635148466, False, 52.158905, -0.87167263, -1.2084388, 6.809889, 7.043878, 1.489076, 35.13097
1459, 201, -0.0023999998811632395, -0.4799999762326479, False, 51.9189, -1.4319667, -1.6478282, 6.060354, 7.0755568, 1.3988036, 35.51579
1459, 202, -0.0023999998811632395, -0.48239997611381114, False, 51.678894, -1.8663268, -2.0463715, 5.331098, 7.1042905, 1.2838193, 35.864834
1459, 203, -0.0023999998811632395, -0.4847999759949744, False, 51.43889, -2.1890085, -2.4078655, 4.6320763, 7.1303535, 1.1464206, 36.18143
1459, 204, -0.0023999998811632395, -0.4871999758761376, False, 51.198883, -1.9855164, -2.735755, 4.2014747, 7.1539936, 0.9886909, 36.468597
1459, 205, -0.0023999998811632395, -0.48959997575730085, False, 50.958878, -2.1894236, -3.0331638, 3.6017756, 7.1754355, 0.8125203, 36.72907
1459, 206, -0.0023999998811632395, -0.4919999756384641, False, 50.718872, -1.9858936, -3.302925, 3.2669513, 7.1948843, 0.61962306, 36.96533
1459, 207, -0.0023999998811632395, -0.49439997551962733, False, 50.478867, -0.6956335, 2.3841858e-07, 1.1443719, 7.208738, 0.4885013, 37.133614
1459, 208, -0.0023999998811632395, -0.49679997540079057, False, 50.23886, -0.3042911, 0.0, 0.50058275, 7.2126713, 0.48998803, 37.181393
1459, 209, -0.0023999998811632395, -0.4991999752819538, False, 49.998856, -0.31170815, 0.0, -2.0193915, 7.1614237, 0.48999992, 37.128265
1459, 210, -0.0023999998811632395, -0.501599975163117, False, 49.75885, -0.60965395, 0.0, -4.270322, 7.04255, 0.49, 36.949944
1459, 211, -0.0023999998811632395, -0.5039999750442803, False, 49.518845, -1.0847065, 0.0, -6.273842, 6.87639, 0.49, 36.65122
1459, 212, -0.0023999998811632395, -0.5063999749254435, False, 49.27884, -1.6919551, 0.0, -8.038529, 6.6825504, 0.49, 36.23766
1459, 213, -0.0023999998811632395, -0.5087999748066068, False, 49.038834, -2.395059, 0.0, -9.575866, 6.4794264, 0.49, 35.715954
1459, 214, -0.0023999998811632395, -0.51119997468777, False, 48.79883, -3.1631508, 0.0, -10.89949, 6.284065, 0.49, 35.093872
1459, 215, -0.0023999998811632395, -0.5135999745689332, False, 48.558823, -3.9699776, 0.0, -12.02453, 6.112081, 0.49, 34.380226
1459, 216, -0.0023999998811632395, -0.5159999744500965, False, 48.318817, 3.8820745e-05, 0.0, 0.00030075602, 6.105285, 0.49, 34.497528
1459, 217, -0.0023999998811632395, -0.5183999743312597, False, 48.07881, 1.8870232e-05, 0.0, 6.299594e-05, 6.1052833, 0.49, 34.498104
1459, 218, -0.0023999998811632395, -0.520799974212423, False, 47.838806, 2.5557238e-05, 0.0, 6.0260634e-05, 6.1052856, 0.49, 34.49845
1459, 219, -0.0023999998811632395, -0.5231999740935862, False, 47.5988, 2.9655133e-05, 0.0, 5.76231e-05, 6.1052904, 0.49, 34.49866
1459, 220, -0.0023999998811632395, -0.5255999739747494, False, 47.358795, 3.3756653e-05, 0.0, 5.3864962e-05, 6.1052966, 0.49, 34.498787
1459, 221, -0.0023999998811632395, -0.5279999738559127, False, 47.11879, 3.242456e-05, 0.0, 5.3653966e-05, 6.1053047, 0.49, 34.498863
1459, 222, -0.0023999998811632395, -0.5303999737370759, False, 46.878784, 3.1903564e-05, 0.0, 5.2632662e-05, 6.1053143, 0.49, 34.49891
1459, 223, -0.0023999998811632395, -0.5327999736182392, False, 46.63878, 3.149181e-05, 1.4901161e-08, 5.2268737e-05, 6.105327, 0.49, 34.498936
1459, 224, -0.0023999998811632395, -0.5351999734994024, False, 46.398773, 2.684076e-05, 1.4901161e-08, 5.5669043e-05, 6.105338, 0.49, 34.49895
1459, 225, -0.0023999998811632395, -0.5375999733805656, False, 46.158768, 2.7166161e-05, 1.4901161e-08, 5.4861754e-05, 6.1053452, 0.49, 34.498962
1459, 226, -0.0023999998811632395, -0.5399999732617289, False, 45.918762, 2.7859596e-05, 0.0, 5.6182034e-05, 6.1053524, 0.49, 34.498966
1459, 227, -0.0023999998811632395, -0.5423999731428921, False, 45.678757, 2.806422e-05, 1.4901161e-08, 5.647685e-05, 6.1053596, 0.49, 34.498966
1459, 228, -0.0023999998811632395, -0.5447999730240554, False, 45.43875, 2.7269685e-05, 1.4901161e-08, 5.5696706e-05, 6.1053667, 0.49, 34.498966
1459, 229, -0.0023999998811632395, -0.5471999729052186, False, 45.198746, 2.7243876e-05, 1.4901161e-08, 5.5711607e-05, 6.105374, 0.49, 34.498966
1459, 230, -0.0023999998811632395, -0.5495999727863818, False, 44.95874, 2.7885406e-05, 0.0, 5.6167133e-05, 6.105381, 0.49, 34.498966
1459, 231, -0.0023999998811632395, -0.5519999726675451, False, 44.718735, 2.7281663e-05, 1.4901161e-08, 5.589627e-05, 6.105388, 0.49, 34.498966
1459, 232, -0.0023999998811632395, -0.5543999725487083, False, 44.47873, 2.7645134e-05, 0.0, 5.6168203e-05, 6.1053953, 0.49, 34.498966
1459, 233, -0.0023999998811632395, -0.5567999724298716, False, 44.238724, 2.7317312e-05, 0.0, 5.5600394e-05, 6.1054025, 0.49, 34.498966
1459, 234, -0.0023999998811632395, -0.5591999723110348, False, 43.99872, 2.7414704e-05, 0.0, 5.5888282e-05, 6.1054096, 0.49, 34.498966
1459, 235, -0.0023999998811632395, -0.561599972192198, False, 43.758713, 2.1552372e-05, 0.0, 5.793325e-05, 6.105417, 0.49, 34.498966
1459, 236, -0.0023999998811632395, -0.5639999720733613, False, 43.518707, 2.2669014e-05, 1.4901161e-08, 5.80233e-05, 6.1054225, 0.49, 34.498966
1459, 237, -0.0023999998811632395, -0.5663999719545245, False, 43.2787, 1.6652653e-05, 0.0, 5.964279e-05, 6.105428, 0.49, 34.498966
1459, 238, -0.0023999998811632395, -0.5687999718356878, False, 43.038696, 1.7376897e-05, 0.0, 5.859273e-05, 6.105433, 0.49, 34.498966
1459, 239, -0.0023999998811632395, -0.571199971716851, False, 42.79869, 1.8538798e-05, 1.4901161e-08, 6.0722086e-05, 6.105438, 0.49, 34.498966
1459, 240, -0.0023999998811632395, -0.5735999715980142, False, 42.558685, 1.8577066e-05, 0.0, 6.0646984e-05, 6.105443, 0.49, 34.498966
1459, 241, -0.0023999998811632395, -0.5759999714791775, False, 42.31868, 2.4379038e-05, 0.0, 5.856686e-05, 6.1054487, 0.49, 34.498966
1459, 242, -0.0023999998811632395, -0.5783999713603407, False, 42.078674, 2.8091597e-05, 1.4901161e-08, 5.515336e-05, 6.105455, 0.49, 34.498966
1459, 243, -0.0023999998811632395, -0.580799971241504, False, 41.83867, 2.7778175e-05, 0.0, 5.616022e-05, 6.105462, 0.49, 34.498966
1459, 244, -0.0023999998811632395, -0.5831999711226672, False, 41.598663, 2.7351103e-05, 0.0, 5.5718527e-05, 6.105469, 0.49, 34.498966
1459, 245, -0.0023999998811632395, -0.5855999710038304, False, 41.358658, 2.1930935e-05, 1.4901161e-08, 5.8417158e-05, 6.105476, 0.49, 34.498966
1459, 246, -0.0023999998811632395, -0.5879999708849937, False, 41.118652, 2.2523556e-05, 1.4901161e-08, 5.7696587e-05, 6.1054816, 0.49, 34.498966
1459, 247, -0.0023999998811632395, -0.5903999707661569, False, 40.878647, 1.6737686e-05, 1.4901161e-08, 5.9615155e-05, 6.1054873, 0.49, 34.498966
1459, 248, -0.0023999998811632395, -0.5927999706473202, False, 40.63864, 1.7925258e-05, 0.0, 5.9605325e-05, 6.1054926, 0.49, 34.498966
1459, 249, -0.0023999998811632395, -0.5951999705284834, False, 40.398636, 1.8085397e-05, 0.0, 5.9615973e-05, 6.1054974, 0.49, 34.498966
1459, 250, -0.0023999998811632395, -0.5975999704096466, False, 40.15863, 1.8462264e-05, 0.0, 6.08723e-05, 6.1055026, 0.49, 34.498966
1459, 251, -0.0023999998811632395, -0.5999999702908099, False, 39.918625, 2.4382023e-05, 0.0, 5.8500285e-05, 6.1055083, 0.49, 34.498966
1459, 252, -0.0023999998811632395, -0.6023999701719731, False, 39.67862, 2.8983526e-05, 0.0, 5.622139e-05, 6.105515, 0.49, 34.498966
1459, 253, -0.0023999998811632395, -0.6047999700531363, False, 39.438614, 3.3739343e-05, 1.4901161e-08, 5.3435484e-05, 6.1055226, 0.49, 34.498966
1459, 254, -0.0023999998811632395, -0.6071999699342996, False, 39.19861, 3.186854e-05, 1.4901161e-08, 5.2584433e-05, 6.1055517, 0.49, 34.49897
1459, 255, -0.0023999998811632395, -0.6095999698154628, False, 38.958603, 3.2249787e-05, 0.0, 5.260215e-05, 6.105581, 0.49, 34.49897
1459, 256, -0.0023999998811632395, -0.6119999696966261, False, 38.718597, 3.161464e-05, 0.0, 5.2032156e-05, 6.1056104, 0.49, 34.49897
1459, 257, -0.0023999998811632395, -0.6143999695777893, False, 38.478592, 2.6403859e-05, 0.0, 5.550834e-05, 6.1056247, 0.49, 34.49897
1459, 258, -0.0023999998811632395, -0.6167999694589525, False, 38.238586, 2.7293363e-05, 0.0, 5.5201264e-05, 6.105632, 0.49, 34.49897
1459, 259, -0.0023999998811632395, -0.6191999693401158, False, 37.99858, 2.1897366e-05, 0.0, 5.7975387e-05, 6.1056385, 0.49, 34.49897
1459, 260, -0.0023999998811632395, -0.621599969221279, False, 37.758575, 2.2929346e-05, 1.4901161e-08, 5.816837e-05, 6.1056447, 0.49, 34.49897
1459, 261, -0.0023999998811632395, -0.6239999691024423, False, 37.51857, 2.2674983e-05, 1.4901161e-08, 5.789015e-05, 6.1056504, 0.49, 34.49897
1459, 262, -0.0023999998811632395, -0.6263999689836055, False, 37.278564, 2.262948e-05, 0.0, 5.771467e-05, 6.105656, 0.49, 34.49897
1459, 263, -0.0023999998811632395, -0.6287999688647687, False, 37.03856, 2.2720487e-05, 1.4901161e-08, 5.8065627e-05, 6.105662, 0.49, 34.49897
1459, 264, -0.0023999998811632395, -0.631199968745932, False, 36.798553, 2.2647757e-05, 1.4901161e-08, 5.790227e-05, 6.1056676, 0.49, 34.49897
1459, 265, -0.0023999998811632395, -0.6335999686270952, False, 36.558548, 2.2599272e-05, 1.4901161e-08, 5.7793368e-05, 6.1056733, 0.49, 34.49897
1459, 266, -0.0023999998811632395, -0.6359999685082585, False, 36.318542, 2.8270422e-05, 1.4901161e-08, 5.5463068e-05, 6.10568, 0.49, 34.49897
1459, 267, -0.0023999998811632395, -0.6383999683894217, False, 36.078537, 3.2863092e-05, 0.0, 5.3040658e-05, 6.1056876, 0.49, 34.49897
1459, 268, -0.0023999998811632395, -0.6407999682705849, False, 35.83853, 3.1505013e-05, 1.4901161e-08, 5.218547e-05, 6.1057167, 0.49, 34.49897
1459, 269, -0.0023999998811632395, -0.6431999681517482, False, 35.598526, 2.6395877e-05, 0.0, 5.537529e-05, 6.105731, 0.49, 34.49897
1459, 270, -0.0023999998811632395, -0.6455999680329114, False, 35.35852, 2.6933885e-05, 0.0, 5.4995857e-05, 6.105738, 0.49, 34.49897
1459, 271, -0.0023999998811632395, -0.6479999679140747, False, 35.118515, 1.6086635e-05, 0.0, 2.1570271e-05, 6.1057363, 0.49, 34.49898
1459, 272, -0.0023999998811632395, -0.6503999677952379, False, 34.87851, 2.1674676e-05, 0.0, 5.5203738e-05, 6.105745, 0.49, 34.49898
1459, 273, -0.0023999998811632395, -0.6527999676764011, False, 34.638504, 2.2566093e-05, 0.0, 5.7938632e-05, 6.1057506, 0.49, 34.49898
1459, 274, -0.0023999998811632395, -0.6551999675575644, False, 34.3985, 1.6212463e-05, 0.0, 2.48108, 6.0649476, 0.49, 34.59063
1459, 275, -0.0023999998811632395, -0.6575999674387276, False, 34.158493, 0.0057905316, 0.0, -0.66616505, 6.059765, 0.49, 34.60703
1459, 276, -0.0023999998811632395, -0.6599999673198909, False, 33.918488, 0.004485488, 0.0, -3.0852656, 6.1289067, 0.49, 34.48785
1459, 277, -0.0023999998811632395, -0.6623999672010541, False, 33.678482, 3.0688076e-05, 0.0, 9.618839e-05, 6.1301336, 0.49, 34.497974
1459, 278, -0.0023999998811632395, -0.6647999670822173, False, 33.438477, 1.581596e-05, 1.4901161e-08, 4.2831893e-05, 6.1301365, 0.49, 34.49838
1459, 279, -0.0023999998811632395, -0.6671999669633806, False, 33.19847, 1.1302475e-05, 0.0, 4.2531694e-05, 6.130141, 0.49, 34.498623
1459, 280, -0.0023999998811632395, -0.6695999668445438, False, 32.958466, 1.1994669e-05, 0.0, 4.1375322e-05, 6.130145, 0.49, 34.498764
1459, 281, -0.0023999998811632395, -0.671999966725707, False, 32.71846, 1.1979372e-05, 1.4901161e-08, 4.112115e-05, 6.130151, 0.49, 34.498848
1459, 282, -0.0023999998811632395, -0.6743999666068703, False, 32.478455, 1.1679123e-05, 0.0, 4.0080413e-05, 6.1301565, 0.49, 34.4989
1459, 283, -0.0023999998811632395, -0.6767999664880335, False, 32.23845, 1.1757819e-05, 0.0, 4.011062e-05, 6.1301622, 0.49, 34.49893
1459, 284, -0.0023999998811632395, -0.6791999663691968, False, 31.998446, 1.543538e-05, 0.0, 3.8715618e-05, 6.1301684, 0.49, 34.49895
1459, 285, -0.0023999998811632395, -0.68159996625036, False, 31.758446, 1.4019562e-05, 1.4901161e-08, 3.870713e-05, 6.1301756, 0.49, 34.498962
1459, 286, -0.0023999998811632395, -0.6839999661315233, False, 31.518446, 1.437904e-05, 1.4901161e-08, 3.891254e-05, 6.1301827, 0.49, 34.49897
1459, 287, -0.0023999998811632395, -0.6863999660126865, False, 31.278446, 1.3852726e-05, -1.4901161e-08, 3.8596976e-05, 6.13019, 0.49, 34.498974
1459, 288, -0.0023999998811632395, -0.6887999658938497, False, 31.038446, 1.0380854e-05, 0.0, 3.9875493e-05, 6.1301966, 0.49, 34.498974
1459, 289, -0.0023999998811632395, -0.691199965775013, False, 30.798447, 7.5092894e-06, 1.4901161e-08, 3.998903e-05, 6.1302023, 0.49, 34.498974
1459, 290, -0.0023999998811632395, -0.6935999656561762, False, 30.558447, 8.387945e-06, 0.0, 3.9703544e-05, 6.1302066, 0.49, 34.498974
1459, 291, -0.0023999998811632395, -0.6959999655373394, False, 30.318447, 8.50132e-06, 0.0, 3.9666706e-05, 6.1302123, 0.49, 34.498974
1459, 292, -0.0023999998811632395, -0.6983999654185027, False, 30.078447, 8.7776e-06, 1.4901161e-08, 4.0517018e-05, 6.1302166, 0.49, 34.498974
1459, 293, -0.0023999998811632395, -0.7007999652996659, False, 29.838448, 8.572131e-06, 0.0, 4.0270417e-05, 6.1302214, 0.49, 34.498974
1459, 294, -0.0023999998811632395, -0.7031999651808292, False, 29.598448, 1.2371322e-05, 0.0, 3.892404e-05, 6.1302266, 0.49, 34.498974
1459, 295, -0.0023999998811632395, -0.7055999650619924, False, 29.358448, 1.1200611e-05, 1.4901161e-08, 3.944527e-05, 6.1302323, 0.49, 34.498974
1459, 296, -0.0023999998811632395, -0.7079999649431556, False, 29.118448, 1.5355818e-05, 0.0, 3.8279773e-05, 6.130239, 0.49, 34.498974
1459, 297, -0.0023999998811632395, -0.7103999648243189, False, 28.878448, 1.3866561e-05, 0.0, 3.8382517e-05, 6.130246, 0.49, 34.498974
1459, 298, -0.0023999998811632395, -0.7127999647054821, False, 28.638449, 1.4059205e-05, 1.4901161e-08, 3.8477767e-05, 6.1302533, 0.49, 34.498974
1459, 299, -0.0023999998811632395, -0.7151999645866454, False, 28.398449, 1.3890515e-05, 0.0, 3.8781636e-05, 6.1302605, 0.49, 34.498974
1459, 300, -0.0023999998811632395, -0.7175999644678086, False, 28.15845, 1.4307461e-05, 0.0, 3.8609738e-05, 6.1302676, 0.49, 34.498974
1459, 301, -0.0023999998811632395, -0.7199999643489718, False, 27.91845, 1.4122802e-05, 0.0, 3.8647526e-05, 6.130275, 0.49, 34.498974
1459, 302, -0.0023999998811632395, -0.7223999642301351, False, 27.67845, 1.4504099e-05, 1.4901161e-08, 3.877151e-05, 6.130282, 0.49, 34.498974
1459, 303, -0.0023999998811632395, -0.7247999641112983, False, 27.43845, 1.0147755e-05, 0.0, 3.9718292e-05, 6.1302886, 0.49, 34.498974
1459, 304, -0.0023999998811632395, -0.7271999639924616, False, 27.19845, 1.1255066e-05, 0.0, 3.9421026e-05, 6.1302943, 0.49, 34.498974
1459, 305, -0.0023999998811632395, -0.7295999638736248, False, 26.95845, 1.1427752e-05, 0.0, 3.9735613e-05, 6.1303, 0.49, 34.498974
1459, 306, -0.0023999998811632395, -0.731999963754788, False, 26.71845, 1.1394179e-05, 0.0, 3.9293845e-05, 6.130306, 0.49, 34.498974
1459, 307, -0.0023999998811632395, -0.7343999636359513, False, 26.47845, 1.1515776e-05, 0.0, 4.015314e-05, 6.1303115, 0.49, 34.498974
1459, 308, -0.0023999998811632395, -0.7367999635171145, False, 26.238451, 1.5290369e-05, 0.0, 3.852404e-05, 6.130318, 0.49, 34.498974
1459, 309, -0.0023999998811632395, -0.7391999633982778, False, 25.998451, 1.7782702e-05, 0.0, 3.7253034e-05, 6.130326, 0.49, 34.498974
1459, 310, -0.0023999998811632395, -0.741599963279441, False, 25.758451, 1.7808685e-05, 0.0, 3.7897233e-05, 6.130354, 0.49, 34.498974
1459, 311, -0.0023999998811632395, -0.7439999631606042, False, 25.518452, 1.6481117e-05, 1.4901161e-08, 3.7388258e-05, 6.1303825, 0.49, 34.498974
1459, 312, -0.0023999998811632395, -0.7463999630417675, False, 25.278452, 1.7593953e-05, 1.4901161e-08, 3.7905895e-05, 6.130411, 0.49, 34.498974
1459, 313, -0.0023999998811632395, -0.7487999629229307, False, 25.038452, 1.6818665e-05, 0.0, 3.7143014e-05, 6.1304393, 0.49, 34.498974
1459, 314, -0.0023999998811632395, -0.751199962804094, False, 24.798452, 1.3853018e-05, 1.4901161e-08, 3.949154e-05, 6.130454, 0.49, 34.498974
1459, 315, -0.0023999998811632395, -0.7535999626852572, False, 24.558453, 1.4605489e-05, 0.0, 3.912593e-05, 6.130461, 0.49, 34.498974
1459, 316, -0.0023999998811632395, -0.7559999625664204, False, 24.318453, 9.9359195e-06, -1.4901161e-08, 3.9682116e-05, 6.130468, 0.49, 34.498974
1459, 317, -0.0023999998811632395, -0.7583999624475837, False, 24.078453, 1.1258055e-05, 0.0, 3.9354454e-05, 6.1304736, 0.49, 34.498974
1459, 318, -0.0023999998811632395, -0.7607999623287469, False, 23.838453, 1.1566868e-05, 0.0, 3.9608432e-05, 6.1304793, 0.49, 34.498974
1459, 319, -0.0023999998811632395, -0.7631999622099102, False, 23.598454, 1.1457965e-05, 0.0, 3.965692e-05, 6.130485, 0.49, 34.498974
1459, 320, -0.0023999998811632395, -0.7655999620910734, False, 23.358454, 1.1339733e-05, 1.4901161e-08, 3.931809e-05, 6.130491, 0.49, 34.498974
1459, 321, -0.0023999998811632395, -0.7679999619722366, False, 23.118454, 1.5262709e-05, 0.0, 3.895296e-05, 6.130497, 0.49, 34.498974
1459, 322, -0.0023999998811632395, -0.7703999618533999, False, 22.878454, 1.7914184e-05, 0.0, 3.723118e-05, 6.1305046, 0.49, 34.498974
1459, 323, -0.0023999998811632395, -0.7727999617345631, False, 22.638454, 1.7063914e-05, 0.0, 3.748056e-05, 6.130533, 0.49, 34.498974
1459, 324, -0.0023999998811632395, -0.7751999616157264, False, 22.398455, 1.7256798e-05, 1.4901161e-08, 3.7340425e-05, 6.130561, 0.49, 34.498974
1459, 325, -0.0023999998811632395, -0.7775999614968896, False, 22.158455, 1.6836382e-05, 0.0, 3.676177e-05, 6.1305885, 0.49, 34.498974
1459, 326, -0.0023999998811632395, -0.7799999613780528, False, 21.918455, 1.6718092e-05, 0.0, 3.670036e-05, 6.130616, 0.49, 34.498974
1459, 327, -0.0023999998811632395, -0.7823999612592161, False, 21.678455, 1.2458733e-05, -1.4901161e-08, 3.8507063e-05, 6.13063, 0.49, 34.498974
1459, 328, -0.0023999998811632395, -0.7847999611403793, False, 21.438456, 1.37513525e-05, 1.4901161e-08, 3.8242553e-05, 6.130637, 0.49, 34.498974
1459, 329, -0.0023999998811632395, -0.7871999610215425, False, 21.198456, 1.0217514e-05, 0.0, 3.9948216e-05, 6.130644, 0.49, 34.498974
1459, 330, -0.0023999998811632395, -0.7895999609027058, False, 20.958456, 1.1433727e-05, 0.0, 3.9602466e-05, 6.1306496, 0.49, 34.498974
1459, 331, -0.0023999998811632395, -0.791999960783869, False, 20.718456, 1.15336825e-05, 0.0, 3.9753697e-05, 6.1306553, 0.49, 34.498974
1459, 332, -0.0023999998811632395, -0.7943999606650323, False, 20.478456, 1.1376294e-05, -1.4901161e-08, 3.969328e-05, 6.130661, 0.49, 34.498974
1459, 333, -0.0023999998811632395, -0.7967999605461955, False, 20.238457, 1.1246129e-05, 0.0, 3.9620743e-05, 6.1306667, 0.49, 34.498974
1459, 334, -0.0023999998811632395, -0.7991999604273587, False, 19.998457, 1.1382259e-05, 1.4901161e-08, 3.9560135e-05, 6.1306725, 0.49, 34.498974
1459, 335, -0.0023999998811632395, -0.801599960308522, False, 19.758457, 1.1442675e-05, 0.0, 3.9402745e-05, 6.130678, 0.49, 34.498974
1459, 336, -0.0023999998811632395, -0.8039999601896852, False, 19.518457, 1.1388223e-05, 0.0, 3.942699e-05, 6.130684, 0.49, 34.498974
1459, 337, -0.0023999998811632395, -0.8063999600708485, False, 19.278458, 1.5254728e-05, 0.0, 3.881992e-05, 6.13069, 0.49, 34.498974
1459, 338, -0.0023999998811632395, -0.8087999599520117, False, 19.038458, 1.766442e-05, 0.0, 3.7191618e-05, 6.1306977, 0.49, 34.498974
1459, 339, -0.0023999998811632395, -0.8111999598331749, False, 18.798458, 1.7738625e-05, 0.0, 3.7800786e-05, 6.1307263, 0.49, 34.498974
1459, 340, -0.0023999998811632395, -0.8135999597143382, False, 18.558458, 1.3030831e-05, 0.0, 3.9140326e-05, 6.1307406, 0.49, 34.498974
1459, 341, -0.0023999998811632395, -0.8159999595955014, False, 18.318459, 1.3959976e-05, 0.0, 3.8603885e-05, 6.1307473, 0.49, 34.498974
1459, 342, -0.0023999998811632395, -0.8183999594766647, False, 18.078459, 3.7672705e-06, 0.0, -6.651325e-07, 6.130746, 0.49, 34.498985
1459, 343, -0.0023999998811632395, -0.8207999593578279, False, 17.838459, 1.2064361e-05, 1.4901161e-08, 3.6842368e-05, 6.130753, 0.49, 34.498985
1459, 344, -0.0023999998811632395, -0.8231999592389911, False, 17.59846, 1.15974735e-05, 0.0, 4.011677e-05, 6.130759, 0.49, 34.498985
1459, 345, -0.0023999998811632395, -0.8255999591201544, False, 17.35846, 1.515335e-05, 0.0, 3.84655e-05, 6.1307654, 0.49, 34.498985
1459, 346, -0.0023999998811632395, -0.8279999590013176, False, 17.11846, 1.4003612e-05, 1.4901161e-08, 3.844104e-05, 6.1307726, 0.49, 34.498985
1459, 347, -0.0023999998811632395, -0.8303999588824809, False, 16.87846, 1.388041e-05, 0.0, 3.8168044e-05, 6.1307797, 0.49, 34.498985
1459, 348, -0.0023999998811632395, -0.8327999587636441, False, 16.63846, 1.4363091e-05, 0.0, 3.8646453e-05, 6.130787, 0.49, 34.498985
1459, 349, -0.0023999998811632395, -0.8351999586448073, False, 16.39846, 1.0411086e-05, 0.0, 3.979679e-05, 6.1307936, 0.49, 34.498985
1459, 350, -0.0023999998811632395, -0.8375999585259706, False, 16.15846, 1.1182356e-05, 0.0, 3.9257666e-05, 6.1307993, 0.49, 34.498985
1459, 351, -0.0023999998811632395, -0.8399999584071338, False, 15.918461, 1.141844e-05, 0.0, 3.934829e-05, 6.130805, 0.49, 34.498985
1459, 352, -0.0023999998811632395, -0.8423999582882971, False, 15.678461, 1.1221896e-05, 0.0, 3.956629e-05, 6.1308107, 0.49, 34.498985
1459, 353, -0.0023999998811632395, -0.8447999581694603, False, 15.438461, 1.1300591e-05, 0.0, 3.9596496e-05, 6.1308165, 0.49, 34.498985
1459, 354, -0.0023999998811632395, -0.8471999580506235, False, 15.198462, 8.106232e-06, 0.0, 2.481063, 6.0900135, 0.49, 34.59063
1459, 355, -0.0023999998811632395, -0.8495999579317868, False, 14.958462, 0.0057849586, 0.0, -0.66617996, 6.0848308, 0.49, 34.60703
1459, 356, -0.0023999998811632395, -0.85199995781295, False, 14.718462, 0.004480958, 0.0, -3.085279, 6.153973, 0.49, 34.48785
1459, 357, -0.0023999998811632395, -0.8543999576941133, False, 14.478462, 2.9660177e-05, 0.0, 9.196408e-05, 6.1552024, 0.49, 34.497982
1459, 358, -0.0023999998811632395, -0.8567999575752765, False, 14.238462, 1.41359415e-05, 1.4901161e-08, 4.2425345e-05, 6.1552057, 0.49, 34.498383
1459, 359, -0.0023999998811632395, -0.8591999574564397, False, 13.998463, 1.30630615e-05, 0.0, 4.0567054e-05, 6.155211, 0.49, 34.498623
1459, 360, -0.0023999998811632395, -0.861599957337603, False, 13.758463, 1.3338982e-05, 1.4901161e-08, 4.02701e-05, 6.155217, 0.49, 34.498764
1459, 361, -0.0023999998811632395, -0.8639999572187662, False, 13.518463, 1.2131208e-05, 0.0, 3.8833816e-05, 6.1552234, 0.49, 34.49885
1459, 362, -0.0023999998811632395, -0.8663999570999295, False, 13.278463, 1.2852308e-05, 0.0, 3.9725175e-05, 6.1552305, 0.49, 34.498905
1459, 363, -0.0023999998811632395, -0.8687999569810927, False, 13.038464, 1.2033815e-05, 0.0, 3.854592e-05, 6.1552377, 0.49, 34.498936
1459, 364, -0.0023999998811632395, -0.8711999568622559, False, 12.798464, 1.2580094e-05, 1.4901161e-08, 3.919408e-05, 6.155245, 0.49, 34.498955
1459, 365, -0.0023999998811632395, -0.8735999567434192, False, 12.558464, 1.18430235e-05, 0.0, 3.8036644e-05, 6.155252, 0.49, 34.498966
1459, 366, -0.0023999998811632395, -0.8759999566245824, False, 12.318464, 1.2444916e-05, 1.4901161e-08, 3.8721526e-05, 6.155259, 0.49, 34.49897
1459, 367, -0.0023999998811632395, -0.8783999565057456, False, 12.0784645, 1.1898635e-05, 1.4901161e-08, 3.807336e-05, 6.1552663, 0.49, 34.49897
1459, 368, -0.0023999998811632395, -0.8807999563869089, False, 11.838465, 1.23238515e-05, 0.0, 3.8929073e-05, 6.1552734, 0.49, 34.49897
1459, 369, -0.0023999998811632395, -0.8831999562680721, False, 11.598465, 1.1868833e-05, 1.4901161e-08, 3.8021743e-05, 6.1552806, 0.49, 34.49897
1459, 370, -0.0023999998811632395, -0.8855999561492354, False, 11.358465, 1.2435075e-05, 0.0, 3.9002505e-05, 6.1552877, 0.49, 34.49897
1459, 371, -0.0023999998811632395, -0.8879999560303986, False, 11.118465, 1.1761602e-05, 1.4901161e-08, 3.8014827e-05, 6.155295, 0.49, 34.49897
1459, 372, -0.0023999998811632395, -0.8903999559115618, False, 10.878466, 1.2319861e-05, 0.0, 3.886255e-05, 6.155302, 0.49, 34.49897
1459, 373, -0.0023999998811632395, -0.8927999557927251, False, 10.638466, 1.1847016e-05, 0.0, 3.8103164e-05, 6.155309, 0.49, 34.49897
1459, 374, -0.0023999998811632395, -0.8951999556738883, False, 10.398466, 1.2349661e-05, 1.4901161e-08, 3.891417e-05, 6.1553164, 0.49, 34.49897
1459, 375, -0.0023999998811632395, -0.8975999555550516, False, 10.158466, 1.1825199e-05, 0.0, 3.8184586e-05, 6.1553235, 0.49, 34.49897
1459, 376, -0.0023999998811632395, -0.8999999554362148, False, 9.918467, 1.2516497e-05, 0.0, 3.9024322e-05, 6.1553307, 0.49, 34.49897
1459, 377, -0.0023999998811632395, -0.902399955317378, False, 9.678467, 1.1872826e-05, -1.4901161e-08, 3.8088263e-05, 6.155338, 0.49, 34.49897
1459, 378, -0.0023999998811632395, -0.9047999551985413, False, 9.438467, 1.2480848e-05, 0.0, 3.9320206e-05, 6.155345, 0.49, 34.49897
1459, 379, -0.0023999998811632395, -0.9071999550797045, False, 9.198467, 1.186484e-05, 1.4901161e-08, 3.7955222e-05, 6.155352, 0.49, 34.49897
1459, 380, -0.0023999998811632395, -0.9095999549608678, False, 8.9584675, 8.6772025e-06, 0.0, 3.978582e-05, 6.155359, 0.49, 34.49897
1459, 381, -0.0023999998811632395, -0.911999954842031, False, 8.718468, 1.0307768e-05, 0.0, 3.912509e-05, 6.1553645, 0.49, 34.49897
1459, 382, -0.0023999998811632395, -0.9143999547231942, False, 8.478468, 9.5264e-06, 1.4901161e-08, 3.8102826e-05, 6.15537, 0.49, 34.49897
1459, 383, -0.0023999998811632395, -0.9167999546043575, False, 8.238468, 1.0434948e-05, 0.0, 3.9264207e-05, 6.155376, 0.49, 34.49897
1459, 384, -0.0023999998811632395, -0.9191999544855207, False, 7.9984684, 9.3872895e-06, 0.0, 3.8230006e-05, 6.1553817, 0.49, 34.49897
1459, 385, -0.0023999998811632395, -0.921599954366684, False, 7.7584686, 9.9292065e-06, 0.0, 3.8641185e-05, 6.1553874, 0.49, 34.49897
1459, 386, -0.0023999998811632395, -0.9239999542478472, False, 7.518469, 1.3598365e-05, 0.0, 3.7917933e-05, 6.155394, 0.49, 34.49897
1459, 387, -0.0023999998811632395, -0.9263999541290104, False, 7.278469, 1.1948403e-05, 1.4901161e-08, 3.845758e-05, 6.155401, 0.49, 34.49897
1459, 388, -0.0023999998811632395, -0.9287999540101737, False, 7.0384693, 1.2337687e-05, 0.0, 3.8714606e-05, 6.1554084, 0.49, 34.49897
1459, 389, -0.0023999998811632395, -0.9311999538913369, False, 6.7984695, 1.1839034e-05, 1.4901161e-08, 3.7970123e-05, 6.1554155, 0.49, 34.49897
1459, 390, -0.0023999998811632395, -0.9335999537725002, False, 6.55847, 1.254231e-05, 0.0, 3.900942e-05, 6.1554227, 0.49, 34.49897
1459, 391, -0.0023999998811632395, -0.9359999536536634, False, 6.31847, 1.1916463e-05, 0.0, 3.792542e-05, 6.15543, 0.49, 34.49897
1459, 392, -0.0023999998811632395, -0.9383999535348266, False, 6.07847, 1.2435079e-05, 0.0, 3.9002505e-05, 6.155437, 0.49, 34.49897
1459, 393, -0.0023999998811632395, -0.9407999534159899, False, 5.8384705, 1.1924449e-05, 1.4901161e-08, 3.805846e-05, 6.155444, 0.49, 34.49897
1459, 394, -0.0023999998811632395, -0.9431999532971531, False, 5.5984707, 8.655945e-06, 0.0, 3.9664792e-05, 6.155451, 0.49, 34.49897
1459, 395, -0.0023999998811632395, -0.9455999531783164, False, 5.358471, 1.0301807e-05, 1.4901161e-08, 3.925824e-05, 6.1554565, 0.49, 34.49897
1459, 396, -0.0023999998811632395, -0.9479999530594796, False, 5.118471, 5.8244395e-06, 0.0, 3.8468297e-05, 6.1554623, 0.49, 34.49897
1459, 397, -0.0023999998811632395, -0.9503999529406428, False, 4.8784714, 7.194956e-06, 0.0, 3.6706882e-05, 6.155467, 0.49, 34.49897
1459, 398, -0.0023999998811632395, -0.9527999528218061, False, 4.6384716, 1.2391108e-06, 0.0, 1.8427814e-06, 6.155465, 0.49, 34.49898
1459, 399, -0.0023999998811632395, -0.9551999527029693, False, 4.398472, 5.756911e-06, 0.0, 3.296156e-05, 6.155471, 0.49, 34.49898
1459, 400, -0.0023999998811632395, -0.9575999525841326, False, 4.158472, 8.755197e-06, 0.0, 3.7265356e-05, 6.155475, 0.49, 34.49898
1459, 401, -0.0023999998811632395, -0.9599999524652958, False, 3.9184723, 1.1532546e-05, 0.0, 3.799258e-05, 6.155481, 0.49, 34.49898
1459, 402, -0.0023999998811632395, -0.962399952346459, False, 3.6784725, 1.4132668e-05, 0.0, 3.8366536e-05, 6.1554875, 0.49, 34.49898
1459, 403, -0.0023999998811632395, -0.9647999522276223, False, 3.4384727, 1.2726972e-05, 0.0, 3.8971633e-05, 6.1554947, 0.49, 34.49898
1459, 404, -0.0023999998811632395, -0.9671999521087855, False, 3.198473, 1.1773585e-05, 0.0, 3.8214384e-05, 6.155502, 0.49, 34.49898
1459, 405, -0.0023999998811632395, -0.9695999519899487, False, 2.9584732, 1.2518356e-05, 1.4901161e-08, 3.86103e-05, 6.155509, 0.49, 34.49898
1459, 406, -0.0023999998811632395, -0.971999951871112, False, 2.7184734, 1.1815367e-05, 0.0, 3.8465565e-05, 6.155516, 0.49, 34.49898
1459, 407, -0.0023999998811632395, -0.9743999517522752, False, 2.4784737, 1.24867e-05, 0.0, 3.8972703e-05, 6.1555233, 0.49, 34.49898
1459, 408, -0.0023999998811632395, -0.9767999516334385, False, 2.238474, 1.1632559e-05, 0.0, 3.808933e-05, 6.1555305, 0.49, 34.49898
1459, 409, -0.0023999998811632395, -0.9791999515146017, False, 1.998474, 1.15053645e-05, 0.0, 3.774981e-05, 6.1555376, 0.49, 34.49898
1459, 410, -0.0023999998811632395, -0.981599951395765, False, 1.7584739, 8.655945e-06, 0.0, 3.9664792e-05, 6.1555443, 0.49, 34.49898
1459, 411, -0.0023999998811632395, -0.9839999512769282, False, 1.5184737, 1.025332e-05, 1.4901161e-08, 3.9149338e-05, 6.15555, 0.49, 34.49898
1459, 412, -0.0023999998811632395, -0.9863999511580914, False, 1.2784736, 9.538719e-06, 0.0, 3.842357e-05, 6.1555557, 0.49, 34.49898
1459, 413, -0.0023999998811632395, -0.9887999510392547, False, 1.0384735, 9.51111e-06, 0.0, 3.784865e-05, 6.1555614, 0.49, 34.49898
1459, 414, -0.0023999998811632395, -0.9911999509204179, False, 0.79847354, 1.0334998e-05, 0.0, 3.9112972e-05, 6.155567, 0.49, 34.49898
1459, 415, -0.0023999998811632395, -0.9935999508015811, False, 0.5584736, 9.695726e-06, 0.0, 3.789695e-05, 6.155573, 0.49, 34.49898
1459, 416, -0.0023999998811632395, -0.9959999506827444, False, 0.31847364, 9.823289e-06, 0.0, 3.8623097e-05, 6.1555786, 0.49, 34.49898
1459, 417, -0.0023999998811632395, -0.9983999505639076, False, 0.07847364, 1.34275415e-05, 1.4901161e-08, 3.7741258e-05, 6.1555853, 0.49, 34.49898
1459, 418, -0.0007999999797903001, -0.9991999505436979, True, 0.0, 1.4736512e-05, 1.4901161e-08, 3.724965e-05, 6.1555853, 0.49, 34.49898
