episode, step, reward, cumulative reward, done, health, vx, vy, vz, px, py, pz
1498, 1, 0.0, 0.0, False, 99.96, 0.0, -0.1899216, 0.0, 20.0, 0.50620157, 15.0
1498, 2, -0.0011999999405816197, -0.0011999999405816197, False, 99.84, -0.07695181, -0.06980896, 1.510284, 20.002218, 0.49034908, 15.047118
1498, 3, -0.0011999999405816197, -0.0023999998811632395, False, 99.71999, 0.017704308, -0.0005579144, -1.3499335, 19.994202, 0.4900028, 15.0177
1498, 4, -0.0011999999405816197, -0.0035999998217448592, False, 99.59999, 0.30563587, -4.7683716e-06, -3.690542, 19.955957, 0.49000004, 14.845742
1498, 5, -0.0011999999405816197, -0.004799999762326479, False, 99.47999, 0.40024686, 0.0, -2.111334, 19.91989, 0.49000004, 14.692763
1498, 6, -0.0011999999405816197, -0.005999999702908099, False, 99.359985, 0.18899134, 0.0, 0.9019161, 19.935556, 0.49000004, 14.684241
1498, 7, -0.0011999999405816197, -0.0071999996434897184, False, 99.23998, -0.10166597, 0.0, 3.3047988, 20.021587, 0.49000004, 14.808956
1498, 8, -0.0011999999405816197, -0.008399999584071338, False, 99.11998, -0.5608156, 0.0, 5.446936, 20.187471, 0.49000004, 15.042091
1498, 9, -0.0011999999405816197, -0.009599999524652958, False, 98.99998, -1.1590362, 0.0, 7.3385553, 20.438858, 0.49000004, 15.362913
1498, 10, -0.0011999999405816197, -0.010799999465234578, False, 98.879974, -1.8620124, 0.0, 8.99144, 20.779448, 0.49000004, 15.75144
1498, 11, -0.0011999999405816197, -0.011999999405816197, False, 98.75997, -2.638438, 0.0, 10.419426, 21.211174, 0.49000004, 16.18843
1498, 12, -0.0011999999405816197, -0.013199999346397817, False, 98.63997, -3.4609299, 0.0, 11.637913, 21.734304, 0.49000004, 16.655447
1498, 13, -0.0011999999405816197, -0.014399999286979437, False, 98.519966, -4.3060484, 0.0, 12.663326, 22.347498, 0.49000004, 17.134932
1498, 14, -0.0011999999405816197, -0.015599999227561057, False, 98.39996, -5.1541114, 0.0, 13.512634, 23.04789, 0.49000004, 17.610298
1498, 15, -0.0011999999405816197, -0.016799999168142676, False, 98.27996, -5.568202, 0.0, 8.611631, 23.608429, 0.49000004, 18.023008
1498, 16, -0.0011999999405816197, -0.017999999108724296, False, 98.15996, -4.068762, 0.0, 5.044928, 23.964493, 0.49000004, 18.310173
1498, 17, -0.0011999999405816197, -0.019199999049305916, False, 98.039955, -4.1498036, 0.0, 6.7009172, 24.350414, 0.49000004, 18.529417
1498, 18, -0.0011999999405816197, -0.020399998989887536, False, 97.91995, -4.401352, 0.0, 8.172588, 24.849794, 0.49000004, 18.702961
1498, 19, -0.0011999999405816197, -0.021599998930469155, False, 97.79995, -4.7781053, 0.0, 9.47017, 25.448357, 0.49000004, 18.820501
1498, 20, -0.0011999999405816197, -0.022799998871050775, False, 97.67995, -5.2448215, 0.0, 10.602801, 26.131859, 0.49000004, 18.872633
1498, 21, -0.0011999999405816197, -0.023999998811632395, False, 97.559944, -4.0216413, 0.0, 6.3567076, 26.660997, 0.49000004, 18.894066
1498, 22, -0.0011999999405816197, -0.025199998752214015, False, 97.43994, -4.252158, 0.0, 7.874847, 27.16742, 0.49000004, 18.85287
1498, 23, -0.0011999999405816197, -0.026399998692795634, False, 97.31994, -4.6158276, 0.0, 9.215448, 27.743567, 0.49000004, 18.719864
1498, 24, -0.0011999999405816197, -0.027599998633377254, False, 97.199936, -5.075555, 0.0, 10.387737, 28.372446, 0.49000004, 18.492338
1498, 25, -0.0011999999405816197, -0.028799998573958874, False, 97.07993, -3.8967006, 0.0, 6.2261977, 28.852219, 0.49000004, 18.298891
1498, 26, -0.0011999999405816197, -0.029999998514540493, False, 96.95993, -4.1288323, 0.0, 7.767905, 29.288141, 0.49000004, 18.057156
1498, 27, -0.0011999999405816197, -0.031199998455122113, False, 96.83993, -4.4963913, 0.0, 9.129601, 29.75142, 0.49000004, 17.70312
1498, 28, -0.0011999999405816197, -0.03239999839570373, False, 96.719925, -4.9615746, 0.0, 10.32061, 30.225348, 0.49000004, 17.241219
1498, 29, -0.0011999999405816197, -0.03359999833628535, False, 96.59992, -5.4943533, 0.0, 11.350732, 30.693998, 0.49000004, 16.676708
1498, 30, -0.0011999999405816197, -0.03479999827686697, False, 96.47992, -5.639218, 0.0, 6.6501126, 31.099033, 0.49000004, 16.238173
1498, 31, -0.0011999999405816197, -0.03599999821744859, False, 96.35992, -5.245143, 0.0, 2.4838004, 31.433372, 0.49000004, 16.02024
1498, 32, -0.0011999999405816197, -0.03719999815803021, False, 96.239914, -3.3381236, 0.0, 1.1715817, 31.662416, 0.49000004, 15.911777
1498, 33, -0.0011999999405816197, -0.03839999809861183, False, 96.11991, -2.6271877, 0.0, -1.9508734, 31.84374, 0.49000004, 15.938735
1498, 34, -0.0011999999405816197, -0.03959999803919345, False, 95.99991, -2.0665584, 0.0, 0.8066534, 31.972176, 0.49000004, 15.906425
1498, 35, -0.0011999999405816197, -0.04079999797977507, False, 95.879906, -1.9148307, 0.0, 3.09445, 32.02601, 0.49000004, 15.73235
1498, 36, -0.0011999999405816197, -0.04199999792035669, False, 95.7599, -1.289603, 0.0, 1.6656032, 32.046803, 0.49000004, 15.579527
1498, 37, -0.0011999999405816197, -0.04319999786093831, False, 95.6399, -1.3751272, 0.0, 3.8859172, 32.00566, 0.49000004, 15.378254
1498, 38, -0.0011999999405816197, -0.04439999780151993, False, 95.5199, -1.6963332, 0.0, 5.8660617, 31.875874, 0.49000004, 15.078012
1498, 39, -0.0011999999405816197, -0.04559999774210155, False, 95.399895, -2.1789107, 0.0, 7.6200123, 31.65457, 0.49000004, 14.698
1498, 40, -0.0011999999405816197, -0.04679999768268317, False, 95.27989, -2.7770448, 0.0, 9.157546, 31.33951, 0.49000004, 14.257099
1498, 41, -0.0011999999405816197, -0.04799999762326479, False, 95.15989, -3.4555984, 0.0, 10.490137, 30.92969, 0.49000004, 13.773685
1498, 42, -0.0011999999405816197, -0.04919999756384641, False, 95.03989, -1.4838753, 0.0, 6.8443403, 30.60088, 0.49000004, 13.40552
1498, 43, -0.0011999999405816197, -0.05039999750442803, False, 94.91988, -0.4736514, 0.0, 8.788708, 30.257437, 0.49000004, 13.052432
1498, 44, -0.0011999999405816197, -0.05159999744500965, False, 94.79988, -1.4069362, 0.0, 10.359755, 29.83125, 0.49000004, 12.637226
1498, 45, -0.0011999999405816197, -0.05279999738559127, False, 94.67988, -2.3750181, 0.0, 11.692596, 29.32274, 0.49000004, 12.175171
1498, 46, -0.0011999999405816197, -0.05399999732617289, False, 94.559875, -2.9422984, 0.0, 7.2077637, 28.92945, 0.49000004, 11.794425
1498, 47, -0.0011999999405816197, -0.05519999726675451, False, 94.43987, -1.3530502, 0.0, 4.655448, 28.691206, 0.49000004, 11.545941
1498, 48, -0.0011999999405816197, -0.05639999720733613, False, 94.31987, -0.5148996, 0.0, 2.8600097, 28.546116, 0.49000004, 11.394616
1498, 49, -0.0011999999405816197, -0.05759999714791775, False, 94.19987, -0.24764341, 0.0, -0.29286417, 28.526882, 0.49000004, 11.354871
1498, 50, -0.0011999999405816197, -0.05879999708849937, False, 94.079865, -0.026385903, 0.0, 2.2354624, 28.473326, 0.49000004, 11.288499
1498, 51, -0.0011999999405816197, -0.05999999702908099, False, 93.95986, -0.02980569, 0.0, -0.85352683, 28.469696, 0.49000004, 11.28556
1498, 52, -0.0011999999405816197, -0.06119999696966261, False, 93.83986, -0.26829612, 0.0, -3.242038, 28.55599, 0.49000004, 11.406112
1498, 53, -0.0011999999405816197, -0.062399996910244226, False, 93.71986, -0.18605074, 0.0, 0.07143992, 28.596989, 0.49000004, 11.449861
1498, 54, -0.0011999999405816197, -0.06359999685082585, False, 93.59985, -0.2904818, 0.0, -2.3984299, 28.641796, 0.49000004, 11.5354
1498, 55, -0.0011999999405816197, -0.06479999679140747, False, 93.47985, -0.63009024, 0.0, -4.6136, 28.726612, 0.49000004, 11.755114
1498, 56, -0.0011999999405816197, -0.06599999673198909, False, 93.35985, -0.5400306, 0.0, -6.66727, 28.834784, 0.49000004, 12.10002
1498, 57, -0.0011999999405816197, -0.0671999966725707, False, 93.239845, -1.2599831, 0.0, -8.440663, 28.959879, 0.49000004, 12.559295
1498, 58, -0.0011999999405816197, -0.06839999661315233, False, 93.11984, -2.0585177, 0.0, -9.9758215, 29.086191, 0.49000004, 13.124246
1498, 59, -0.0011999999405816197, -0.06959999655373394, False, 92.99984, -2.9081674, 0.0, -11.289012, 29.196991, 0.49000004, 13.785744
1498, 60, -0.0011999999405816197, -0.07079999649431556, False, 92.87984, -3.7846985, 0.0, -12.397407, 29.27723, 0.49000004, 14.533702
1498, 61, -0.0011999999405816197, -0.07199999643489718, False, 92.759834, -4.6674185, 0.0, -13.318739, 29.31354, 0.49000004, 15.357191
1498, 62, -0.0011999999405816197, -0.0731999963754788, False, 92.63983, -5.119314, 0.0, -8.477983, 29.368425, 0.49000004, 16.03012
1498, 63, -0.0011999999405816197, -0.07439999631606042, False, 92.51983, -5.4415474, 0.0, -9.685347, 29.388233, 0.49000004, 16.67217
1498, 64, -0.0011999999405816197, -0.07559999625664204, False, 92.399826, -5.4114738, 0.0, -5.1714897, 29.438967, 0.49000004, 17.186537
1498, 65, -0.0011999999405816197, -0.07679999619722366, False, 92.27982, -4.3171186, 0.0, -2.1837306, 29.573929, 0.49000004, 17.494864
1498, 66, -0.0011999999405816197, -0.07799999613780528, False, 92.15982, -3.5594773, 0.0, 0.46383762, 29.76663, 0.49000004, 17.615162
1498, 67, -0.0011999999405816197, -0.0791999960783869, False, 92.03982, -3.1642087, 0.0, 2.7260985, 29.99078, 0.49000004, 17.569454
1498, 68, -0.0011999999405816197, -0.08039999601896852, False, 91.919815, -3.0972211, 0.0, 4.708911, 30.22922, 0.49000004, 17.37762
1498, 69, -0.0011999999405816197, -0.08159999595955014, False, 91.79981, -3.266794, 0.0, 6.473405, 30.467478, 0.49000004, 17.053646
1498, 70, -0.0011999999405816197, -0.08279999590013176, False, 91.67981, -3.6055284, 0.0, 8.038661, 30.69124, 0.49000004, 16.609322
1498, 71, -0.0011999999405816197, -0.08399999584071338, False, 91.55981, -3.617371, 0.0, 3.8452, 30.889969, 0.49000004, 16.282385
1498, 72, -0.0011999999405816197, -0.085199995781295, False, 91.439804, -3.1260657, 0.0, 0.2188127, 31.073498, 0.49000004, 16.166393
1498, 73, -0.0011999999405816197, -0.08639999572187662, False, 91.3198, -1.7713172, 0.0, -0.061733842, 31.199493, 0.49000004, 16.130255
1498, 74, -0.0011999999405816197, -0.08759999566245824, False, 91.1998, -1.5447536, 0.0, 2.369246, 31.25097, 0.49000004, 16.006681
1498, 75, -0.0011999999405816197, -0.08879999560303986, False, 91.079796, -1.6717317, 0.0, 4.496145, 31.22819, 0.49000004, 15.760232
1498, 76, -0.0011999999405816197, -0.08999999554362148, False, 90.95979, -2.014671, 0.0, 6.390888, 31.127495, 0.49000004, 15.410087
1498, 77, -0.0011999999405816197, -0.0911999954842031, False, 90.83979, -2.5084686, 0.0, 8.065731, 30.943968, 0.49000004, 14.974743
1498, 78, -0.0011999999405816197, -0.09239999542478472, False, 90.71979, -3.1098232, 0.0, 9.53072, 30.673462, 0.49000004, 14.472432
1498, 79, -0.0011999999405816197, -0.09359999536536634, False, 90.599785, -3.7850866, 0.0, 10.797468, 30.31312, 0.49000004, 13.921022
1498, 80, -0.0011999999405816197, -0.09479999530594796, False, 90.47978, -3.1072302, 0.0, 6.5679674, 30.021883, 0.49000004, 13.500146
1498, 81, -0.0011999999405816197, -0.09599999524652958, False, 90.35978, -3.4764977, 0.0, 8.136141, 29.698109, 0.49000004, 13.119945
1498, 82, -0.0011999999405816197, -0.0971999951871112, False, 90.23978, -3.963344, 0.0, 9.513272, 29.264431, 0.49000004, 12.720635
1498, 83, -0.0011999999405816197, -0.09839999512769282, False, 90.119774, -4.0952344, 0.0, 5.129772, 28.94275, 0.49000004, 12.385384
1498, 84, -0.0011999999405816197, -0.09959999506827444, False, 89.99977, -2.1770222, 0.0, 3.403943, 28.759775, 0.49000004, 12.16262
1498, 85, -0.0011999999405816197, -0.10079999500885606, False, 89.87977, -1.0621494, 0.0, 2.120944, 28.6502, 0.49000004, 12.029218
1498, 86, -0.0011999999405816197, -0.10199999494943768, False, 89.759766, -0.44642502, 0.0, 1.1876143, 28.58916, 0.49000004, 11.954905
1498, 87, -0.0011999999405816197, -0.1031999948900193, False, 89.63976, -0.07871628, 0.0, 3.5874465, 28.457087, 0.49000004, 11.849186
1498, 88, -0.0011999999405816197, -0.10439999483060092, False, 89.51976, 0.17140853, 0.0, 2.0658867, 28.336176, 0.49000004, 11.757223
1498, 89, -0.0011999999405816197, -0.10559999477118254, False, 89.39976, 0.029097944, 0.0, -0.89146745, 28.331533, 0.49000004, 11.76226
1498, 90, -0.0011999999405816197, -0.10679999471176416, False, 89.279755, -0.020892754, 0.0, -0.2893089, 28.349798, 0.49000004, 11.783927
1498, 91, -0.0011999999405816197, -0.10799999465234578, False, 89.15975, 0.0, 0.0, 0.0, 28.351677, 0.49000004, 11.786156
1498, 92, -0.0011999999405816197, -0.1091999945929274, False, 89.03975, -0.16571927, 0.0, -2.4744322, 28.39963, 0.49000004, 11.874228
1498, 93, -0.0011999999405816197, -0.11039999453350902, False, 88.91975, -0.5343287, 0.0, -4.6925297, 28.502657, 0.49000004, 12.090436
1498, 94, -0.0011999999405816197, -0.11159999447409064, False, 88.79974, -1.0623158, 0.0, -6.6607795, 28.64022, 0.49000004, 12.428687
1498, 95, -0.0011999999405816197, -0.11279999441467226, False, 88.67974, -1.7110643, 0.0, -8.38909, 28.793177, 0.49000004, 12.881747
1498, 96, -0.0011999999405816197, -0.11399999435525388, False, 88.55974, -2.4466884, 0.0, -9.889963, 28.943838, 0.49000004, 13.441308
1498, 97, -0.0011999999405816197, -0.1151999942958355, False, 88.439735, -3.2398162, 0.0, -11.177834, 29.076029, 0.49000004, 14.098063
1498, 98, -0.0011999999405816197, -0.11639999423641711, False, 88.31973, -4.065316, 0.0, -12.268416, 29.175123, 0.49000004, 14.841797
1498, 99, -0.0011999999405816197, -0.11759999417699873, False, 88.19973, -4.90201, 0.0, -13.178221, 29.228102, 0.49000004, 15.6614895
1498, 100, -0.0011999999405816197, -0.11879999411758035, False, 88.07973, -5.311182, 0.0, -8.332647, 29.297691, 0.49000004, 16.331007
1498, 101, -0.0011999999405816197, -0.11999999405816197, False, 87.959724, -4.0082846, 0.0, -4.943461, 29.420313, 0.49000004, 16.76281
1498, 102, -0.0011999999405816197, -0.1211999939987436, False, 87.83972, -3.0930166, 0.0, -1.8210568, 29.573994, 0.49000004, 16.976948
1498, 103, -0.0011999999405816197, -0.12239999393932521, False, 87.71972, -2.4937909, 0.0, 0.8712151, 29.731283, 0.49000004, 16.998549
1498, 104, -0.0011999999405816197, -0.12359999387990683, False, 87.59972, -2.2881148, 0.0, 3.1300302, 29.874857, 0.49000004, 16.859552
1498, 105, -0.0011999999405816197, -0.12479999382048845, False, 87.47971, -2.3911107, 0.0, 5.1239977, 29.995123, 0.49000004, 16.581942
1498, 106, -0.0011999999405816197, -0.12599999376107007, False, 87.35971, -2.7009969, 0.0, 6.898114, 30.081127, 0.49000004, 16.181572
1498, 107, -0.0011999999405816197, -0.1271999937016517, False, 87.23971, -3.1573582, 0.0, 8.465242, 30.121552, 0.49000004, 15.673236
1498, 108, -0.0011999999405816197, -0.1283999936422333, False, 87.119705, -3.7179556, 0.0, 9.835432, 30.105835, 0.49000004, 15.071707
1498, 109, -0.0011999999405816197, -0.12959999358281493, False, 86.9997, -3.91631, 0.0, 5.4357, 30.120302, 0.49000004, 14.59741
1498, 110, -0.0011999999405816197, -0.13079999352339655, False, 86.8797, -4.059851, 0.0, 7.060507, 30.099346, 0.49000004, 14.138827
1498, 111, -0.0011999999405816197, -0.13199999346397817, False, 86.7597, -4.361021, 0.0, 8.501477, 29.984295, 0.49000004, 13.6061325
1498, 112, -0.0011999999405816197, -0.1331999934045598, False, 86.639694, -3.2915244, 0.0, 5.038309, 29.875326, 0.49000004, 13.194985
1498, 113, -0.0011999999405816197, -0.1343999933451414, False, 86.51969, -3.4718535, 0.0, 6.7529316, 29.707376, 0.49000004, 12.806167
1498, 114, -0.0011999999405816197, -0.13559999328572303, False, 86.39969, -3.8141403, 0.0, 8.272831, 29.428413, 0.49000004, 12.371718
1498, 115, -0.0011999999405816197, -0.13679999322630465, False, 86.279686, -2.7070596, 0.0, 4.7222233, 29.236425, 0.49000004, 12.024054
1498, 116, -0.0011999999405816197, -0.13799999316688627, False, 86.15968, -1.9737496, 0.0, 1.4661891, 29.203928, 0.49000004, 11.826734
1498, 117, -0.0011999999405816197, -0.1391999931074679, False, 86.03968, -1.3103122, 0.0, 4.014679, 29.137686, 0.49000004, 11.623911
1498, 118, -0.0011999999405816197, -0.1403999930480495, False, 85.91968, -1.6547813, 0.0, 5.986758, 28.96986, 0.49000004, 11.335835
1498, 119, -0.0011999999405816197, -0.14159999298863113, False, 85.799675, -2.1554108, 0.0, 7.732012, 28.703531, 0.49000004, 10.978166
1498, 120, -0.0011999999405816197, -0.14279999292921275, False, 85.67967, -1.3206432, 0.0, 4.0552444, 28.520859, 0.49000004, 10.704505
1498, 121, -0.0011999999405816197, -0.14399999286979437, False, 85.55967, -0.83208615, 0.0, 0.7051443, 28.487339, 0.49000004, 10.587332
1498, 122, -0.0011999999405816197, -0.145199992810376, False, 85.43967, -0.67349285, 0.0, -1.8656709, 28.557404, 0.49000004, 10.612502
1498, 123, -0.0011999999405816197, -0.1463999927509576, False, 85.319664, -0.44116762, 0.0, -0.9106027, 28.622255, 0.49000004, 10.656492
1498, 124, -0.0011999999405816197, -0.14759999269153923, False, 85.19966, -0.59700215, 0.0, -3.2635694, 28.715305, 0.49000004, 10.777909
1498, 125, -0.0011999999405816197, -0.14879999263212085, False, 85.07966, -0.97288036, 0.0, -5.367949, 28.857578, 0.49000004, 11.025319
1498, 126, -0.0011999999405816197, -0.14999999257270247, False, 84.959656, -1.5050483, 0.0, -7.2320037, 29.029676, 0.49000004, 11.392371
1498, 127, -0.0011999999405816197, -0.1511999925132841, False, 84.83965, -2.151804, 0.0, -8.865558, 29.213154, 0.49000004, 11.871867
1498, 128, -0.0011999999405816197, -0.1523999924538657, False, 84.71965, -2.8791296, 0.0, -10.280955, 29.390846, 0.49000004, 12.455613
1498, 129, -0.0011999999405816197, -0.15359999239444733, False, 84.59965, -3.6583576, 0.0, -11.492373, 29.546991, 0.49000004, 13.1344385
1498, 130, -0.0011999999405816197, -0.15479999233502895, False, 84.479645, -4.4653172, 0.0, -12.515202, 29.66733, 0.49000004, 13.898275
1498, 131, -0.0011999999405816197, -0.15599999227561057, False, 84.35964, -5.2798324, 0.0, -13.365541, 29.739143, 0.49000004, 14.736245
1498, 132, -0.0011999999405816197, -0.15719999221619219, False, 84.23964, -6.0853124, 0.0, -14.059752, 29.751324, 0.49000004, 15.636773
1498, 133, -0.0011999999405816197, -0.1583999921567738, False, 84.11964, -6.4471793, 0.0, -9.024922, 29.790464, 0.49000004, 16.382267
1498, 134, -0.0011999999405816197, -0.15959999209735543, False, 83.99963, -6.670701, 0.0, -10.066652, 29.79134, 0.49000004, 17.086828
1498, 135, -0.0011999999405816197, -0.16079999203793705, False, 83.87963, -6.53903, 0.0, -5.4157667, 29.830366, 0.49000004, 17.661676
1498, 136, -0.0011999999405816197, -0.16199999197851866, False, 83.75963, -5.3023777, 0.0, -2.5228295, 29.969637, 0.49000004, 18.03525
1498, 137, -0.0011999999405816197, -0.16319999191910028, False, 83.639626, -4.416714, 0.0, 0.08477378, 30.18267, 0.49000004, 18.22255
1498, 138, -0.0011999999405816197, -0.1643999918596819, False, 83.51962, -3.87934, 0.0, 2.3505085, 30.441578, 0.49000004, 18.241005
1498, 139, -0.0011999999405816197, -0.16559999180026352, False, 83.39962, -3.674116, 0.0, 4.3337445, 30.726088, 0.49000004, 18.109083
1498, 140, -0.0011999999405816197, -0.16679999174084514, False, 83.27962, -3.7259884, 0.0, 6.0972476, 31.020351, 0.49000004, 17.840929
1498, 141, -0.0011999999405816197, -0.16799999168142676, False, 83.159615, -3.9657838, 0.0, 7.665884, 31.30948, 0.49000004, 17.447977
1498, 142, -0.0011999999405816197, -0.16919999162200838, False, 83.03961, -4.342722, 0.0, 9.051361, 31.579111, 0.49000004, 16.940935
1498, 143, -0.0011999999405816197, -0.17039999156259, False, 82.91961, -4.375765, 0.0, 4.6906023, 31.819136, 0.49000004, 16.556953
1498, 144, -0.0011999999405816197, -0.17159999150317162, False, 82.79961, -2.9755075, 0.0, 2.5855513, 31.988554, 0.49000004, 16.332218
1498, 145, -0.0011999999405816197, -0.17279999144375324, False, 82.6796, -2.9173584, 0.0, 4.5971117, 32.090557, 0.49000004, 16.056873
1498, 146, -0.0011999999405816197, -0.17399999138433486, False, 82.5596, -3.0985713, 0.0, 6.3869276, 32.127445, 0.49000004, 15.666308
1498, 147, -0.0011999999405816197, -0.17519999132491648, False, 82.4396, -3.4497585, 0.0, 7.9745226, 32.09259, 0.49000004, 15.177914
1498, 148, -0.0011999999405816197, -0.1763999912654981, False, 82.319595, -2.6726725, 0.0, 4.7445445, 32.048214, 0.49000004, 14.794823
1498, 149, -0.0011999999405816197, -0.17759999120607972, False, 82.19959, -2.9031508, 0.0, 6.5369077, 31.947134, 0.49000004, 14.413241
1498, 150, -0.0011999999405816197, -0.17879999114666134, False, 82.07959, -3.2954788, 0.0, 8.12464, 31.74959, 0.49000004, 13.960472
1498, 151, -0.0011999999405816197, -0.17999999108724296, False, 81.95959, -3.803708, 0.0, 9.517916, 31.454388, 0.49000004, 13.454586
1498, 152, -0.0011999999405816197, -0.18119999102782458, False, 81.839584, -3.019503, 0.0, 5.731, 31.210642, 0.49000004, 13.067784
1498, 153, -0.0011999999405816197, -0.1823999909684062, False, 81.71958, -3.3108687, 0.0, 7.3930774, 30.924885, 0.49000004, 12.715613
1498, 154, -0.0011999999405816197, -0.18359999090898782, False, 81.59958, -2.0136356, 0.0, 9.465621, 30.527636, 0.49000004, 12.337062
1498, 155, -0.0011999999405816197, -0.18479999084956944, False, 81.479576, -2.8182006, 0.0, 10.833342, 30.033707, 0.49000004, 11.926941
1498, 156, -0.0011999999405816197, -0.18599999079015106, False, 81.35957, -3.6601467, 0.0, 11.994961, 29.447412, 0.49000004, 11.498542
1498, 157, -0.0011999999405816197, -0.18719999073073268, False, 81.23957, -4.0965347, 0.0, 7.373386, 28.988886, 0.49000004, 11.135082
1498, 158, -0.0011999999405816197, -0.1883999906713143, False, 81.11957, -2.0669105, 0.0, 4.856172, 28.706842, 0.49000004, 10.889431
1498, 159, -0.0011999999405816197, -0.18959999061189592, False, 80.999565, -1.1461072, 0.0, 7.056164, 28.38661, 0.49000004, 10.664661
1498, 160, -0.0011999999405816197, -0.19079999055247754, False, 80.87956, -0.24912071, 0.0, 4.4201713, 28.123043, 0.49000004, 10.492025
1498, 161, -0.0011999999405816197, -0.19199999049305916, False, 80.75956, -0.004121214, 0.0, 0.8757348, 28.022806, 0.49000004, 10.42238
1498, 162, -0.0011999999405816197, -0.19319999043364078, False, 80.63956, 0.24389362, 0.0, 3.2648787, 27.903482, 0.49000004, 10.332272
1498, 163, -0.0011999999405816197, -0.1943999903742224, False, 80.519554, 0.16806573, 0.0, -0.05508423, 27.85094, 0.49000004, 10.301668
1498, 164, -0.0011999999405816197, -0.19559999031480402, False, 80.39955, -0.049824238, 0.0, -2.5389907, 27.91238, 0.49000004, 10.38556
1498, 165, -0.0011999999405816197, -0.19679999025538564, False, 80.27955, -0.4445505, 0.0, -4.760693, 28.055275, 0.49000004, 10.582159
1498, 166, -0.0011999999405816197, -0.19799999019596726, False, 80.159546, -0.99235916, 0.0, -6.7299833, 28.257866, 0.49000004, 10.890148
1498, 167, -0.0011999999405816197, -0.19919999013654888, False, 80.03954, -1.6573734, 0.0, -8.457512, 28.499773, 0.49000004, 11.306598
1498, 168, -0.0011999999405816197, -0.2003999900771305, False, 79.91954, -2.4066696, 0.0, -9.95626, 28.761875, 0.49000004, 11.827159
1498, 169, -0.0011999999405816197, -0.20159999001771212, False, 79.79954, -3.2113557, 0.0, -11.241005, 29.026354, 0.49000004, 12.446169
1498, 170, -0.0011999999405816197, -0.20279998995829374, False, 79.679535, -4.0466046, 0.0, -12.327755, 29.276735, 0.49000004, 13.156733
1498, 171, -0.0011999999405816197, -0.20399998989887536, False, 79.55953, -4.8914595, 0.0, -13.233242, 29.49796, 0.49000004, 13.950827
1498, 172, -0.0011999999405816197, -0.20519998983945698, False, 79.43953, -5.728552, 0.0, -13.974478, 29.676428, 0.49000004, 14.819399
1498, 173, -0.0011999999405816197, -0.2063999897800386, False, 79.31953, -6.1231327, 0.0, -8.9780655, 29.851353, 0.49000004, 15.531535
1498, 174, -0.0011999999405816197, -0.20759998972062021, False, 79.199524, -5.934926, 0.0, -4.4934955, 30.055395, 0.49000004, 15.998588
1498, 175, -0.0011999999405816197, -0.20879998966120183, False, 79.07952, -5.727996, 0.0, -6.0743732, 30.20435, 0.49000004, 16.455372
1498, 176, -0.0011999999405816197, -0.20999998960178345, False, 78.95952, -5.7198772, 0.0, -7.491357, 30.251911, 0.49000004, 16.996088
1498, 177, -0.0011999999405816197, -0.21119998954236507, False, 78.839516, -4.9469185, 0.0, -3.757801, 30.329264, 0.49000004, 17.42086
1498, 178, -0.0011999999405816197, -0.2123999894829467, False, 78.71951, -4.001911, 0.0, -0.92074776, 30.487734, 0.49000004, 17.650627
1498, 179, -0.0011999999405816197, -0.2135999894235283, False, 78.59951, -3.3978465, 0.0, 1.5369984, 30.698824, 0.49000004, 17.703999
1498, 180, -0.0011999999405816197, -0.21479998936410993, False, 78.47951, -3.155252, 0.0, 3.6553872, 30.939793, 0.49000004, 17.602247
1498, 181, -0.0011999999405816197, -0.21599998930469155, False, 78.359505, -3.1982334, 0.0, 5.5314403, 31.194641, 0.49000004, 17.361498
1498, 182, -0.0011999999405816197, -0.21719998924527317, False, 78.2395, -2.3091855, 0.0, 3.1741056, 31.382315, 0.49000004, 17.153324
1498, 183, -0.0011999999405816197, -0.2183999891858548, False, 78.1195, -2.4142272, 0.0, 5.1617794, 31.532377, 0.49000004, 16.887466
1498, 184, -0.0011999999405816197, -0.2195999891264364, False, 77.9995, -2.2366219, 0.0, 1.3975873, 31.662937, 0.49000004, 16.721441
1498, 185, -0.0011999999405816197, -0.22079998906701803, False, 77.87949, -2.1367927, 0.0, 3.5983968, 31.758568, 0.49000004, 16.528854
1498, 186, -0.0011999999405816197, -0.22199998900759965, False, 77.75949, -2.3149445, 0.0, 5.5520325, 31.805473, 0.49000004, 16.208483
1498, 187, -0.0011999999405816197, -0.22319998894818127, False, 77.63949, -2.680821, 0.0, 7.287934, 31.795223, 0.49000004, 15.777415
1498, 188, -0.0011999999405816197, -0.2243999888887629, False, 77.519485, -3.1802695, 0.0, 8.817075, 31.719315, 0.49000004, 15.252194
1498, 189, -0.0011999999405816197, -0.2255999888293445, False, 77.39948, -3.3357716, 0.0, 4.567554, 31.686665, 0.49000004, 14.843692
1498, 190, -0.0011999999405816197, -0.22679998876992613, False, 77.27948, -2.3082337, 0.0, 2.550866, 31.687271, 0.49000004, 14.597026
1498, 191, -0.0011999999405816197, -0.22799998871050775, False, 77.15948, -2.3403666, 0.0, 4.6085577, 31.612791, 0.49000004, 14.3338785
1498, 192, -0.0011999999405816197, -0.22919998865108937, False, 77.039474, -2.0122588, 0.0, 6.6804824, 31.429914, 0.49000004, 13.998419
1498, 193, -0.0011999999405816197, -0.230399988591671, False, 76.91947, -2.5361676, 0.0, 8.326346, 31.147783, 0.49000004, 13.599886
1498, 194, -0.0011999999405816197, -0.2315999885322526, False, 76.79947, -3.1605496, 0.0, 9.762812, 30.767845, 0.49000004, 13.154888
1498, 195, -0.0011999999405816197, -0.23279998847283423, False, 76.67947, -3.8531222, 0.0, 11.001909, 30.290865, 0.49000004, 12.681441
1498, 196, -0.0011999999405816197, -0.23399998841341585, False, 76.55946, -3.1661816, 0.0, 6.6976724, 29.911198, 0.49000004, 12.323653
1498, 197, -0.0011999999405816197, -0.23519998835399747, False, 76.43946, -1.9456377, 0.0, 8.825472, 29.511137, 0.49000004, 12.00865
1498, 198, -0.0011999999405816197, -0.2363999882945791, False, 76.31946, -0.63589716, 0.0, 5.64036, 29.188, 0.49000004, 11.770137
1498, 199, -0.0011999999405816197, -0.2375999882351607, False, 76.199455, -0.2108618, 0.0, 2.0139108, 29.038612, 0.49000004, 11.6481285
1498, 200, -0.0011999999405816197, -0.23879998817574233, False, 76.07945, 0.0004131794, 0.0, 1.039223, 28.978945, 0.49000004, 11.594448
1498, 201, -0.0011999999405816197, -0.23999998811632395, False, 75.95945, -0.0856446, 0.0, -1.6783097, 29.014961, 0.49000004, 11.630108
1498, 202, -0.0011999999405816197, -0.24119998805690557, False, 75.83945, -0.004554093, 0.0, 1.1788628, 29.006168, 0.49000004, 11.61223
1498, 203, -0.0011999999405816197, -0.2423999879974872, False, 75.719444, 0.048308015, 0.0, 0.477351, 28.981913, 0.49000004, 11.578572
1498, 204, -0.0011999999405816197, -0.2435999879380688, False, 75.59944, -0.09271455, 0.0, -2.0474458, 29.014801, 0.49000004, 11.644382
1498, 205, -0.0011999999405816197, -0.24479998787865043, False, 75.47944, -0.4329511, 0.0, -4.313648, 29.104502, 0.49000004, 11.840232
1498, 206, -0.0011999999405816197, -0.24599998781923205, False, 75.359436, -0.9387076, 0.0, -6.3279576, 29.230204, 0.49000004, 12.159918
1498, 207, -0.0011999999405816197, -0.24719998775981367, False, 75.23943, -1.5712293, 0.0, -8.099868, 29.372595, 0.49000004, 12.59607
1498, 208, -0.0011999999405816197, -0.24839998770039529, False, 75.11943, -2.2960055, 0.0, -9.64156, 29.513855, 0.49000004, 13.1402445
1498, 209, -0.0011999999405816197, -0.2495999876409769, False, 74.99943, -3.0829568, 0.0, -10.967232, 29.637682, 0.49000004, 13.783006
1498, 210, -0.0011999999405816197, -0.2507999875815585, False, 74.879425, -3.9062562, 0.0, -12.092471, 29.729345, 0.49000004, 14.514023
1498, 211, -0.0011999999405816197, -0.25199998752214015, False, 74.75942, -4.7440596, 0.0, -13.0337105, 29.775728, 0.49000004, 15.32217
1498, 212, -0.0011999999405816197, -0.25319998746272177, False, 74.63942, -5.157028, 0.0, -8.216092, 29.839474, 0.49000004, 15.981203
1498, 213, -0.0011999999405816197, -0.2543999874033034, False, 74.51942, -5.447126, 0.0, -9.44782, 29.867033, 0.49000004, 16.610672
1498, 214, -0.0011999999405816197, -0.255599987343885, False, 74.399414, -5.3901567, 0.0, -4.960272, 29.92452, 0.49000004, 17.113646
1498, 215, -0.0011999999405816197, -0.2567999872844666, False, 74.27941, -4.3127303, 0.0, -1.9990373, 30.065168, 0.49000004, 17.411797
1498, 216, -0.0011999999405816197, -0.25799998722504824, False, 74.15941, -3.571735, 0.0, 0.6174294, 30.262543, 0.49000004, 17.523426
1498, 217, -0.0011999999405816197, -0.25919998716562986, False, 74.039406, -3.1938035, 0.0, 2.8558254, 30.490875, 0.49000004, 17.470491
1498, 218, -0.0011999999405816197, -0.2603999871062115, False, 73.9194, -3.1382594, 0.0, 4.821345, 30.733225, 0.49000004, 17.272337
1498, 219, -0.0011999999405816197, -0.2615999870467931, False, 73.7994, -3.3148293, 0.0, 6.570704, 30.97507, 0.49000004, 16.94267
1498, 220, -0.0011999999405816197, -0.2627999869873747, False, 73.6794, -2.471785, 0.0, 3.8398254, 31.150839, 0.49000004, 16.669615
1498, 221, -0.0011999999405816197, -0.26399998692795634, False, 73.559395, -1.7031853, 0.0, 2.1205823, 31.257328, 0.49000004, 16.504183
1498, 222, -0.0011999999405816197, -0.26519998686853796, False, 73.43939, -1.2504799, 0.0, -1.0198505, 31.34307, 0.49000004, 16.491974
1498, 223, -0.0011999999405816197, -0.2663999868091196, False, 73.31939, -0.97214985, 0.0, 1.6148757, 31.38794, 0.49000004, 16.430021
1498, 224, -0.0011999999405816197, -0.2675999867497012, False, 73.19939, -1.1070423, 0.0, 3.8600788, 31.374546, 0.49000004, 16.232853
1498, 225, -0.0011999999405816197, -0.2687999866902828, False, 73.079384, -1.4656019, 0.0, 5.863813, 31.297428, 0.49000004, 15.91953
1498, 226, -0.0011999999405816197, -0.26999998663086444, False, 72.95938, -0.5166167, 0.0, 3.660619, 31.224676, 0.49000004, 15.665277
1498, 227, -0.0011999999405816197, -0.27119998657144606, False, 72.83938, -0.945065, 0.0, 5.7322717, 31.1231, 0.49000004, 15.37534
1498, 228, -0.0011999999405816197, -0.2723999865120277, False, 72.719376, -1.5175552, 0.0, 7.5625696, 30.954002, 0.49000004, 14.98483
1498, 229, -0.0011999999405816197, -0.2735999864526093, False, 72.59937, -1.3246479, 0.0, 9.344691, 30.712214, 0.49000004, 14.510545
1498, 230, -0.0011999999405816197, -0.2747999863931909, False, 72.47937, -2.203713, 0.0, 10.784926, 30.40115, 0.49000004, 13.962894
1498, 231, -0.0011999999405816197, -0.27599998633377254, False, 72.35937, -2.1042423, 0.0, 6.6541824, 30.151827, 0.49000004, 13.538826
1498, 232, -0.0011999999405816197, -0.27719998627435416, False, 72.239365, -2.613296, 0.0, 8.29507, 29.874132, 0.49000004, 13.137522
1498, 233, -0.0011999999405816197, -0.2783999862149358, False, 72.11936, -1.328187, 0.0, 10.20735, 29.50118, 0.49000004, 12.685828
1498, 234, -0.0011999999405816197, -0.2795999861555174, False, 71.99936, -2.291151, 0.0, 11.562236, 29.04721, 0.49000004, 12.182134
1498, 235, -0.0011999999405816197, -0.280799986096099, False, 71.87936, -2.8558416, 0.0, 7.0975456, 28.699081, 0.49000004, 11.770448
1498, 236, -0.0011999999405816197, -0.28199998603668064, False, 71.75935, -1.9638714, 0.0, 3.5669117, 28.537813, 0.49000004, 11.502246
1498, 237, -0.0011999999405816197, -0.28319998597726226, False, 71.63935, -1.3826199, 0.0, 0.40038514, 28.531832, 0.49000004, 11.376814
1498, 238, -0.0011999999405816197, -0.2843999859178439, False, 71.51935, -0.6039516, 0.0, 0.24585599, 28.555126, 0.49000004, 11.328731
1498, 239, -0.0011999999405816197, -0.2855999858584255, False, 71.399345, -0.11590569, 0.0, 0.06201847, 28.562689, 0.49000004, 11.313121
1498, 240, -0.0011999999405816197, -0.2867999857990071, False, 71.27934, 1.1623252e-19, 0.0, -1.9359939e-18, 28.562696, 0.49000004, 11.313105
1498, 241, -0.0011999999405816197, -0.28799998573958874, False, 71.15934, -0.16571927, 0.0, -2.4744322, 28.61065, 0.49000004, 11.401176
1498, 242, -0.0011999999405816197, -0.28919998568017036, False, 71.03934, -0.5343286, 0.0, -4.6925287, 28.713678, 0.49000004, 11.617384
1498, 243, -0.0011999999405816197, -0.290399985620752, False, 70.919334, -1.0623157, 0.0, -6.660782, 28.851242, 0.49000004, 11.955634
1498, 244, -0.0011999999405816197, -0.2915999855613336, False, 70.79933, -1.7110631, 0.0, -8.389088, 29.0042, 0.49000004, 12.408693
1498, 245, -0.0011999999405816197, -0.2927999855019152, False, 70.67933, -2.4466882, 0.0, -9.889964, 29.154865, 0.49000004, 12.968253
1498, 246, -0.0011999999405816197, -0.29399998544249684, False, 70.559326, -3.2398157, 0.0, -11.177833, 29.287058, 0.49000004, 13.625008
1498, 247, -0.0011999999405816197, -0.29519998538307846, False, 70.43932, -4.065316, 0.0, -12.268416, 29.386156, 0.49000004, 14.368741
1498, 248, -0.0011999999405816197, -0.2963999853236601, False, 70.31932, -4.9020095, 0.0, -13.178222, 29.439137, 0.49000004, 15.188433
1498, 249, -0.0011999999405816197, -0.2975999852642417, False, 70.19932, -5.3111825, 0.0, -8.332649, 29.508726, 0.49000004, 15.857949
1498, 250, -0.0011999999405816197, -0.2987999852048233, False, 70.079315, -5.145831, 0.0, -3.9835505, 29.636173, 0.49000004, 16.291958
1498, 251, -0.0011999999405816197, -0.29999998514540493, False, 69.95931, -4.163413, 0.0, -1.1346636, 29.821379, 0.49000004, 16.520283
1498, 252, -0.0011999999405816197, -0.30119998508598655, False, 69.83931, -3.520308, 0.0, 1.3469849, 30.040472, 0.49000004, 16.56527
1498, 253, -0.0011999999405816197, -0.3023999850265682, False, 69.71931, -3.238634, 0.0, 3.4839587, 30.272484, 0.49000004, 16.450594
1498, 254, -0.0011999999405816197, -0.3035999849671498, False, 69.599304, -3.2506633, 0.0, 5.373681, 30.5031, 0.49000004, 16.194687
1498, 255, -0.0011999999405816197, -0.3047999849077314, False, 69.4793, -2.9887831, 0.0, 1.5345764, 30.697311, 0.49000004, 16.035267
1498, 256, -0.0011999999405816197, -0.30599998484831303, False, 69.3593, -1.7920425, 0.0, 0.6942959, 30.823128, 0.49000004, 15.970665
1498, 257, -0.0011999999405816197, -0.30719998478889465, False, 69.239296, -1.6679482, 0.0, 3.0094993, 30.897774, 0.49000004, 15.819794
1498, 258, -0.0011999999405816197, -0.3083999847294763, False, 69.11929, -1.8491242, 0.0, 5.059171, 30.926336, 0.49000004, 15.537387
1498, 259, -0.0011999999405816197, -0.3095999846700579, False, 68.99929, -2.2266524, 0.0, 6.882447, 30.9003, 0.49000004, 15.140762
1498, 260, -0.0011999999405816197, -0.3107999846106395, False, 68.87929, -2.7431195, 0.0, 8.4901705, 30.81081, 0.49000004, 14.646693
1498, 261, -0.0011999999405816197, -0.31199998455122113, False, 68.759285, -3.3581085, 0.0, 9.892666, 30.649994, 0.49000004, 14.071889
1498, 262, -0.0011999999405816197, -0.31319998449180275, False, 68.63928, -3.6087394, 0.0, 5.5144114, 30.547787, 0.49000004, 13.614131
1498, 263, -0.0011999999405816197, -0.31439998443238437, False, 68.51928, -3.8001726, 0.0, 7.154071, 30.41662, 0.49000004, 13.178086
1498, 264, -0.0011999999405816197, -0.315599984372966, False, 68.39928, -4.143652, 0.0, 8.606018, 30.179995, 0.49000004, 12.688131
1498, 265, -0.0011999999405816197, -0.3167999843135476, False, 68.279274, -4.5971613, 0.0, 9.87998, 29.839008, 0.49000004, 12.161808
1498, 266, -0.0011999999405816197, -0.31799998425412923, False, 68.15927, -4.690583, 0.0, 5.408532, 29.593542, 0.49000004, 11.726112
1498, 267, -0.0011999999405816197, -0.31919998419471085, False, 68.03927, -3.3766603, 0.0, 7.832071, 29.327368, 0.49000004, 11.3240385
1498, 268, -0.0011999999405816197, -0.32039998413529247, False, 67.919266, -1.5899484, 0.0, 5.097704, 29.101381, 0.49000004, 11.020617
1498, 269, -0.0011999999405816197, -0.3215999840758741, False, 67.79926, -0.7166314, 0.0, 7.2249603, 28.840326, 0.49000004, 10.720977
1498, 270, -0.0011999999405816197, -0.3227999840164557, False, 67.67926, -1.0526617, 0.0, 3.325502, 28.66016, 0.49000004, 10.503423
1498, 271, -0.0011999999405816197, -0.32399998395703733, False, 67.55926, -0.62129736, 0.0, 0.086150706, 28.637142, 0.49000004, 10.426531
1498, 272, -0.0011999999405816197, -0.32519998389761895, False, 67.439255, -0.60826445, 0.0, -2.3731713, 28.727097, 0.49000004, 10.471197
1498, 273, -0.0011999999405816197, -0.32639998383820057, False, 67.31925, -0.45967326, 0.0, -1.2376139, 28.810146, 0.49000004, 10.526424
1498, 274, -0.0011999999405816197, -0.3275999837787822, False, 67.19925, -0.6479888, 0.0, -3.5557938, 28.92716, 0.49000004, 10.651574
1498, 275, -0.0011999999405816197, -0.3287999837193638, False, 67.07925, -1.045472, 0.0, -5.6269536, 29.105185, 0.49000004, 10.89558
1498, 276, -0.0011999999405816197, -0.32999998365994543, False, 66.95924, -0.99118197, 0.0, -3.3407373, 29.246738, 0.49000004, 11.10134
1498, 277, -0.0011999999405816197, -0.33119998360052705, False, 66.83924, -1.3129613, 0.0, -5.4060264, 29.383894, 0.49000004, 11.360004
1498, 278, -0.0011999999405816197, -0.33239998354110867, False, 66.71924, -1.8012502, 0.0, -7.2377996, 29.53526, 0.49000004, 11.741376
1498, 279, -0.0011999999405816197, -0.3335999834816903, False, 66.599236, -2.4096906, 0.0, -8.845526, 29.683802, 0.49000004, 12.236128
1498, 280, -0.0011999999405816197, -0.3347999834222719, False, 66.47923, -3.1025767, 0.0, -10.240763, 29.813696, 0.49000004, 12.834188
1498, 281, -0.0011999999405816197, -0.3359999833628535, False, 66.35923, -3.8505163, 0.0, -11.436913, 29.910522, 0.49000004, 13.524717
1498, 282, -0.0011999999405816197, -0.33719998330343515, False, 66.23923, -4.6289973, 0.0, -12.448683, 29.961386, 0.49000004, 14.296158
1498, 283, -0.0011999999405816197, -0.33839998324401677, False, 66.119225, -5.417656, 0.0, -13.291534, 29.954971, 0.49000004, 15.13633
1498, 284, -0.0011999999405816197, -0.3395999831845984, False, 65.99922, -5.777447, 0.0, -8.391804, 29.97765, 0.49000004, 15.827072
1498, 285, -0.0011999999405816197, -0.34079998312518, False, 65.87922, -6.0124454, 0.0, -9.554843, 29.963997, 0.49000004, 16.481962
1498, 286, -0.0011999999405816197, -0.3419999830657616, False, 65.75922, -6.3421583, 0.0, -10.5766, 29.854599, 0.49000004, 17.192574
1498, 287, -0.0011999999405816197, -0.34319998300634325, False, 65.63921, -6.3038096, 0.0, -5.8941374, 29.801107, 0.49000004, 17.777355
1498, 288, -0.0011999999405816197, -0.34439998294692487, False, 65.51921, -5.0583487, 0.0, -2.912376, 29.87264, 0.49000004, 18.171429
1498, 289, -0.0011999999405816197, -0.3455999828875065, False, 65.39921, -4.1654387, 0.0, -0.21874571, 30.040913, 0.49000004, 18.386433
1498, 290, -0.0011999999405816197, -0.3467999828280881, False, 65.279205, -3.6210003, 0.0, 2.111758, 30.275185, 0.49000004, 18.436823
1498, 291, -0.0011999999405816197, -0.3479999827686697, False, 65.1592, -3.4199567, 0.0, 4.1415663, 30.552649, 0.49000004, 18.339766
1498, 292, -0.0011999999405816197, -0.34919998270925134, False, 65.0392, -3.4832478, 0.0, 5.9446497, 30.856009, 0.49000004, 18.108088
1498, 293, -0.0011999999405816197, -0.35039998264983296, False, 64.9192, -3.737537, 0.0, 7.548256, 31.169172, 0.49000004, 17.751617
1498, 294, -0.0011999999405816197, -0.3515999825904146, False, 64.799194, -4.130447, 0.0, 8.964397, 31.476574, 0.49000004, 17.279465
1498, 295, -0.0011999999405816197, -0.3527999825309962, False, 64.67919, -3.1826253, 0.0, 5.3519716, 31.701357, 0.49000004, 16.901451
1498, 296, -0.0011999999405816197, -0.3539999824715778, False, 64.55919, -2.2835596, 0.0, 3.0593438, 31.840801, 0.49000004, 16.666952
1498, 297, -0.0011999999405816197, -0.35519998241215944, False, 64.439186, -1.5097404, 0.0, 1.6338878, 31.923813, 0.49000004, 16.527351
1498, 298, -0.0011999999405816197, -0.35639998235274106, False, 64.31918, -1.5543628, 0.0, 3.8450313, 31.958574, 0.49000004, 16.322222
1498, 299, -0.0011999999405816197, -0.3575999822933227, False, 64.19918, -1.8446522, 0.0, 5.8156395, 31.937782, 0.49000004, 15.995662
1498, 300, -0.0011999999405816197, -0.3587999822339043, False, 64.07918, -1.4950398, 0.0, 3.422266, 31.908, 0.49000004, 15.730258
1498, 301, -0.0011999999405816197, -0.3599999821744859, False, 63.959175, -1.7482754, 0.0, 5.4410343, 31.82862, 0.49000004, 15.437451
1498, 302, -0.0011999999405816197, -0.36119998211506754, False, 63.839172, -1.5100105, 0.0, 7.4251575, 31.666504, 0.49000004, 15.052501
1498, 303, -0.0011999999405816197, -0.36239998205564916, False, 63.71917, -2.175446, 0.0, 9.039096, 31.426804, 0.49000004, 14.586339
1498, 304, -0.0011999999405816197, -0.3635999819962308, False, 63.599167, -2.9171877, 0.0, 10.435175, 31.10635, 0.49000004, 14.055545
1498, 305, -0.0011999999405816197, -0.3647999819368124, False, 63.479164, -3.707252, 0.0, 11.627893, 30.701338, 0.49000004, 13.477899
1498, 306, -0.0011999999405816197, -0.365999981877394, False, 63.35916, -4.522008, 0.0, 12.632917, 30.209644, 0.49000004, 12.870679
1498, 307, -0.0011999999405816197, -0.36719998181797564, False, 63.23916, -5.3417377, 0.0, 13.466521, 29.630798, 0.49000004, 12.250554
1498, 308, -0.0011999999405816197, -0.36839998175855726, False, 63.119156, -3.27244, 0.0, 15.136142, 28.968073, 0.49000004, 11.6286125
1498, 309, -0.0011999999405816197, -0.3695999816991389, False, 62.999153, -1.6653309, 0.0, 10.832042, 28.429619, 0.49000004, 11.111963
1498, 310, -0.0011999999405816197, -0.3707999816397205, False, 62.87915, -2.2372537, 0.0, 6.4930663, 28.094498, 0.49000004, 10.752465
1498, 311, -0.0011999999405816197, -0.3719999815803021, False, 62.759148, -1.7933013, 0.0, 3.8436549, 27.896282, 0.49000004, 10.524356
1498, 312, -0.0011999999405816197, -0.37319998152088374, False, 62.639145, -2.0484095, 0.0, 5.796439, 27.644873, 0.49000004, 10.309457
1498, 313, -0.0011999999405816197, -0.37439998146146536, False, 62.519142, -1.3612152, 0.0, 2.3164227, 27.487082, 0.49000004, 10.146267
1498, 314, -0.0011999999405816197, -0.375599981402047, False, 62.39914, -0.93293214, 0.0, -0.63251036, 27.500998, 0.49000004, 10.083557
1498, 315, -0.0011999999405816197, -0.3767999813426286, False, 62.279137, -0.95343256, 0.0, -2.9904308, 27.641933, 0.49000004, 10.11337
1498, 316, -0.0011999999405816197, -0.3779999812832102, False, 62.159134, -0.7132845, 0.0, -1.6261613, 27.766588, 0.49000004, 10.154632
1498, 317, -0.0011999999405816197, -0.37919998122379184, False, 62.03913, -0.8963381, 0.0, -3.8870597, 27.932457, 0.49000004, 10.257392
1498, 318, -0.0011999999405816197, -0.38039998116437346, False, 61.91913, -1.2895012, 0.0, -5.904951, 28.179852, 0.49000004, 10.46393
1498, 319, -0.0011999999405816197, -0.3815999811049551, False, 61.799126, -1.8317058, 0.0, -7.6888804, 28.488811, 0.49000004, 10.774097
1498, 320, -0.0011999999405816197, -0.3827999810455367, False, 61.679123, -2.047453, 0.0, -3.6586006, 28.729868, 0.49000004, 10.988333
1498, 321, -0.0011999999405816197, -0.3839999809861183, False, 61.55912, -2.2452307, 0.0, -5.6122293, 28.953093, 0.49000004, 11.224901
1498, 322, -0.0011999999405816197, -0.38519998092669994, False, 61.439117, -2.6268811, 0.0, -7.3474903, 29.195623, 0.49000004, 11.584006
1498, 323, -0.0011999999405816197, -0.38639998086728156, False, 61.319115, -3.1394157, 0.0, -8.875054, 29.440758, 0.49000004, 12.057389
1498, 324, -0.0011999999405816197, -0.3875999808078632, False, 61.199112, -3.7442524, 0.0, -10.205319, 29.672642, 0.49000004, 12.636261
1498, 325, -0.0011999999405816197, -0.3887999807484448, False, 61.07911, -4.4107833, 0.0, -11.350092, 29.876556, 0.49000004, 13.311078
1498, 326, -0.0011999999405816197, -0.3899999806890264, False, 60.959106, -5.113984, 0.0, -12.322408, 30.03909, 0.49000004, 14.071521
1498, 327, -0.0011999999405816197, -0.39119998062960804, False, 60.839104, -5.8332825, 0.0, -13.136164, 30.148243, 0.49000004, 14.90654
1498, 328, -0.0011999999405816197, -0.39239998057018965, False, 60.7191, -6.5518537, 0.0, -13.805683, 30.193514, 0.49000004, 15.804437
1498, 329, -0.0011999999405816197, -0.3935999805107713, False, 60.5991, -6.8331566, 0.0, -8.758901, 30.261925, 0.49000004, 16.54758
1498, 330, -0.0011999999405816197, -0.3947999804513529, False, 60.479095, -6.984013, 0.0, -9.797418, 30.288584, 0.49000004, 17.25006
1498, 331, -0.0011999999405816197, -0.3959999803919345, False, 60.359093, -6.787318, 0.0, -5.152852, 30.350252, 0.49000004, 17.82305
1498, 332, -0.0011999999405816197, -0.39719998033251613, False, 60.23909, -5.5433397, 0.0, -2.3222399, 30.509222, 0.49000004, 18.195187
1498, 333, -0.0011999999405816197, -0.39839998027309775, False, 60.119087, -4.650736, 0.0, 0.2305286, 30.739471, 0.49000004, 18.381712
1498, 334, -0.0011999999405816197, -0.3995999802136794, False, 59.999084, -2.7750387, 0.0, -0.1533165, 30.918182, 0.49000004, 18.473406
1498, 335, -0.0011999999405816197, -0.400799980154261, False, 59.87908, -2.3983867, 0.0, 2.2508993, 31.087988, 0.49000004, 18.440886
1498, 336, -0.0011999999405816197, -0.4019999800948426, False, 59.75908, -2.3812397, 0.0, 4.337881, 31.277819, 0.49000004, 18.261925
1498, 337, -0.0011999999405816197, -0.40319998003542423, False, 59.639076, -2.6070263, 0.0, 6.195041, 31.473158, 0.49000004, 17.950571
1498, 338, -0.0011999999405816197, -0.40439997997600585, False, 59.519073, -1.9980978, 0.0, 3.6311371, 31.615608, 0.49000004, 17.691689
1498, 339, -0.0011999999405816197, -0.40559997991658747, False, 59.39907, -2.1999602, 0.0, 5.591247, 31.720606, 0.49000004, 17.386353
1498, 340, -0.0011999999405816197, -0.4067999798571691, False, 59.279068, -2.5855129, 0.0, 7.3322616, 31.79375, 0.49000004, 16.961098
1498, 341, -0.0011999999405816197, -0.4079999797977507, False, 59.159065, -2.652421, 0.0, 3.2889304, 31.873388, 0.49000004, 16.65108
1498, 342, -0.0011999999405816197, -0.40919997973833233, False, 59.039062, -2.7220163, 0.0, 5.240543, 31.918097, 0.49000004, 16.334965
1498, 343, -0.0011999999405816197, -0.41039997967891395, False, 58.91906, -1.987039, 0.0, 3.00801, 31.933615, 0.49000004, 16.07734
1498, 344, -0.0011999999405816197, -0.41159997961949557, False, 58.799057, -1.6798117, 0.0, 5.2335825, 31.890526, 0.49000004, 15.789756
1498, 345, -0.0011999999405816197, -0.4127999795600772, False, 58.679054, -1.3454671, 0.0, 3.0513067, 31.839918, 0.49000004, 15.555807
1498, 346, -0.0011999999405816197, -0.4139999795006588, False, 58.55905, -0.6758077, 0.0, 5.3580194, 31.740128, 0.49000004, 15.291593
1498, 347, -0.0011999999405816197, -0.41519997944124043, False, 58.43905, -0.58266497, 0.0, 7.3423715, 31.571062, 0.49000004, 14.925334
1498, 348, -0.0011999999405816197, -0.41639997938182205, False, 58.319046, -1.3623219, 0.0, 9.045628, 31.339792, 0.49000004, 14.466247
1498, 349, -0.0011999999405816197, -0.41759997932240367, False, 58.199043, -1.4457176, 0.0, 5.564241, 31.152409, 0.49000004, 14.105305
1498, 350, -0.0011999999405816197, -0.4187999792629853, False, 58.07904, -1.9317198, 0.0, 7.3691816, 30.932268, 0.49000004, 13.747178
1498, 351, -0.0011999999405816197, -0.4199999792035669, False, 57.959038, -2.5364199, 0.0, 8.952723, 30.618603, 0.49000004, 13.325895
1498, 352, -0.0011999999405816197, -0.42119997914414853, False, 57.839035, -1.2034483, 0.0, 10.7923355, 30.213415, 0.49000004, 12.85577
1498, 353, -0.0011999999405816197, -0.42239997908473015, False, 57.719032, -1.4731708, 0.0, 6.7211924, 29.891087, 0.49000004, 12.493211
1498, 354, -0.0011999999405816197, -0.42359997902531177, False, 57.59903, -0.47100234, 0.0, 4.2238684, 29.689901, 0.49000004, 12.266914
1498, 355, -0.0011999999405816197, -0.4247999789658934, False, 57.479027, -0.015894055, 0.0, 2.5104976, 29.56882, 0.49000004, 12.13072
1498, 356, -0.0011999999405816197, -0.425999978906475, False, 57.359024, 0.0014198422, 0.0, -0.63924664, 29.555286, 0.49000004, 12.117702
1498, 357, -0.0011999999405816197, -0.4271999788470566, False, 57.23902, 0.10806447, 0.0, 1.8975486, 29.519428, 0.49000004, 12.064276
1498, 358, -0.0011999999405816197, -0.42839997878763825, False, 57.11902, 0.15399203, 0.0, 0.9445637, 29.478533, 0.49000004, 12.001925
1498, 359, -0.0011999999405816197, -0.42959997872821987, False, 56.999016, -0.054728508, 0.0, -1.6961362, 29.495277, 0.49000004, 12.050866
1498, 360, -0.0011999999405816197, -0.4307999786688015, False, 56.879013, -0.368352, 0.0, -4.000002, 29.555996, 0.49000004, 12.236847
1498, 361, -0.0011999999405816197, -0.4319999786093831, False, 56.75901, -0.85313463, 0.0, -6.0507517, 29.64047, 0.49000004, 12.551394
1498, 362, -0.0011999999405816197, -0.4331999785499647, False, 56.639008, -1.4699627, 0.0, -7.857452, 29.730167, 0.49000004, 12.98502
1498, 363, -0.0011999999405816197, -0.43439997849054635, False, 56.519005, -2.1837215, 0.0, -9.431962, 29.808163, 0.49000004, 13.527331
1498, 364, -0.0011999999405816197, -0.43559997843112797, False, 56.399002, -2.963709, 0.0, -10.788226, 29.859158, 0.49000004, 14.167124
1498, 365, -0.0011999999405816197, -0.4367999783717096, False, 56.279, -3.7835047, 0.0, -11.94168, 29.869518, 0.49000004, 14.892474
1498, 366, -0.0011999999405816197, -0.4379999783122912, False, 56.158997, -4.620708, 0.0, -12.908676, 29.827305, 0.49000004, 15.6908455
1498, 367, -0.0011999999405816197, -0.4391999782528728, False, 56.038994, -2.9543495, 0.0, -8.253441, 29.781088, 0.49000004, 16.304913
1498, 368, -0.0011999999405816197, -0.44039997819345444, False, 55.91899, -1.9657995, 0.0, -4.609512, 29.787773, 0.49000004, 16.678278
1498, 369, -0.0011999999405816197, -0.44159997813403606, False, 55.79899, -1.3491836, 0.0, -1.2691734, 29.84139, 0.49000004, 16.837482
1498, 370, -0.0011999999405816197, -0.4427999780746177, False, 55.678986, -1.0240457, 0.0, 1.4201467, 29.909994, 0.49000004, 16.81208
1498, 371, -0.0011999999405816197, -0.4439999780151993, False, 55.558983, -1.1265317, 0.0, 3.6833193, 29.979301, 0.49000004, 16.637518
1498, 372, -0.0011999999405816197, -0.4451999779557809, False, 55.43898, -1.463598, 0.0, 5.703386, 30.037256, 0.49000004, 16.32983
1498, 373, -0.0011999999405816197, -0.44639997789636254, False, 55.318977, -1.9613663, 0.0, 7.4929013, 30.06986, 0.49000004, 15.902819
1498, 374, -0.0011999999405816197, -0.44759997783694416, False, 55.198975, -1.7019141, 0.0, 4.511408, 30.085798, 0.49000004, 15.56077
1498, 375, -0.0011999999405816197, -0.4487999777775258, False, 55.07897, -1.2964895, 0.0, 2.5812795, 30.0955, 0.49000004, 15.35256
1498, 376, -0.0011999999405816197, -0.4499999777181074, False, 54.95897, -1.4873847, 0.0, 4.7022295, 30.05605, 0.49000004, 15.100824
1498, 377, -0.0011999999405816197, -0.451199977658689, False, 54.838966, -1.8783703, 0.0, 6.5905795, 29.941038, 0.49000004, 14.745696
1498, 378, -0.0011999999405816197, -0.45239997759927064, False, 54.718964, -2.4108112, 0.0, 8.256623, 29.744968, 0.49000004, 14.305664
1498, 379, -0.0011999999405816197, -0.45359997753985226, False, 54.59896, -3.0439801, 0.0, 9.710711, 29.463358, 0.49000004, 13.798965
1498, 380, -0.0011999999405816197, -0.4547999774804339, False, 54.47896, -3.745566, 0.0, 10.965008, 29.093119, 0.49000004, 13.243468
1498, 381, -0.0011999999405816197, -0.4559999774210155, False, 54.358955, -3.094995, 0.0, 6.6798587, 28.794685, 0.49000004, 12.819489
1498, 382, -0.0011999999405816197, -0.4571999773615971, False, 54.238953, -3.4776626, 0.0, 8.237463, 28.465174, 0.49000004, 12.43669
1498, 383, -0.0011999999405816197, -0.45839997730217874, False, 54.11895, -3.528839, 0.0, 4.0305037, 28.2345, 0.49000004, 12.123964
1498, 384, -0.0011999999405816197, -0.45959997724276036, False, 53.998947, -2.4691849, 0.0, 6.4743047, 27.981571, 0.49000004, 11.837757
1498, 385, -0.0011999999405816197, -0.460799977183342, False, 53.878944, -1.675219, 0.0, 2.967864, 27.8164, 0.49000004, 11.621938
1498, 386, -0.0011999999405816197, -0.4619999771239236, False, 53.75894, -0.77727073, 0.0, 1.7925035, 27.743368, 0.49000004, 11.498242
1498, 387, -0.0011999999405816197, -0.4631999770645052, False, 53.63894, -0.29740608, 0.0, 0.94655395, 27.70422, 0.49000004, 11.431936
1498, 388, -0.0011999999405816197, -0.46439997700508684, False, 53.518936, -0.22474694, 0.0, -1.6942735, 27.747828, 0.49000004, 11.461967
1498, 389, -0.0011999999405816197, -0.46559997694566846, False, 53.398933, -0.5060768, 0.0, -3.9843295, 27.885479, 0.49000004, 11.601182
1498, 390, -0.0011999999405816197, -0.4667999768862501, False, 53.27893, -0.48745406, 0.0, -0.45866483, 27.965117, 0.49000004, 11.664312
1498, 391, -0.0011999999405816197, -0.4679999768268317, False, 53.158928, -0.5800759, 0.0, -2.8567991, 28.047096, 0.49000004, 11.763003
1498, 392, -0.0011999999405816197, -0.4691999767674133, False, 53.038925, -0.9172163, 0.0, -5.0030465, 28.179115, 0.49000004, 11.98995
1498, 393, -0.0011999999405816197, -0.47039997670799494, False, 52.918922, -1.4206475, 0.0, -6.9080234, 28.341908, 0.49000004, 12.338447
1498, 394, -0.0011999999405816197, -0.47159997664857656, False, 52.79892, -2.046101, 0.0, -8.581008, 28.517, 0.49000004, 12.80109
1498, 395, -0.0011999999405816197, -0.4727999765891582, False, 52.678917, -2.758251, 0.0, -10.033854, 28.687166, 0.49000004, 13.369522
1498, 396, -0.0011999999405816197, -0.4739999765297398, False, 52.558914, -3.5274634, 0.0, -11.280396, 28.836582, 0.49000004, 14.034435
1498, 397, -0.0011999999405816197, -0.4751999764703214, False, 52.43891, -4.3287525, 0.0, -12.335783, 28.950916, 0.49000004, 14.785634
1498, 398, -0.0011999999405816197, -0.47639997641090304, False, 52.31891, -5.1412263, 0.0, -13.215976, 29.017391, 0.49000004, 15.612129
1498, 399, -0.0011999999405816197, -0.47759997635148466, False, 52.198906, -5.9476523, 0.0, -13.9372635, 29.024832, 0.49000004, 16.502247
1498, 400, -0.0011999999405816197, -0.4787999762920663, False, 52.078903, -6.312767, 0.0, -8.926584, 29.059774, 0.49000004, 17.238297
1498, 401, -0.0011999999405816197, -0.4799999762326479, False, 51.9589, -6.097038, 0.0, -4.4337187, 29.172699, 0.49000004, 17.740437
1498, 402, -0.0011999999405816197, -0.4811999761732295, False, 51.838898, -4.980297, 0.0, -1.6253014, 29.36148, 0.49000004, 18.038723
1498, 403, -0.0011999999405816197, -0.48239997611381114, False, 51.718895, -4.206581, 0.0, 0.8690816, 29.601276, 0.49000004, 18.151802
1498, 404, -0.0011999999405816197, -0.48359997605439276, False, 51.598892, -3.784082, 0.0, 3.0315785, 29.867903, 0.49000004, 18.100138
1498, 405, -0.0011999999405816197, -0.4847999759949744, False, 51.47889, -3.671732, 0.0, 4.9374323, 30.1444, 0.49000004, 17.902157
1498, 406, -0.0011999999405816197, -0.485999975935556, False, 51.358887, -3.7915022, 0.0, 6.634627, 30.416363, 0.49000004, 17.571857
1498, 407, -0.0011999999405816197, -0.4871999758761376, False, 51.238884, -4.080776, 0.0, 8.141514, 30.66987, 0.49000004, 17.121292
1498, 408, -0.0011999999405816197, -0.48839997581671923, False, 51.11888, -3.0847046, 0.0, 4.819443, 30.851261, 0.49000004, 16.759384
1498, 409, -0.0011999999405816197, -0.48959997575730085, False, 50.99888, -3.268165, 0.0, 6.572999, 30.976494, 0.49000004, 16.371569
1498, 410, -0.0011999999405816197, -0.4907999756978825, False, 50.878876, -3.151722, 0.0, 2.5754004, 31.100508, 0.49000004, 16.094639
1498, 411, -0.0011999999405816197, -0.4919999756384641, False, 50.758873, -3.0683975, 0.0, 4.5770483, 31.182413, 0.49000004, 15.807501
1498, 412, -0.0011999999405816197, -0.4931999755790457, False, 50.63887, -2.142159, 0.0, 2.5676863, 31.223412, 0.49000004, 15.571035
1498, 413, -0.0011999999405816197, -0.49439997551962733, False, 50.518867, -2.200766, 0.0, 4.63403, 31.197142, 0.49000004, 15.301991
1498, 414, -0.0011999999405816197, -0.49559997546020895, False, 50.398865, -2.483963, 0.0, 6.4737196, 31.079004, 0.49000004, 14.940834
1498, 415, -0.0011999999405816197, -0.49679997540079057, False, 50.278862, -2.1600225, 0.0, 8.366419, 30.868765, 0.49000004, 14.504418
1498, 416, -0.0011999999405816197, -0.4979999753413722, False, 50.15886, -2.8361359, 0.0, 9.830883, 30.572847, 0.49000004, 14.002398
1498, 417, -0.0011999999405816197, -0.4991999752819538, False, 50.038857, -3.5753775, 0.0, 11.090986, 30.189981, 0.49000004, 13.45092
1498, 418, -0.0011999999405816197, -0.5003999752225354, False, 49.918854, -3.9270074, 0.0, 6.5698533, 29.904282, 0.49000004, 12.997466
1498, 419, -0.0011999999405816197, -0.501599975163117, False, 49.79885, -4.192318, 0.0, 8.072874, 29.602566, 0.49000004, 12.577961
1498, 420, -0.0011999999405816197, -0.5027999751036987, False, 49.67885, -4.133462, 0.0, 3.834271, 29.395674, 0.49000004, 12.232984
1498, 421, -0.0011999999405816197, -0.5039999750442803, False, 49.558846, -3.5584512, 0.0, 6.020369, 29.161936, 0.49000004, 11.921063
1498, 422, -0.0011999999405816197, -0.5051999749848619, False, 49.438843, -1.7992573, 0.0, 3.9324567, 28.958218, 0.49000004, 11.690115
1498, 423, -0.0011999999405816197, -0.5063999749254435, False, 49.31884, -0.81587756, 0.0, 2.4262938, 28.83541, 0.49000004, 11.55089
1498, 424, -0.0011999999405816197, -0.5075999748660251, False, 49.198837, -0.3035189, 0.0, 1.359429, 28.766102, 0.49000004, 11.472317
1498, 425, -0.0011999999405816197, -0.5087999748066068, False, 49.078835, -0.22329998, 0.0, -1.4213129, 28.800146, 0.49000004, 11.486037
1498, 426, -0.0011999999405816197, -0.5099999747471884, False, 48.95883, -0.05884868, 0.0, 1.4093654, 28.782715, 0.49000004, 11.456114
1498, 427, -0.0011999999405816197, -0.51119997468777, False, 48.83883, -0.08969915, 0.0, -1.4106679, 28.805384, 0.49000004, 11.481668
1498, 428, -0.0011999999405816197, -0.5123999746283516, False, 48.718826, -0.36916947, 0.0, -3.7396147, 28.912619, 0.49000004, 11.625742
1498, 429, -0.0011999999405816197, -0.5135999745689332, False, 48.598824, -0.44078207, 0.0, -2.1401331, 29.005657, 0.49000004, 11.75551
1498, 430, -0.0011999999405816197, -0.5147999745095149, False, 48.47882, -0.72800505, 0.0, -4.368864, 29.11427, 0.49000004, 11.948738
1498, 431, -0.0011999999405816197, -0.5159999744500965, False, 48.358818, -1.1952903, 0.0, -6.352666, 29.256123, 0.49000004, 12.266504
1498, 432, -0.0011999999405816197, -0.5171999743906781, False, 48.238815, -1.7953771, 0.0, -8.100071, 29.412529, 0.49000004, 12.701153
1498, 433, -0.0011999999405816197, -0.5183999743312597, False, 48.118813, -2.491329, 0.0, -9.622372, 29.566042, 0.49000004, 13.2441
1498, 434, -0.0011999999405816197, -0.5195999742718413, False, 47.99881, -2.1983566, 0.0, -5.874858, 29.67708, 0.49000004, 13.672937
1498, 435, -0.0011999999405816197, -0.520799974212423, False, 47.878807, -2.6139474, 0.0, -7.587041, 29.748623, 0.49000004, 14.1140175
1498, 436, -0.0011999999405816197, -0.5219999741530046, False, 47.758804, -3.152831, 0.0, -9.091437, 29.776623, 0.49000004, 14.659201
1498, 437, -0.0011999999405816197, -0.5231999740935862, False, 47.6388, -3.778104, 0.0, -10.398742, 29.750027, 0.49000004, 15.294151
1498, 438, -0.0011999999405816197, -0.5243999740341678, False, 47.5188, -4.460215, 0.0, -11.521123, 29.659182, 0.49000004, 16.004282
1498, 439, -0.0011999999405816197, -0.5255999739747494, False, 47.398796, -4.747948, 0.0, -6.8843718, 29.612814, 0.49000004, 16.580473
1498, 440, -0.0011999999405816197, -0.5267999739153311, False, 47.278793, -4.9455466, 0.0, -8.289531, 29.533964, 0.49000004, 17.127754
1498, 441, -0.0011999999405816197, -0.5279999738559127, False, 47.15879, -4.8189898, 0.0, -3.9719796, 29.50781, 0.49000004, 17.564367
1498, 442, -0.0011999999405816197, -0.5291999737964943, False, 47.038788, -3.8726752, 0.0, -1.0880828, 29.601856, 0.49000004, 17.824577
1498, 443, -0.0011999999405816197, -0.5303999737370759, False, 46.918785, -3.2645202, 0.0, 1.4080642, 29.7858, 0.49000004, 17.922426
1498, 444, -0.0011999999405816197, -0.5315999736776575, False, 46.798782, -3.0231977, 0.0, 3.5515609, 30.032337, 0.49000004, 17.874441
1498, 445, -0.0011999999405816197, -0.5327999736182392, False, 46.67878, -3.0720556, 0.0, 5.4483995, 30.322384, 0.49000004, 17.693398
1498, 446, -0.0011999999405816197, -0.5339999735588208, False, 46.558777, -3.3259997, 0.0, 7.1360817, 30.638807, 0.49000004, 17.387917
1498, 447, -0.0011999999405816197, -0.5351999734994024, False, 46.438774, -3.727273, 0.0, 8.628059, 30.96495, 0.49000004, 16.965578
1498, 448, -0.0011999999405816197, -0.536399973439984, False, 46.31877, -3.7904556, 0.0, 4.3594956, 31.241142, 0.49000004, 16.65633
1498, 449, -0.0011999999405816197, -0.5375999733805656, False, 46.19877, -3.3398852, 0.0, 0.6388089, 31.45788, 0.49000004, 16.554234
1498, 450, -0.0011999999405816197, -0.5387999733211473, False, 46.078766, -2.5947425, 0.0, -2.3914714, 31.63586, 0.49000004, 16.628113
1498, 451, -0.0011999999405816197, -0.5399999732617289, False, 45.958763, -2.0010371, 0.0, 0.4603101, 31.767828, 0.49000004, 16.632267
1498, 452, -0.0011999999405816197, -0.5411999732023105, False, 45.83876, -1.000619, 0.0, 0.34365648, 31.841776, 0.49000004, 16.597855
1498, 453, -0.0011999999405816197, -0.5423999731428921, False, 45.718758, -0.9680115, 0.0, 2.735495, 31.87631, 0.49000004, 16.4723
1498, 454, -0.0011999999405816197, -0.5435999730834737, False, 45.598755, -1.2289697, 0.0, 4.8640733, 31.871264, 0.49000004, 16.213276
1498, 455, -0.0011999999405816197, -0.5447999730240554, False, 45.478752, -1.6736473, 0.0, 6.7570333, 31.816547, 0.49000004, 15.8377695
1498, 456, -0.0011999999405816197, -0.545999972964637, False, 45.35875, -1.4655614, 0.0, 4.046008, 31.762856, 0.49000004, 15.536025
1498, 457, -0.0011999999405816197, -0.5471999729052186, False, 45.238747, -1.7904646, 0.0, 6.002804, 31.664953, 0.49000004, 15.213553
1498, 458, -0.0011999999405816197, -0.5483999728458002, False, 45.118744, -2.274345, 0.0, 7.73524, 31.484245, 0.49000004, 14.803201
1498, 459, -0.0011999999405816197, -0.5495999727863818, False, 44.99874, -1.987711, 0.0, 9.505917, 31.218477, 0.49000004, 14.321596
1498, 460, -0.0011999999405816197, -0.5507999727269635, False, 44.87874, -2.7995162, 0.0, 10.8719015, 30.872887, 0.49000004, 13.778188
1498, 461, -0.0011999999405816197, -0.5519999726675451, False, 44.758736, -3.6475773, 0.0, 12.031308, 30.445375, 0.49000004, 13.188897
1498, 462, -0.0011999999405816197, -0.5531999726081267, False, 44.638733, -4.089333, 0.0, 7.4070168, 30.11956, 0.49000004, 12.70089
1498, 463, -0.0011999999405816197, -0.5543999725487083, False, 44.51873, -4.4236484, 0.0, 8.809426, 29.78187, 0.49000004, 12.249775
1498, 464, -0.0011999999405816197, -0.5555999724892899, False, 44.398727, -4.8643184, 0.0, 10.039377, 29.334702, 0.49000004, 11.786962
1498, 465, -0.0011999999405816197, -0.5567999724298716, False, 44.278725, -3.488296, 0.0, 6.414419, 28.998379, 0.49000004, 11.399952
1498, 466, -0.0011999999405816197, -0.5579999723704532, False, 44.158722, -1.7357042, 0.0, 4.1824574, 28.802475, 0.49000004, 11.1443
1498, 467, -0.0011999999405816197, -0.5591999723110348, False, 44.03872, -1.1710681, 0.0, 0.87373793, 28.749739, 0.49000004, 11.013396
1498, 468, -0.0011999999405816197, -0.5603999722516164, False, 43.918716, -0.92549896, 0.0, -1.7298926, 28.827932, 0.49000004, 11.004987
1498, 469, -0.0011999999405816197, -0.561599972192198, False, 43.798714, -0.55994606, 0.0, -0.8255781, 28.903055, 0.49000004, 11.023512
1498, 470, -0.0011999999405816197, -0.5627999721327797, False, 43.67871, -0.68106794, 0.0, -3.1802092, 29.020658, 0.49000004, 11.115499
1498, 471, -0.0011999999405816197, -0.5639999720733613, False, 43.55871, -0.50051653, 0.0, 0.1505118, 29.081085, 0.49000004, 11.140305
1498, 472, -0.0011999999405816197, -0.5651999720139429, False, 43.438705, -0.5077395, 0.0, -2.319435, 29.145565, 0.49000004, 11.210259
1498, 473, -0.0011999999405816197, -0.5663999719545245, False, 43.318703, -0.8017607, 0.0, -4.5250373, 29.261585, 0.49000004, 11.411248
1498, 474, -0.0011999999405816197, -0.5675999718951061, False, 43.1987, -1.2738545, 0.0, -6.4871655, 29.40999, 0.49000004, 11.7361355
1498, 475, -0.0011999999405816197, -0.5687999718356878, False, 43.078697, -1.8767805, 0.0, -8.214507, 29.572203, 0.49000004, 12.177299
1498, 476, -0.0011999999405816197, -0.5699999717762694, False, 42.958694, -2.5737572, 0.0, -9.718415, 29.730867, 0.49000004, 12.72619
1498, 477, -0.0011999999405816197, -0.571199971716851, False, 42.83869, -3.3340168, 0.0, -11.012378, 29.87003, 0.49000004, 13.373334
1498, 478, -0.0011999999405816197, -0.5723999716574326, False, 42.71869, -4.131586, 0.0, -12.111333, 29.975237, 0.49000004, 14.108386
1498, 479, -0.0011999999405816197, -0.5735999715980142, False, 42.598686, -4.944678, 0.0, -13.031129, 30.033604, 0.49000004, 14.920218
1498, 480, -0.0011999999405816197, -0.5747999715385959, False, 42.478683, -5.7552576, 0.0, -13.788059, 30.033852, 0.49000004, 15.79703
1498, 481, -0.0011999999405816197, -0.5759999714791775, False, 42.35868, -4.5939784, 0.0, -8.406357, 30.018099, 0.49000004, 16.469028
1498, 482, -0.0011999999405816197, -0.5771999714197591, False, 42.238678, -4.9718857, 0.0, -9.663986, 29.947645, 0.49000004, 17.091412
1498, 483, -0.0011999999405816197, -0.5783999713603407, False, 42.118675, -4.9958205, 0.0, -5.1880116, 29.924208, 0.49000004, 17.59179
1498, 484, -0.0011999999405816197, -0.5795999713009223, False, 41.998672, -3.9478195, 0.0, -2.1497364, 30.008703, 0.49000004, 17.897459
1498, 485, -0.0011999999405816197, -0.580799971241504, False, 41.87867, -3.2306266, 0.0, 0.52674484, 30.172134, 0.49000004, 18.023514
1498, 486, -0.0011999999405816197, -0.5819999711820856, False, 41.758667, -2.883185, 0.0, 2.7982137, 30.385628, 0.49000004, 17.989904
1498, 487, -0.0011999999405816197, -0.5831999711226672, False, 41.638664, -2.8631272, 0.0, 4.790582, 30.630375, 0.49000004, 17.814487
1498, 488, -0.0011999999405816197, -0.5843999710632488, False, 41.51866, -3.0729742, 0.0, 6.563769, 30.890429, 0.49000004, 17.509073
1498, 489, -0.0011999999405816197, -0.5855999710038304, False, 41.39866, -3.4462051, 0.0, 8.135117, 31.150072, 0.49000004, 17.083511
1498, 490, -0.0011999999405816197, -0.586799970944412, False, 41.278656, -3.4898064, 0.0, 3.9419034, 31.373817, 0.49000004, 16.773005
1498, 491, -0.0011999999405816197, -0.5879999708849937, False, 41.158653, -3.0238676, 0.0, 0.30784833, 31.561516, 0.49000004, 16.671782
1498, 492, -0.0011999999405816197, -0.5891999708255753, False, 41.03865, -2.6746545, 0.0, 2.6241844, 31.70407, 0.49000004, 16.532347
1498, 493, -0.0011999999405816197, -0.5903999707661569, False, 40.918648, -2.662951, 0.0, 4.6501975, 31.789726, 0.49000004, 16.258657
1498, 494, -0.0011999999405816197, -0.5915999707067385, False, 40.798645, -2.8843946, 0.0, 6.45328, 31.812572, 0.49000004, 15.869726
1498, 495, -0.0011999999405816197, -0.5927999706473202, False, 40.678642, -2.1926055, 0.0, 3.7850285, 31.813019, 0.49000004, 15.558324
1498, 496, -0.0011999999405816197, -0.5939999705879018, False, 40.55864, -1.3382349, 0.0, 6.1073685, 31.760664, 0.49000004, 15.225817
1498, 497, -0.0011999999405816197, -0.5951999705284834, False, 40.438637, -1.2077594, 0.0, 3.6393032, 31.705374, 0.49000004, 14.95746
1498, 498, -0.0011999999405816197, -0.596399970469065, False, 40.318634, -1.5278518, 0.0, 5.6575184, 31.606703, 0.49000004, 14.6619425
1498, 499, -0.0011999999405816197, -0.5975999704096466, False, 40.19863, -2.012074, 0.0, 7.446315, 31.425755, 0.49000004, 14.275854
1498, 500, -0.0011999999405816197, -0.5987999703502283, False, 40.07863, -2.6141472, 0.0, 9.015345, 31.15822, 0.49000004, 13.81789
1498, 501, -0.0011999999405816197, -0.5999999702908099, False, 39.958626, -3.2985902, 0.0, 10.376095, 30.80111, 0.49000004, 13.306367
1498, 502, -0.0011999999405816197, -0.6011999702313915, False, 39.838623, -2.8686361, 0.0, 6.292491, 30.537304, 0.49000004, 12.891327
1498, 503, -0.0011999999405816197, -0.6023999701719731, False, 39.71862, -3.2396255, 0.0, 7.908159, 30.259855, 0.49000004, 12.49922
1498, 504, -0.0011999999405816197, -0.6035999701125547, False, 39.598618, -3.7324204, 0.0, 9.328102, 29.874876, 0.49000004, 12.07459
1498, 505, -0.0011999999405816197, -0.6047999700531363, False, 39.478615, -4.3107567, 0.0, 10.562601, 29.385927, 0.49000004, 11.63474
1498, 506, -0.0011999999405816197, -0.605999969993718, False, 39.358612, -4.5139313, 0.0, 6.0393105, 29.014328, 0.49000004, 11.262505
1498, 507, -0.0011999999405816197, -0.6071999699342996, False, 39.23861, -2.3976245, 0.0, 4.0259857, 28.794872, 0.49000004, 11.01205
1498, 508, -0.0011999999405816197, -0.6083999698748812, False, 39.118607, -1.172833, 0.0, 2.541112, 28.661613, 0.49000004, 10.859966
1498, 509, -0.0011999999405816197, -0.6095999698154628, False, 38.998604, -0.5703597, 0.0, 4.881152, 28.465384, 0.49000004, 10.70154
1498, 510, -0.0011999999405816197, -0.6107999697560444, False, 38.8786, -0.21401596, 0.0, 1.3238858, 28.35094, 0.49000004, 10.60429
1498, 511, -0.0011999999405816197, -0.6119999696966261, False, 38.7586, -0.17230308, 0.0, -1.4642307, 28.384636, 0.49000004, 10.622521
1498, 512, -0.0011999999405816197, -0.6131999696372077, False, 38.638596, -0.1485622, 0.0, -0.6586103, 28.429554, 0.49000004, 10.654309
1498, 513, -0.0011999999405816197, -0.6143999695777893, False, 38.518593, -0.047067385, 0.0, -0.13896328, 28.444576, 0.49000004, 10.66494
1498, 514, -0.0011999999405816197, -0.6155999695183709, False, 38.39859, -0.21288395, 0.0, -2.5962353, 28.507881, 0.49000004, 10.752525
1498, 515, -0.0011999999405816197, -0.6167999694589525, False, 38.278587, -0.5852834, 0.0, -4.7983727, 28.638554, 0.49000004, 10.961457
1498, 516, -0.0011999999405816197, -0.6179999693995342, False, 38.158585, -1.1162641, 0.0, -6.7518077, 28.815685, 0.49000004, 11.287788
1498, 517, -0.0011999999405816197, -0.6191999693401158, False, 38.03858, -1.7667924, 0.0, -8.466444, 29.019573, 0.49000004, 11.726336
1498, 518, -0.0011999999405816197, -0.6203999692806974, False, 37.91858, -2.5030086, 0.0, -9.95481, 29.231825, 0.49000004, 12.270703
1498, 519, -0.0011999999405816197, -0.621599969221279, False, 37.798576, -3.2956755, 0.0, -11.231333, 29.435432, 0.49000004, 12.913351
1498, 520, -0.0011999999405816197, -0.6227999691618606, False, 37.678574, -4.1198273, 0.0, -12.311723, 29.614834, 0.49000004, 13.64567
1498, 521, -0.0011999999405816197, -0.6239999691024423, False, 37.55857, -4.9544506, 0.0, -13.212458, 29.755968, 0.49000004, 14.458082
1498, 522, -0.0011999999405816197, -0.6251999690430239, False, 37.43857, -5.7821493, 0.0, -13.950305, 29.846327, 0.49000004, 15.34015
1498, 523, -0.0011999999405816197, -0.6263999689836055, False, 37.318565, -4.6235332, 0.0, -8.510835, 29.899809, 0.49000004, 16.017565
1498, 524, -0.0011999999405816197, -0.6275999689241871, False, 37.198563, -5.0088215, 0.0, -9.755218, 29.893946, 0.49000004, 16.649946
1498, 525, -0.0011999999405816197, -0.6287999688647687, False, 37.07856, -5.477599, 0.0, -10.839352, 29.805964, 0.49000004, 17.349712
1498, 526, -0.0011999999405816197, -0.6299999688053504, False, 36.958557, -4.7921157, 0.0, -6.739855, 29.76485, 0.49000004, 17.91867
1498, 527, -0.0011999999405816197, -0.631199968745932, False, 36.838554, -3.6656065, 0.0, -3.477603, 29.822891, 0.49000004, 18.277029
1498, 528, -0.0011999999405816197, -0.6323999686865136, False, 36.71855, -2.8791533, 0.0, -0.53999853, 29.95056, 0.49000004, 18.438992
1498, 529, -0.0011999999405816197, -0.6335999686270952, False, 36.59855, -2.4418714, 0.0, 1.9258124, 30.116898, 0.49000004, 18.427126
1498, 530, -0.0011999999405816197, -0.6347999685676768, False, 36.478546, -2.3784714, 0.0, 4.0492754, 30.303009, 0.49000004, 18.265797
1498, 531, -0.0011999999405816197, -0.6359999685082585, False, 36.358543, -2.5727088, 0.0, 5.937281, 30.494633, 0.49000004, 17.970158
1498, 532, -0.0011999999405816197, -0.6371999684488401, False, 36.23854, -2.9449542, 0.0, 7.6131144, 30.677084, 0.49000004, 17.552067
1498, 533, -0.0011999999405816197, -0.6383999683894217, False, 36.118538, -3.4443521, 0.0, 9.087427, 30.836006, 0.49000004, 17.023026
1498, 534, -0.0011999999405816197, -0.6395999683300033, False, 35.998535, -3.595436, 0.0, 4.7890244, 30.985312, 0.49000004, 16.619818
1498, 535, -0.0011999999405816197, -0.6407999682705849, False, 35.878532, -2.4913816, 0.0, 2.681235, 31.09557, 0.49000004, 16.382252
1498, 536, -0.0011999999405816197, -0.6419999682111666, False, 35.75853, -1.9956872, 0.0, -0.6509645, 31.209726, 0.49000004, 16.310574
1498, 537, -0.0011999999405816197, -0.6431999681517482, False, 35.638527, -1.6555297, 0.0, 1.8791068, 31.270329, 0.49000004, 16.205479
1498, 538, -0.0011999999405816197, -0.6443999680923298, False, 35.518524, -1.706441, 0.0, 4.053684, 31.240114, 0.49000004, 15.983618
1498, 539, -0.0011999999405816197, -0.6455999680329114, False, 35.39852, -1.9970019, 0.0, 5.991213, 31.119257, 0.49000004, 15.665016
1498, 540, -0.0011999999405816197, -0.646799967973493, False, 35.27852, -0.9913924, 0.0, 8.0706, 30.90931, 0.49000004, 15.265134
1498, 541, -0.0011999999405816197, -0.6479999679140747, False, 35.158516, -0.088881016, 0.0, 5.0761514, 30.734735, 0.49000004, 14.950173
1498, 542, -0.0011999999405816197, -0.6491999678546563, False, 35.038513, -0.7188034, 0.0, 7.0458455, 30.54376, 0.49000004, 14.615022
1498, 543, -0.0011999999405816197, -0.6503999677952379, False, 34.91851, -1.4515114, 0.0, 8.766188, 30.281563, 0.49000004, 14.191741
1498, 544, -0.0011999999405816197, -0.6515999677358195, False, 34.798508, -1.4808238, 0.0, 5.3754473, 30.068928, 0.49000004, 13.859246
1498, 545, -0.0011999999405816197, -0.6527999676764011, False, 34.678505, -0.59925723, 0.0, 7.4643116, 29.825167, 0.49000004, 13.527887
1498, 546, -0.0011999999405816197, -0.6539999676169828, False, 34.558502, -0.027411938, 0.0, 3.654903, 29.65127, 0.49000004, 13.290391
1498, 547, -0.0011999999405816197, -0.6551999675575644, False, 34.4385, -0.5316243, 0.0, 5.769286, 29.470594, 0.49000004, 13.043665
1498, 548, -0.0011999999405816197, -0.656399967498146, False, 34.318497, -1.1654367, 0.0, 7.6317253, 29.205927, 0.49000004, 12.710415
1498, 549, -0.0011999999405816197, -0.6575999674387276, False, 34.198494, -1.896532, 0.0, 9.255075, 28.85335, 0.49000004, 12.310566
1498, 550, -0.0011999999405816197, -0.6587999673793092, False, 34.07849, -0.9778156, 0.0, 5.397093, 28.593884, 0.49000004, 11.99754
1498, 551, -0.0011999999405816197, -0.6599999673198909, False, 33.95849, -0.50330025, 0.0, 1.8323629, 28.495012, 0.49000004, 11.842816
1498, 552, -0.0011999999405816197, -0.6611999672604725, False, 33.838486, -0.30189952, 0.0, -1.0348326, 28.516111, 0.49000004, 11.839065
1498, 553, -0.0011999999405816197, -0.6623999672010541, False, 33.718483, -0.15650173, 0.0, -0.38227546, 28.545265, 0.49000004, 11.861626
1498, 554, -0.0011999999405816197, -0.6635999671416357, False, 33.59848, -0.31885248, 0.0, -2.8076909, 28.610624, 0.49000004, 11.964526
1498, 555, -0.0011999999405816197, -0.6647999670822173, False, 33.478477, -0.69422865, 0.0, -4.9801197, 28.728765, 0.49000004, 12.194546
1498, 556, -0.0011999999405816197, -0.665999967022799, False, 33.358475, -1.2274122, 0.0, -6.906276, 28.879631, 0.49000004, 12.5455065
1498, 557, -0.0011999999405816197, -0.6671999669633806, False, 33.238472, -1.8784267, 0.0, -8.596022, 29.04435, 0.49000004, 13.010208
1498, 558, -0.0011999999405816197, -0.6683999669039622, False, 33.11847, -2.6133623, 0.0, -10.06185, 29.205433, 0.49000004, 13.580404
1498, 559, -0.0011999999405816197, -0.6695999668445438, False, 32.998466, -3.403166, 0.0, -11.318137, 29.346865, 0.49000004, 14.246855
1498, 560, -0.0011999999405816197, -0.6707999667851254, False, 32.878464, -4.2231317, 0.0, -12.380526, 29.454157, 0.49000004, 14.9994135
1498, 561, -0.0011999999405816197, -0.671999966725707, False, 32.75846, -3.5069993, 0.0, -7.577654, 29.524023, 0.49000004, 15.582184
1498, 562, -0.0011999999405816197, -0.6731999666662887, False, 32.63846, -3.931807, 0.0, -9.009497, 29.541643, 0.49000004, 16.142328
1498, 563, -0.0011999999405816197, -0.6743999666068703, False, 32.518456, -4.4530106, 0.0, -10.25972, 29.489819, 0.49000004, 16.784538
1498, 564, -0.0011999999405816197, -0.6755999665474519, False, 32.398453, -4.605725, 0.0, -5.7579803, 29.477842, 0.49000004, 17.299044
1498, 565, -0.0011999999405816197, -0.6767999664880335, False, 32.27845, -3.5668387, 0.0, -2.597344, 29.558676, 0.49000004, 17.606808
1498, 566, -0.0011999999405816197, -0.6779999664286152, False, 32.158447, -2.85245, 0.0, 0.1965878, 29.704334, 0.49000004, 17.724924
1498, 567, -0.0011999999405816197, -0.6791999663691968, False, 32.038445, -2.5107112, 0.0, 2.5394073, 29.886175, 0.49000004, 17.677227
1498, 568, -0.0011999999405816197, -0.6803999663097784, False, 31.918442, -2.5121622, 0.0, 4.585646, 30.087126, 0.49000004, 17.484911
1498, 569, -0.0011999999405816197, -0.68159996625036, False, 31.798439, -2.7471025, 0.0, 6.406855, 30.292515, 0.49000004, 17.161427
1498, 570, -0.0011999999405816197, -0.6827999661909416, False, 31.678436, -3.1460094, 0.0, 8.020485, 30.48746, 0.49000004, 16.718084
1498, 571, -0.0011999999405816197, -0.6839999661315233, False, 31.558434, -3.6621847, 0.0, 9.436749, 30.6576, 0.49000004, 16.166103
1498, 572, -0.0011999999405816197, -0.6851999660721049, False, 31.43843, -3.8238811, 0.0, 5.0841913, 30.81697, 0.49000004, 15.742053
1498, 573, -0.0011999999405816197, -0.6863999660126865, False, 31.318428, -2.661822, 0.0, 2.859726, 30.934647, 0.49000004, 15.489076
1498, 574, -0.0011999999405816197, -0.6875999659532681, False, 31.198425, -2.6799176, 0.0, 4.859303, 30.986784, 0.49000004, 15.195641
1498, 575, -0.0011999999405816197, -0.6887999658938497, False, 31.078423, -2.9219697, 0.0, 6.638998, 30.965063, 0.49000004, 14.795319
1498, 576, -0.0011999999405816197, -0.6899999658344314, False, 30.95842, -2.231637, 0.0, 3.9037056, 30.930262, 0.49000004, 14.477336
1498, 577, -0.0011999999405816197, -0.691199965775013, False, 30.838417, -2.4303658, 0.0, 5.8179193, 30.837086, 0.49000004, 14.148545
1498, 578, -0.0011999999405816197, -0.6923999657155946, False, 30.718414, -2.808906, 0.0, 7.517348, 30.64716, 0.49000004, 13.743482
1498, 579, -0.0011999999405816197, -0.6935999656561762, False, 30.598412, -3.3157005, 0.0, 9.01263, 30.359346, 0.49000004, 13.280601
1498, 580, -0.0011999999405816197, -0.6947999655967578, False, 30.478409, -3.9128137, 0.0, 10.31414, 29.973394, 0.49000004, 12.777887
1498, 581, -0.0011999999405816197, -0.6959999655373394, False, 30.358406, -3.1509752, 0.0, 6.244646, 29.661621, 0.49000004, 12.395973
1498, 582, -0.0011999999405816197, -0.6971999654779211, False, 30.238403, -2.740048, 0.0, 8.167134, 29.318312, 0.49000004, 12.054575
1498, 583, -0.0011999999405816197, -0.6983999654185027, False, 30.1184, -1.449862, 0.0, 10.104718, 28.868937, 0.49000004, 11.686868
1498, 584, -0.0011999999405816197, -0.6995999653590843, False, 29.998398, -0.24370456, 0.0, 6.445663, 28.51097, 0.49000004, 11.4055395
1498, 585, -0.0011999999405816197, -0.7007999652996659, False, 29.878395, 0.17711926, 0.0, 2.7029092, 28.326565, 0.49000004, 11.258677
1498, 586, -0.0011999999405816197, -0.7019999652402475, False, 29.758392, 0.25254077, 0.0, 1.469826, 28.238924, 0.49000004, 11.189587
1498, 587, -0.0011999999405816197, -0.7031999651808292, False, 29.63839, 0.08105874, 0.0, -1.3694127, 28.25037, 0.49000004, 11.220077
1498, 588, -0.0011999999405816197, -0.7043999651214108, False, 29.518387, -0.027684182, 0.0, -0.6067347, 28.277496, 0.49000004, 11.262471
1498, 589, -0.0011999999405816197, -0.7055999650619924, False, 29.398384, -0.24324048, 0.0, -3.0195978, 28.343678, 0.49000004, 11.37942
1498, 590, -0.0011999999405816197, -0.706799965002574, False, 29.278381, -0.6519152, 0.0, -5.1775208, 28.463013, 0.49000004, 11.621937
1498, 591, -0.0011999999405816197, -0.7079999649431556, False, 29.158379, -1.2106999, 0.0, -7.0878105, 28.615156, 0.49000004, 11.984142
1498, 592, -0.0011999999405816197, -0.7091999648837373, False, 29.038376, -1.881989, 0.0, -8.76102, 28.781137, 0.49000004, 12.459005
1498, 593, -0.0011999999405816197, -0.7103999648243189, False, 28.918373, -2.632939, 0.0, -10.210146, 28.943424, 0.49000004, 13.038399
1498, 594, -0.0011999999405816197, -0.7115999647649005, False, 28.79837, -3.4351828, 0.0, -11.449962, 29.085972, 0.49000004, 13.713186
1498, 595, -0.0011999999405816197, -0.7127999647054821, False, 28.678368, -2.9347389, 0.0, -7.015667, 29.185371, 0.49000004, 14.23918
1498, 596, -0.0011999999405816197, -0.7139999646460637, False, 28.558365, -3.3732646, 0.0, -8.551739, 29.237024, 0.49000004, 14.7567425
1498, 597, -0.0011999999405816197, -0.7151999645866454, False, 28.438362, -3.9159184, 0.0, -9.895122, 29.231146, 0.49000004, 15.366651
1498, 598, -0.0011999999405816197, -0.716399964527227, False, 28.31836, -4.0957465, 0.0, -5.4738684, 29.254208, 0.49000004, 15.848548
1498, 599, -0.0011999999405816197, -0.7175999644678086, False, 28.198357, -3.1376433, 0.0, -2.2893715, 29.350178, 0.49000004, 16.117928
1498, 600, -0.0011999999405816197, -0.7187999644083902, False, 28.078354, -2.4928656, 0.0, 0.48955083, 29.491997, 0.49000004, 16.195255
1498, 601, -0.0011999999405816197, -0.7199999643489718, False, 27.958351, -2.23699, 0.0, 2.8042252, 29.654243, 0.49000004, 16.108536
1498, 602, -0.0011999999405816197, -0.7211999642895535, False, 27.838348, -2.309506, 0.0, 4.8378153, 29.822777, 0.49000004, 15.879159
1498, 603, -0.0011999999405816197, -0.7223999642301351, False, 27.718346, -2.5997152, 0.0, 6.647968, 29.983862, 0.49000004, 15.52093
1498, 604, -0.0011999999405816197, -0.7235999641707167, False, 27.598343, -2.5833032, 0.0, 2.6829286, 30.126347, 0.49000004, 15.272371
1498, 605, -0.0011999999405816197, -0.7247999641112983, False, 27.47834, -1.6549263, 0.0, 1.392776, 30.223526, 0.49000004, 15.147604
1498, 606, -0.0011999999405816197, -0.7259999640518799, False, 27.358337, -1.6453708, 0.0, 3.624395, 30.268215, 0.49000004, 14.953785
1498, 607, -0.0011999999405816197, -0.7271999639924616, False, 27.238335, -1.8982303, 0.0, 5.6110177, 30.255766, 0.49000004, 14.637453
1498, 608, -0.0011999999405816197, -0.7283999639330432, False, 27.118332, -2.3268545, 0.0, 7.3742423, 30.178482, 0.49000004, 14.216221
1498, 609, -0.0011999999405816197, -0.7295999638736248, False, 26.99833, -2.4351547, 0.0, 3.343625, 30.145191, 0.49000004, 13.901944
1498, 610, -0.0011999999405816197, -0.7307999638142064, False, 26.878326, -1.4337531, 0.0, 1.9686358, 30.145391, 0.49000004, 13.724917
1498, 611, -0.0011999999405816197, -0.731999963754788, False, 26.758324, -1.5315001, 0.0, 4.146556, 30.079912, 0.49000004, 13.510518
1498, 612, -0.0011999999405816197, -0.7331999636953697, False, 26.63832, -1.3088853, 0.0, 6.252186, 29.917892, 0.49000004, 13.206988
1498, 613, -0.0011999999405816197, -0.7343999636359513, False, 26.518318, -1.8834686, 0.0, 7.9999046, 29.666523, 0.49000004, 12.825023
1498, 614, -0.0011999999405816197, -0.7355999635765329, False, 26.398315, -1.6927159, 0.0, 4.8476667, 29.458965, 0.49000004, 12.525864
1498, 615, -0.0011999999405816197, -0.7367999635171145, False, 26.278313, -2.069851, 0.0, 6.7049017, 29.209368, 0.49000004, 12.234283
1498, 616, -0.0011999999405816197, -0.7379999634576961, False, 26.15831, -1.3219386, 0.0, 3.1265898, 29.046165, 0.49000004, 12.014693
1498, 617, -0.0011999999405816197, -0.7391999633982778, False, 26.038307, -0.5659934, 0.0, 1.8606981, 28.972322, 0.49000004, 11.892199
1498, 618, -0.0011999999405816197, -0.7403999633388594, False, 25.918304, -0.34200093, 0.0, -1.0138586, 28.993927, 0.49000004, 11.883208
1498, 619, -0.0011999999405816197, -0.741599963279441, False, 25.798302, -0.082677186, 0.0, 1.6922495, 28.97057, 0.49000004, 11.836579
1498, 620, -0.0011999999405816197, -0.7427999632200226, False, 25.678299, -0.079438746, 0.0, -1.1543359, 28.98208, 0.49000004, 11.850812
1498, 621, -0.0011999999405816197, -0.7439999631606042, False, 25.558296, -0.08030501, 0.0, -0.45838964, 29.004684, 0.49000004, 11.884403
1498, 622, -0.0011999999405816197, -0.7451999631011859, False, 25.438293, -0.26901078, 0.0, -2.8817265, 29.057257, 0.49000004, 11.998962
1498, 623, -0.0011999999405816197, -0.7463999630417675, False, 25.31829, -0.6599527, 0.0, -5.051036, 29.14948, 0.49000004, 12.244837
1498, 624, -0.0011999999405816197, -0.7475999629823491, False, 25.198288, -1.2050914, 0.0, -6.9731216, 29.261858, 0.49000004, 12.613921
1498, 625, -0.0011999999405816197, -0.7487999629229307, False, 25.078285, -1.8657309, 0.0, -8.658172, 29.376293, 0.49000004, 13.097153
1498, 626, -0.0011999999405816197, -0.7499999628635123, False, 24.958282, -2.6084836, 0.0, -10.118927, 29.47621, 0.49000004, 13.684552
1498, 627, -0.0011999999405816197, -0.751199962804094, False, 24.83828, -3.4045992, 0.0, -11.369949, 29.546614, 0.49000004, 14.365296
1498, 628, -0.0011999999405816197, -0.7523999627446756, False, 24.718277, -4.229588, 0.0, -12.427029, 29.574139, 0.49000004, 15.127813
1498, 629, -0.0011999999405816197, -0.7535999626852572, False, 24.598274, -4.64123, 0.0, -7.714368, 29.621187, 0.49000004, 15.745434
1498, 630, -0.0011999999405816197, -0.7547999626258388, False, 24.478271, -3.466508, 0.0, -4.3197365, 29.723757, 0.49000004, 16.130093
1498, 631, -0.0011999999405816197, -0.7559999625664204, False, 24.358269, -2.6537123, 0.0, -1.2219646, 29.858912, 0.49000004, 16.301794
1498, 632, -0.0011999999405816197, -0.7571999625070021, False, 24.238266, -2.1632574, 0.0, 1.3855932, 29.99878, 0.49000004, 16.287931
1498, 633, -0.0011999999405816197, -0.7583999624475837, False, 24.118263, -2.072893, 0.0, 3.5917494, 30.12832, 0.49000004, 16.119797
1498, 634, -0.0011999999405816197, -0.7595999623881653, False, 23.99826, -2.2595198, 0.0, 5.550667, 30.237339, 0.49000004, 15.816601
1498, 635, -0.0011999999405816197, -0.7607999623287469, False, 23.878258, -2.6327336, 0.0, 7.291102, 30.313932, 0.49000004, 15.393242
1498, 636, -0.0011999999405816197, -0.7619999622693285, False, 23.758255, -2.1045527, 0.0, 4.343009, 30.360758, 0.49000004, 15.053738
1498, 637, -0.0011999999405816197, -0.7631999622099102, False, 23.638252, -2.3696008, 0.0, 6.2203474, 30.359905, 0.49000004, 14.690988
1498, 638, -0.0011999999405816197, -0.7643999621504918, False, 23.51825, -2.7985425, 0.0, 7.8834925, 30.292412, 0.49000004, 14.227737
1498, 639, -0.0011999999405816197, -0.7655999620910734, False, 23.398247, -2.2559955, 0.0, 4.7204065, 30.225105, 0.49000004, 13.863057
1498, 640, -0.0011999999405816197, -0.766799962031655, False, 23.278244, -2.0419044, 0.0, 1.0282063, 30.240013, 0.49000004, 13.677245
1498, 641, -0.0011999999405816197, -0.7679999619722366, False, 23.158241, -1.9234391, 0.0, 3.2869608, 30.209667, 0.49000004, 13.487988
1498, 642, -0.0011999999405816197, -0.7691999619128183, False, 23.038239, -2.0976362, 0.0, 5.28907, 30.064468, 0.49000004, 13.221781
1498, 643, -0.0011999999405816197, -0.7703999618533999, False, 22.918236, -2.4651747, 0.0, 7.069151, 29.807764, 0.49000004, 12.897509
1498, 644, -0.0011999999405816197, -0.7715999617939815, False, 22.798233, -1.6322488, 0.0, 3.4967651, 29.637526, 0.49000004, 12.64872
1498, 645, -0.0011999999405816197, -0.7727999617345631, False, 22.67823, -0.73400366, 0.0, 2.1289723, 29.55792, 0.49000004, 12.504979
1498, 646, -0.0011999999405816197, -0.7739999616751447, False, 22.558228, -0.23837686, 0.0, 4.4645915, 29.421854, 0.49000004, 12.326922
1498, 647, -0.0011999999405816197, -0.7751999616157264, False, 22.438225, 0.007240474, 0.0, 0.9148152, 29.34599, 0.49000004, 12.2282095
1498, 648, -0.0011999999405816197, -0.776399961556308, False, 22.318222, -0.08564407, 0.0, -1.6783092, 29.373816, 0.49000004, 12.270594
1498, 649, -0.0011999999405816197, -0.7775999614968896, False, 22.19822, -0.12584183, 0.0, -0.8016603, 29.40886, 0.49000004, 12.324716
1498, 650, -0.0011999999405816197, -0.7787999614374712, False, 22.078217, -0.33811194, 0.0, -3.187665, 29.47145, 0.49000004, 12.455955
1498, 651, -0.0011999999405816197, -0.7799999613780528, False, 21.958214, -0.74786425, 0.0, -5.3210087, 29.572552, 0.49000004, 12.717045
1498, 652, -0.0011999999405816197, -0.7811999613186345, False, 21.838211, -1.3071764, 0.0, -7.2088823, 29.69281, 0.49000004, 13.09999
1498, 653, -0.0011999999405816197, -0.7823999612592161, False, 21.718208, -1.9777242, 0.0, -8.861757, 29.81424, 0.49000004, 13.595834
1498, 654, -0.0011999999405816197, -0.7835999611997977, False, 21.598206, -2.7266226, 0.0, -10.292582, 29.920362, 0.49000004, 14.1947
1498, 655, -0.0011999999405816197, -0.7847999611403793, False, 21.478203, -3.5256472, 0.0, -11.516047, 29.996271, 0.49000004, 14.885862
1498, 656, -0.0011999999405816197, -0.7859999610809609, False, 21.3582, -4.3508205, 0.0, -12.5480175, 30.02867, 0.49000004, 15.657836
1498, 657, -0.0011999999405816197, -0.7871999610215425, False, 21.238197, -3.60118, 0.0, -7.6796103, 30.040365, 0.49000004, 16.253824
1498, 658, -0.0011999999405816197, -0.7883999609621242, False, 21.118195, -4.024885, 0.0, -9.093292, 30.001778, 0.49000004, 16.820131
1498, 659, -0.0011999999405816197, -0.7895999609027058, False, 20.998192, -4.1024036, 0.0, -4.7513056, 30.001476, 0.49000004, 17.265783
1498, 660, -0.0011999999405816197, -0.7907999608432874, False, 20.87819, -3.1872869, 0.0, -1.6677718, 30.091581, 0.49000004, 17.511463
1498, 661, -0.0011999999405816197, -0.791999960783869, False, 20.758186, -2.5925727, 0.0, 0.98723304, 30.243073, 0.49000004, 17.5763
1498, 662, -0.0011999999405816197, -0.7931999607244506, False, 20.638184, -2.388169, 0.0, 3.2248569, 30.430305, 0.49000004, 17.484821
1498, 663, -0.0011999999405816197, -0.7943999606650323, False, 20.51818, -2.4877307, 0.0, 5.2015533, 30.637383, 0.49000004, 17.254545
1498, 664, -0.0011999999405816197, -0.7955999606056139, False, 20.398178, -2.7928574, 0.0, 6.9601307, 30.849016, 0.49000004, 16.897146
1498, 665, -0.0011999999405816197, -0.7967999605461955, False, 20.278175, -3.2438238, 0.0, 8.5134325, 31.049952, 0.49000004, 16.42321
1498, 666, -0.0011999999405816197, -0.7979999604867771, False, 20.158173, -3.3569186, 0.0, 4.292494, 31.229198, 0.49000004, 16.07004
1498, 667, -0.0011999999405816197, -0.7991999604273587, False, 20.03817, -2.9479988, 0.0, 0.60949636, 31.396494, 0.49000004, 15.931802
1498, 668, -0.0011999999405816197, -0.8003999603679404, False, 19.918167, -2.2474742, 0.0, -2.3675733, 31.564838, 0.49000004, 15.972718
1498, 669, -0.0011999999405816197, -0.801599960308522, False, 19.798164, -1.6955686, 0.0, 0.5127239, 31.67596, 0.49000004, 15.953842
1498, 670, -0.0011999999405816197, -0.8027999602491036, False, 19.678162, -1.5620881, 0.0, 2.8572998, 31.699348, 0.49000004, 15.798744
1498, 671, -0.0011999999405816197, -0.8039999601896852, False, 19.558159, -1.1985731, 0.0, -0.44645166, 31.748343, 0.49000004, 15.723555
1498, 672, -0.0011999999405816197, -0.8051999601302668, False, 19.438156, -1.0100899, 0.0, 2.067185, 31.746187, 0.49000004, 15.626346
1498, 673, -0.0011999999405816197, -0.8063999600708485, False, 19.318153, -0.47084355, 0.0, 4.437888, 31.64246, 0.49000004, 15.4277
1498, 674, -0.0011999999405816197, -0.8075999600114301, False, 19.19815, 0.18190694, 0.0, 6.5212164, 31.459501, 0.49000004, 15.128146
1498, 675, -0.0011999999405816197, -0.8087999599520117, False, 19.078148, -0.6223855, 0.0, 8.374035, 31.215103, 0.49000004, 14.729991
1498, 676, -0.0011999999405816197, -0.8099999598925933, False, 18.958145, -0.93474436, 0.0, 5.16889, 31.019194, 0.49000004, 14.413417
1498, 677, -0.0011999999405816197, -0.8111999598331749, False, 18.838142, -1.4523358, 0.0, 7.0559263, 30.79327, 0.49000004, 14.0906
1498, 678, -0.0011999999405816197, -0.8123999597737566, False, 18.71814, -2.0884085, 0.0, 8.711498, 30.475142, 0.49000004, 13.700773
1498, 679, -0.0011999999405816197, -0.8135999597143382, False, 18.598137, -1.8755217, 0.0, 5.3018546, 30.216549, 0.49000004, 13.398217
1498, 680, -0.0011999999405816197, -0.8147999596549198, False, 18.478134, -2.2749233, 0.0, 7.098306, 29.920776, 0.49000004, 13.112733
1498, 681, -0.0011999999405816197, -0.8159999595955014, False, 18.358131, -1.1373653, 0.0, 9.095573, 29.515823, 0.49000004, 12.793193
1498, 682, -0.0011999999405816197, -0.817199959536083, False, 18.238129, -0.113379955, 0.0, 5.7602835, 29.190887, 0.49000004, 12.547211
1498, 683, -0.0011999999405816197, -0.8183999594766647, False, 18.118126, 0.21998966, 0.0, 2.073049, 29.033573, 0.49000004, 12.428659
1498, 684, -0.0011999999405816197, -0.8195999594172463, False, 17.998123, 0.22534242, 0.0, 1.0549451, 28.966375, 0.49000004, 12.379942
1498, 685, -0.0011999999405816197, -0.8207999593578279, False, 17.87812, 0.12819855, 0.0, 0.393211, 28.9365, 0.49000004, 12.358283
1498, 686, -0.0011999999405816197, -0.8219999592984095, False, 17.758118, -0.048042953, 0.0, -2.1312468, 28.976116, 0.49000004, 12.426287
1498, 687, -0.0011999999405816197, -0.8231999592389911, False, 17.638115, 0.029805839, 0.0, 0.85352695, 28.979172, 0.49000004, 12.427504
1498, 688, -0.0011999999405816197, -0.8243999591795728, False, 17.518112, -0.083654225, 0.0, -1.7069315, 28.997986, 0.49000004, 12.476467
1498, 689, -0.0011999999405816197, -0.8255999591201544, False, 17.39811, -0.39284217, 0.0, -4.007303, 29.06033, 0.49000004, 12.6625595
1498, 690, -0.0011999999405816197, -0.826799959060736, False, 17.278107, -0.8746079, 0.0, -6.0552316, 29.146183, 0.49000004, 12.977238
1498, 691, -0.0011999999405816197, -0.8279999590013176, False, 17.158104, -1.488921, 0.0, -7.859634, 29.237076, 0.49000004, 13.410995
1498, 692, -0.0011999999405816197, -0.8291999589418992, False, 17.038101, -2.200437, 0.0, -9.432285, 29.316116, 0.49000004, 13.953432
1498, 693, -0.0011999999405816197, -0.8303999588824809, False, 16.918098, -2.978374, 0.0, -10.787067, 29.36803, 0.49000004, 14.593342
1498, 694, -0.0011999999405816197, -0.8315999588230625, False, 16.798096, -3.7962768, 0.0, -11.939365, 29.3792, 0.49000004, 15.318801
1498, 695, -0.0011999999405816197, -0.8327999587636441, False, 16.678093, -3.2015111, 0.0, -7.314479, 29.37567, 0.49000004, 15.880407
1498, 696, -0.0011999999405816197, -0.8339999587042257, False, 16.55809, -3.6372738, 0.0, -8.798227, 29.32524, 0.49000004, 16.418835
1498, 697, -0.0011999999405816197, -0.8351999586448073, False, 16.438087, -3.1936872, 0.0, -10.478716, 29.20066, 0.49000004, 17.034975
1498, 698, -0.0011999999405816197, -0.836399958585389, False, 16.318085, -3.5285919, 0.0, -6.051687, 29.122932, 0.49000004, 17.52491
1498, 699, -0.0011999999405816197, -0.8375999585259706, False, 16.198082, -2.6092663, 0.0, -2.7234254, 29.147238, 0.49000004, 17.810102
1498, 700, -0.0011999999405816197, -0.8387999584665522, False, 16.07808, -1.9900963, 0.0, 0.19492567, 29.2439, 0.49000004, 17.906607
1498, 701, -0.0011999999405816197, -0.8399999584071338, False, 15.958078, -1.7663585, 0.0, 2.576417, 29.38195, 0.49000004, 17.84134
1498, 702, -0.0011999999405816197, -0.8411999583477154, False, 15.8380785, -1.8828287, 0.0, 4.6661463, 29.545082, 0.49000004, 17.635468
1498, 703, -0.0011999999405816197, -0.8423999582882971, False, 15.718079, -2.2139435, 0.0, 6.5270033, 29.717855, 0.49000004, 17.300844
1498, 704, -0.0011999999405816197, -0.8435999582288787, False, 15.598079, -2.695385, 0.0, 8.171695, 29.884472, 0.49000004, 16.847984
1498, 705, -0.0011999999405816197, -0.8447999581694603, False, 15.478079, -3.283873, 0.0, 9.610283, 30.02987, 0.49000004, 16.287678
1498, 706, -0.0011999999405816197, -0.8459999581100419, False, 15.358079, -2.6977181, 0.0, 5.8209047, 30.130703, 0.49000004, 15.846157
1498, 707, -0.0011999999405816197, -0.8471999580506235, False, 15.238079, -2.5654044, 0.0, 1.9526377, 30.232204, 0.49000004, 15.617274
1498, 708, -0.0011999999405816197, -0.8483999579912052, False, 15.118079, -2.487529, 0.0, 4.065663, 30.29384, 0.49000004, 15.373706
1498, 709, -0.0011999999405816197, -0.8495999579317868, False, 14.998079, -2.6683764, 0.0, 5.943976, 30.28012, 0.49000004, 15.018561
1498, 710, -0.0011999999405816197, -0.8507999578723684, False, 14.878079, -3.0286815, 0.0, 7.611519, 30.186302, 0.49000004, 14.570089
1498, 711, -0.0011999999405816197, -0.85199995781295, False, 14.75808, -3.0673394, 0.0, 3.5065722, 30.143337, 0.49000004, 14.227219
1498, 712, -0.0011999999405816197, -0.8531999577535316, False, 14.63808, -3.1050267, 0.0, 5.405445, 30.064184, 0.49000004, 13.895668
1498, 713, -0.0011999999405816197, -0.8543999576941133, False, 14.51808, -1.9974837, 0.0, 7.658448, 29.877901, 0.49000004, 13.496666
1498, 714, -0.0011999999405816197, -0.8555999576346949, False, 14.39808, -1.1918256, 0.0, 3.9721947, 29.752527, 0.49000004, 13.199922
1498, 715, -0.0011999999405816197, -0.8567999575752765, False, 14.27808, -0.47135496, 0.0, 6.171134, 29.616194, 0.49000004, 12.898538
1498, 716, -0.0011999999405816197, -0.8579999575158581, False, 14.15808, -0.7371864, 0.0, 2.396765, 29.530012, 0.49000004, 12.694076
1498, 717, -0.0011999999405816197, -0.8591999574564397, False, 14.03808, -1.0000615, 0.0, 4.57705, 29.421198, 0.49000004, 12.482334
1498, 718, -0.0011999999405816197, -0.8603999573970214, False, 13.91808, -0.85720325, 0.0, 6.6364403, 29.221918, 0.49000004, 12.180151
1498, 719, -0.0011999999405816197, -0.861599957337603, False, 13.79808, -1.1071087, 0.0, 2.7863696, 29.092978, 0.49000004, 11.964593
1498, 720, -0.0011999999405816197, -0.8627999572781846, False, 13.678081, -0.7814525, 0.0, 1.4903789, 29.03759, 0.49000004, 11.852681
1498, 721, -0.0011999999405816197, -0.8639999572187662, False, 13.558081, -0.5412289, 0.0, -1.2800801, 29.078959, 0.49000004, 11.843521
1498, 722, -0.0011999999405816197, -0.8651999571593478, False, 13.438081, -0.29945755, 0.0, -0.5420397, 29.127302, 0.49000004, 11.860242
1498, 723, -0.0011999999405816197, -0.8663999570999295, False, 13.318081, -0.065454125, 0.0, 2.0248947, 29.090776, 0.49000004, 11.797665
1498, 724, -0.0011999999405816197, -0.8675999570405111, False, 13.198081, 0.07523012, 0.0, 1.0371805, 29.045694, 0.49000004, 11.731204
1498, 725, -0.0011999999405816197, -0.8687999569810927, False, 13.078081, -0.08564448, 0.0, -1.6783094, 29.068918, 0.49000004, 11.776254
1498, 726, -0.0011999999405816197, -0.8699999569216743, False, 12.958081, -0.391703, 0.0, -3.981323, 29.149809, 0.49000004, 11.9532995
1498, 727, -0.0011999999405816197, -0.8711999568622559, False, 12.838081, -0.87109375, 0.0, -6.0319066, 29.26757, 0.49000004, 12.255911
1498, 728, -0.0011999999405816197, -0.8723999568028376, False, 12.718081, -1.483583, 0.0, -7.8389196, 29.402842, 0.49000004, 12.676547
1498, 729, -0.0011999999405816197, -0.8735999567434192, False, 12.598082, -2.1937306, 0.0, -9.414083, 29.537731, 0.49000004, 13.206623
1498, 730, -0.0011999999405816197, -0.8747999566840008, False, 12.478082, -2.9706857, 0.0, -10.771256, 29.655876, 0.49000004, 13.836576
1498, 731, -0.0011999999405816197, -0.8759999566245824, False, 12.358082, -3.787937, 0.0, -11.925801, 29.742485, 0.49000004, 14.5559635
1498, 732, -0.0011999999405816197, -0.877199956565164, False, 12.238082, -4.623022, 0.0, -12.894002, 29.78438, 0.49000004, 15.353554
1498, 733, -0.0011999999405816197, -0.8783999565057456, False, 12.118082, -3.8012533, 0.0, -7.8896713, 29.80291, 0.49000004, 15.968481
1498, 734, -0.0011999999405816197, -0.8795999564463273, False, 11.998082, -4.222068, 0.0, -9.265413, 29.769651, 0.49000004, 16.550152
1498, 735, -0.0011999999405816197, -0.8807999563869089, False, 11.878082, -4.29401, 0.0, -4.889785, 29.77398, 0.49000004, 17.00973
1498, 736, -0.0011999999405816197, -0.8819999563274905, False, 11.758082, -3.3474903, 0.0, -1.8096571, 29.868229, 0.49000004, 17.268032
1498, 737, -0.0011999999405816197, -0.8831999562680721, False, 11.6380825, -2.7225206, 0.0, 0.8588604, 30.023775, 0.49000004, 17.343803
1498, 738, -0.0011999999405816197, -0.8843999562086537, False, 11.518083, -2.483541, 0.0, 3.1080835, 30.21454, 0.49000004, 17.261282
1498, 739, -0.0011999999405816197, -0.8855999561492354, False, 11.398083, -2.5559797, 0.0, 5.09131, 30.424446, 0.49000004, 17.038666
1498, 740, -0.0011999999405816197, -0.886799956089817, False, 11.278083, -2.8399932, 0.0, 6.856104, 30.638386, 0.49000004, 16.688028
1498, 741, -0.0011999999405816197, -0.8879999560303986, False, 11.158083, -3.2740126, 0.0, 8.416199, 30.841242, 0.49000004, 16.220142
1498, 742, -0.0011999999405816197, -0.8891999559709802, False, 11.038083, -3.372156, 0.0, 4.2038217, 31.022074, 0.49000004, 15.872385
1498, 743, -0.0011999999405816197, -0.8903999559115618, False, 10.918083, -2.9507341, 0.0, 0.5341959, 31.190584, 0.49000004, 15.738825
1498, 744, -0.0011999999405816197, -0.8915999558521435, False, 10.798083, -2.6396608, 0.0, 2.819551, 31.311687, 0.49000004, 15.574233
1498, 745, -0.0011999999405816197, -0.8927999557927251, False, 10.678083, -1.7041597, 0.0, 1.4755282, 31.381483, 0.49000004, 15.42531
1498, 746, -0.0011999999405816197, -0.8939999557333067, False, 10.558084, -1.6970965, 0.0, 3.6945827, 31.385527, 0.49000004, 15.22106
1498, 747, -0.0011999999405816197, -0.8951999556738883, False, 10.438084, -1.9499912, 0.0, 5.670058, 31.308056, 0.49000004, 14.909371
1498, 748, -0.0011999999405816197, -0.89639995561447, False, 10.318084, -2.3777227, 0.0, 7.42311, 31.145227, 0.49000004, 14.509038
1498, 749, -0.0011999999405816197, -0.8975999555550516, False, 10.198084, -2.9301095, 0.0, 8.963747, 30.89339, 0.49000004, 14.038531
1498, 750, -0.0011999999405816197, -0.8987999554956332, False, 10.078084, -3.569975, 0.0, 10.302774, 30.550001, 0.49000004, 13.51596
1498, 751, -0.0011999999405816197, -0.8999999554362148, False, 9.958084, -4.2674623, 0.0, 11.452601, 30.11387, 0.49000004, 12.9589405
1498, 752, -0.0011999999405816197, -0.9011999553767964, False, 9.838084, -4.5715165, 0.0, 6.8384285, 29.783669, 0.49000004, 12.494351
1498, 753, -0.0011999999405816197, -0.902399955317378, False, 9.718084, -3.4659534, 0.0, 3.5384681, 29.645039, 0.49000004, 12.163897
1498, 754, -0.0011999999405816197, -0.9035999552579597, False, 9.598084, -2.4501457, 0.0, 6.02895, 29.478935, 0.49000004, 11.848454
1498, 755, -0.0011999999405816197, -0.9047999551985413, False, 9.478085, -1.3799391, 0.0, 8.15052, 29.203135, 0.49000004, 11.479528
1498, 756, -0.0011999999405816197, -0.9059999551391229, False, 9.358085, -0.628217, 0.0, 4.3501754, 29.004923, 0.49000004, 11.203982
1498, 757, -0.0011999999405816197, -0.9071999550797045, False, 9.238085, -0.3725586, 0.0, 2.579832, 28.899887, 0.49000004, 11.046988
1498, 758, -0.0011999999405816197, -0.9083999550202861, False, 9.118085, 0.09821057, 0.0, 4.8357387, 28.752295, 0.49000004, 10.849659
1498, 759, -0.0011999999405816197, -0.9095999549608678, False, 8.998085, 0.2955999, 0.0, 1.2229987, 28.660995, 0.49000004, 10.736788
1498, 760, -0.0011999999405816197, -0.9107999549014494, False, 8.878085, 0.07427496, 0.0, -1.5613208, 28.671293, 0.49000004, 10.779633
1498, 761, -0.0011999999405816197, -0.911999954842031, False, 8.758085, -0.25140727, 0.0, -3.8894944, 28.741909, 0.49000004, 10.954053
1498, 762, -0.0011999999405816197, -0.9131999547826126, False, 8.638085, -0.7433382, 0.0, -5.961212, 28.850874, 0.49000004, 11.254073
1498, 763, -0.0011999999405816197, -0.9143999547231942, False, 8.5180855, -1.3664979, 0.0, -7.786269, 28.978487, 0.49000004, 11.672251
1498, 764, -0.0011999999405816197, -0.9155999546637759, False, 8.398086, -2.0866325, 0.0, -9.376809, 29.106665, 0.49000004, 12.200032
1498, 765, -0.0011999999405816197, -0.9167999546043575, False, 8.278086, -2.8732376, 0.0, -10.746993, 29.2189, 0.49000004, 12.827868
1498, 766, -0.0011999999405816197, -0.9179999545449391, False, 8.158086, -3.6998773, 0.0, -11.912427, 29.300295, 0.49000004, 13.545314
1498, 767, -0.0011999999405816197, -0.9191999544855207, False, 8.038086, -4.544067, 0.0, -12.889617, 29.33758, 0.49000004, 14.341134
1498, 768, -0.0011999999405816197, -0.9203999544261023, False, 7.918086, -5.3870277, 0.0, -13.695545, 29.319159, 0.49000004, 15.203416
1498, 769, -0.0011999999405816197, -0.921599954366684, False, 7.798086, -5.792653, 0.0, -8.756339, 29.331234, 0.49000004, 15.914213
1498, 770, -0.0011999999405816197, -0.9227999543072656, False, 7.6780863, -4.3996744, 0.0, -5.3731184, 29.419437, 0.49000004, 16.390663
1498, 771, -0.0011999999405816197, -0.9239999542478472, False, 7.5580864, -3.4103236, 0.0, -2.2389169, 29.560379, 0.49000004, 16.650589
1498, 772, -0.0011999999405816197, -0.9251999541884288, False, 7.4380865, -2.740991, 0.0, 0.50444543, 29.72476, 0.49000004, 16.714977
1498, 773, -0.0011999999405816197, -0.9263999541290104, False, 7.3180866, -2.453508, 0.0, 2.8049593, 29.890617, 0.49000004, 16.61338
1498, 774, -0.0011999999405816197, -0.9275999540695921, False, 7.1980867, -2.4947379, 0.0, 4.824332, 30.045944, 0.49000004, 16.368591
1498, 775, -0.0011999999405816197, -0.9287999540101737, False, 7.078087, -2.758121, 0.0, 6.6217484, 30.178793, 0.49000004, 15.996124
1498, 776, -0.0011999999405816197, -0.9299999539507553, False, 6.958087, -3.1781814, 0.0, 8.2124605, 30.27674, 0.49000004, 15.509877
1498, 777, -0.0011999999405816197, -0.9311999538913369, False, 6.838087, -2.5208309, 0.0, 4.914242, 30.338953, 0.49000004, 15.123832
1498, 778, -0.0011999999405816197, -0.9323999538319185, False, 6.718087, -2.7904286, 0.0, 6.700248, 30.35005, 0.49000004, 14.72328
1498, 779, -0.0011999999405816197, -0.9335999537725002, False, 6.5980873, -2.1545985, 0.0, 3.9501543, 30.342278, 0.49000004, 14.403285
1498, 780, -0.0011999999405816197, -0.9347999537130818, False, 6.4780874, -1.5196732, 0.0, 2.2020593, 30.337576, 0.49000004, 14.209673
1498, 781, -0.0011999999405816197, -0.9359999536536634, False, 6.3580875, -1.6310894, 0.0, 4.348852, 30.268314, 0.49000004, 13.981811
1498, 782, -0.0011999999405816197, -0.937199953594245, False, 6.2380877, -1.9641895, 0.0, 6.2618327, 30.100863, 0.49000004, 13.667939
1498, 783, -0.0011999999405816197, -0.9383999535348266, False, 6.118088, -2.4514074, 0.0, 7.953856, 29.834347, 0.49000004, 13.28722
1498, 784, -0.0011999999405816197, -0.9395999534754083, False, 5.998088, -2.6085389, 0.0, 3.8508916, 29.654053, 0.49000004, 12.988711
1498, 785, -0.0011999999405816197, -0.9407999534159899, False, 5.878088, -1.9281921, 0.0, 0.719121, 29.638666, 0.49000004, 12.825484
1498, 786, -0.0011999999405816197, -0.9419999533565715, False, 5.758088, -0.94995576, 0.0, 0.472659, 29.660582, 0.49000004, 12.746702
1498, 787, -0.0011999999405816197, -0.9431999532971531, False, 5.638088, -0.52198505, 0.0, 3.006538, 29.598906, 0.49000004, 12.623501
1498, 788, -0.0011999999405816197, -0.9443999532377347, False, 5.5180883, 0.01111865, 0.0, 5.2348194, 29.441248, 0.49000004, 12.402898
1498, 789, -0.0011999999405816197, -0.9455999531783164, False, 5.3980885, 0.33716893, 0.0, 3.1436884, 29.307213, 0.49000004, 12.219242
1498, 790, -0.0011999999405816197, -0.946799953118898, False, 5.2780886, 0.37607217, 0.0, 1.7509788, 29.229183, 0.49000004, 12.112329
1498, 791, -0.0011999999405816197, -0.9479999530594796, False, 5.1580887, 0.17078398, 0.0, -1.1494058, 29.21977, 0.49000004, 12.133577
1498, 792, -0.0011999999405816197, -0.9491999530000612, False, 5.038089, -0.13727784, 0.0, -3.5264335, 29.259972, 0.49000004, 12.293929
1498, 793, -0.0011999999405816197, -0.9503999529406428, False, 4.918089, -0.61198264, 0.0, -5.6437273, 29.326706, 0.49000004, 12.584996
1498, 794, -0.0011999999405816197, -0.9515999528812245, False, 4.798089, -1.2222667, 0.0, -7.5115056, 29.400877, 0.49000004, 12.997202
1498, 795, -0.0011999999405816197, -0.9527999528218061, False, 4.678089, -1.9340315, 0.0, -9.141785, 29.465221, 0.49000004, 13.520017
1498, 796, -0.0011999999405816197, -0.9539999527623877, False, 4.5580893, -2.71635, 0.0, -10.548582, 29.50419, 0.49000004, 14.142093
1498, 797, -0.0011999999405816197, -0.9551999527029693, False, 4.4380894, -3.5422347, 0.0, -11.747429, 29.503948, 0.49000004, 14.851365
1498, 798, -0.0011999999405816197, -0.9563999526435509, False, 4.3180895, -4.3886285, 0.0, -12.754824, 29.452385, 0.49000004, 15.635164
1498, 799, -0.0011999999405816197, -0.9575999525841326, False, 4.1980896, -4.8152723, 0.0, -7.995248, 29.435263, 0.49000004, 16.274797
1498, 800, -0.0011999999405816197, -0.9587999525247142, False, 4.0780897, -3.598572, 0.0, -4.588389, 29.497705, 0.49000004, 16.686634
1498, 801, -0.0011999999405816197, -0.9599999524652958, False, 3.9580898, -2.7544556, 0.0, -1.46662, 29.615162, 0.49000004, 16.88812
1498, 802, -0.0011999999405816197, -0.9611999524058774, False, 3.83809, -2.226584, 0.0, 1.1825356, 29.757048, 0.49000004, 16.902681
1498, 803, -0.0011999999405816197, -0.962399952346459, False, 3.71809, -2.1004403, 0.0, 3.4118433, 29.904163, 0.49000004, 16.760431
1498, 804, -0.0011999999405816197, -0.9635999522870407, False, 3.5980902, -2.2628264, 0.0, 5.3880806, 30.044561, 0.49000004, 16.480408
1498, 805, -0.0011999999405816197, -0.9647999522276223, False, 3.4780903, -2.618354, 0.0, 7.1449513, 30.165085, 0.49000004, 16.076488
1498, 806, -0.0011999999405816197, -0.9659999521682039, False, 3.3580904, -2.6586833, 0.0, 3.1207628, 30.279396, 0.49000004, 15.786688
1498, 807, -0.0011999999405816197, -0.9671999521087855, False, 3.2380905, -2.707862, 0.0, 5.090843, 30.359009, 0.49000004, 15.486094
1498, 808, -0.0011999999405816197, -0.9683999520493671, False, 3.1180906, -1.9649434, 0.0, 2.9121726, 30.402752, 0.49000004, 15.238205
1498, 809, -0.0011999999405816197, -0.9695999519899487, False, 2.9980907, -2.0902305, 0.0, 4.9519215, 30.388613, 0.49000004, 14.95427
1498, 810, -0.0011999999405816197, -0.9707999519305304, False, 2.8780909, -2.4229352, 0.0, 6.7672186, 30.294945, 0.49000004, 14.570289
1498, 811, -0.0011999999405816197, -0.971999951871112, False, 2.758091, -2.9018278, 0.0, 8.370415, 30.117111, 0.49000004, 14.104496
1498, 812, -0.0011999999405816197, -0.9731999518116936, False, 2.638091, -3.4846568, 0.0, 9.771611, 29.851221, 0.49000004, 13.574829
1498, 813, -0.0011999999405816197, -0.9743999517522752, False, 2.5180912, -2.2034917, 0.0, 6.1789927, 29.631235, 0.49000004, 13.167541
1498, 814, -0.0011999999405816197, -0.9755999516928568, False, 2.3980913, -1.9125934, 0.0, 8.097122, 29.378544, 0.49000004, 12.7781515
1498, 815, -0.0011999999405816197, -0.9767999516334385, False, 2.2780914, -2.5932045, 0.0, 9.609644, 29.033915, 0.49000004, 12.330142
1498, 816, -0.0011999999405816197, -0.9779999515740201, False, 2.1580915, -0.9937067, 0.0, 6.2026825, 28.755346, 0.49000004, 11.984904
1498, 817, -0.0011999999405816197, -0.9791999515146017, False, 2.0380917, -0.4597131, 0.0, 2.557208, 28.62392, 0.49000004, 11.798862
1498, 818, -0.0011999999405816197, -0.9803999514551833, False, 1.9180918, -0.2344867, 0.0, -0.5418388, 28.621721, 0.49000004, 11.770217
1498, 819, -0.0011999999405816197, -0.981599951395765, False, 1.7980919, -0.044513598, 0.0, -0.07899541, 28.634218, 0.49000004, 11.777607
1498, 820, -0.0011999999405816197, -0.9827999513363466, False, 1.678092, -0.20517808, 0.0, -2.5423555, 28.68622, 0.49000004, 11.868476
1498, 821, -0.0011999999405816197, -0.9839999512769282, False, 1.5580921, -0.57362866, 0.0, -4.750441, 28.792723, 0.49000004, 12.087323
1498, 822, -0.0011999999405816197, -0.9851999512175098, False, 1.4380922, -1.1015775, 0.0, -6.7096066, 28.933332, 0.49000004, 12.428014
1498, 823, -0.0011999999405816197, -0.9863999511580914, False, 1.3180923, -1.749889, 0.0, -8.429689, 29.088976, 0.49000004, 12.883316
1498, 824, -0.0011999999405816197, -0.987599951098673, False, 1.1980925, -2.4845986, 0.0, -9.923167, 29.242016, 0.49000004, 13.444928
1498, 825, -0.0011999999405816197, -0.9887999510392547, False, 1.0780926, -3.2763712, 0.0, -11.204443, 29.376314, 0.49000004, 14.103556
1498, 826, -0.0011999999405816197, -0.9899999509798363, False, 0.9580926, -4.100145, 0.0, -12.289193, 29.477278, 0.49000004, 14.848995
1498, 827, -0.0011999999405816197, -0.9911999509204179, False, 0.8380925, -4.934821, 0.0, -13.193888, 29.531914, 0.49000004, 15.670239
1498, 828, -0.0011999999405816197, -0.9923999508609995, False, 0.71809244, -4.0233483, 0.0, -8.067127, 29.559616, 0.49000004, 16.30266
1498, 829, -0.0011999999405816197, -0.9935999508015811, False, 0.5980924, -4.4353237, 0.0, -9.406445, 29.533531, 0.49000004, 16.898521
1498, 830, -0.0011999999405816197, -0.9947999507421628, False, 0.47809234, -4.496418, 0.0, -4.9993243, 29.544107, 0.49000004, 17.370964
1498, 831, -0.0011999999405816197, -0.9959999506827444, False, 0.35809237, -3.5190096, 0.0, -1.9280725, 29.643883, 0.49000004, 17.640953
1498, 832, -0.0011999999405816197, -0.997199950623326, False, 0.2380924, -2.865378, 0.0, 0.7475766, 29.804642, 0.49000004, 17.726948
1498, 833, -0.0011999999405816197, -0.9983999505639076, False, 0.11809241, -2.5928502, 0.0, 3.0056114, 30.000025, 0.49000004, 17.652815
1498, 834, -0.0011999999405816197, -0.9995999505044892, True, 0.0, -2.7451227, 0.0, 4.2628407, 30.141386, 0.49000004, 17.524027
