episode, step, reward, cumulative reward, done, health, vx, vy, vz, px, py, pz
865, 1, 0.0, 0.0, False, 100.0, 0.0, -0.1899216, 0.0, 20.0, 1.5062015, 2.0
865, 2, 0.0, 0.0, False, 100.0, 0.00020475377, -0.070794344, 4.1435196e-05, 20.00012, 1.4885604, 1.999984
865, 3, 0.0, 0.0, False, 100.0, -0.0004893815, -0.00052280724, -3.5846464e-05, 20.00009, 1.488585, 1.9999858
865, 4, 0.0, 0.0, False, 100.0, -8.346658e-05, -0.00028412044, -1.7969012e-05, 20.00012, 1.4885962, 1.9999826
865, 5, 0.0, 0.0, False, 100.0, -0.0001297814, -0.0003167838, -2.2251435e-05, 20.000147, 1.4885964, 1.9999788
865, 6, 0.0, 0.0, False, 100.0, -0.0001389194, -0.00032119453, -2.2573755e-05, 20.00017, 1.4885963, 1.9999748
865, 7, 0.0, 0.0, False, 100.0, -0.00013702149, -0.00032107532, -2.228571e-05, 20.000193, 1.4885963, 1.999971
865, 8, 0.0, 0.0, False, 100.0, 0.0, 0.0, 0.0, 20.0002, 1.4885963, 1.9999696
865, 9, 0.0, 0.0, False, 100.0, 0.0, 0.0, 0.0, 20.0002, 1.4885963, 1.9999696
865, 10, 0.0, 0.0, False, 100.0, 0.0, 0.0, 0.0, 20.0002, 1.4885963, 1.9999696
865, 11, 0.0, 0.0, False, 100.0, 0.0, 0.0, 0.0, 20.0002, 1.4885963, 1.9999696
865, 12, 0.0, 0.0, False, 100.0, 0.0, 0.0, 0.0, 20.0002, 1.4885963, 1.9999696
865, 13, 0.0, 0.0, False, 100.0, 0.0, 0.0, 0.0, 20.0002, 1.4885963, 1.9999696
865, 14, 0.0, 0.0, False, 100.0, 0.0, 0.0, 0.0, 20.0002, 1.4885963, 1.9999696
865, 15, 0.0, 0.0, False, 100.0, 0.0, 0.0, 0.0, 20.0002, 1.4885963, 1.9999696
865, 16, 0.0, 0.0, False, 100.0, 0.0, 0.0, 0.0, 20.0002, 1.4885963, 1.9999696
865, 17, 0.0, 0.0, False, 100.0, 0.0, 0.0, 0.0, 20.0002, 1.4885963, 1.9999696
865, 18, 0.0, 0.0, False, 100.0, 0.0, 0.0, 0.0, 20.0002, 1.4885963, 1.9999696
865, 19, 0.0, 0.0, False, 100.0, 0.0, 0.0, 0.0, 20.0002, 1.4885963, 1.9999696
865, 20, 0.0, 0.0, False, 100.0, 0.0, 0.0, 0.0, 20.0002, 1.4885963, 1.9999696
865, 21, 0.0, 0.0, False, 100.0, 0.0, 0.0, 0.0, 20.0002, 1.4885963, 1.9999696
865, 22, 0.0, 0.0, False, 100.0, 0.0, 0.0, 0.0, 20.0002, 1.4885963, 1.9999696
865, 23, 0.0, 0.0, False, 100.0, 0.0, 0.0, 0.0, 20.0002, 1.4885963, 1.9999696
865, 24, 0.0, 0.0, False, 100.0, 0.0, 0.0, 0.0, 20.0002, 1.4885963, 1.9999696
865, 25, 0.0, 0.0, False, 100.0, 0.0, 0.0, 0.0, 20.0002, 1.4885963, 1.9999696
865, 26, 0.0, 0.0, False, 100.0, 0.0, 0.0, 0.0, 20.0002, 1.4885963, 1.9999696
865, 27, 0.0, 0.0, False, 100.0, 0.0, 0.0, 0.0, 20.0002, 1.4885963, 1.9999696
865, 28, 0.0, 0.0, False, 100.0, 0.0, 0.0, 0.0, 20.0002, 1.4885963, 1.9999696
865, 29, 0.0, 0.0, False, 100.0, 0.0, 0.0, 0.0, 20.0002, 1.4885963, 1.9999696
865, 30, 0.0, 0.0, False, 100.0, 0.0, 0.0, 0.0, 20.0002, 1.4885963, 1.9999696
865, 31, 0.0, 0.0, False, 100.0, 0.0, 0.0, 0.0, 20.0002, 1.4885963, 1.9999696
865, 32, 0.0, 0.0, False, 100.0, 0.0, 0.0, 0.0, 20.0002, 1.4885963, 1.9999696
865, 33, 0.0, 0.0, False, 100.0, 0.0, 0.0, 0.0, 20.0002, 1.4885963, 1.9999696
865, 34, 0.0, 0.0, False, 100.0, 0.0, 0.0, 0.0, 20.0002, 1.4885963, 1.9999696
865, 35, 0.0, 0.0, False, 100.0, 0.0, 0.0, 0.0, 20.0002, 1.4885963, 1.9999696
865, 36, 0.0, 0.0, False, 100.0, 0.0, 0.0, 0.0, 20.0002, 1.4885963, 1.9999696
865, 37, 0.0, 0.0, False, 100.0, 0.0, 0.0, 0.0, 20.0002, 1.4885963, 1.9999696
865, 38, 0.0, 0.0, False, 100.0, 0.0, 0.0, 0.0, 20.0002, 1.4885963, 1.9999696
865, 39, 0.0, 0.0, False, 100.0, 0.0, 0.0, 0.0, 20.0002, 1.4885963, 1.9999696
865, 40, 0.0, 0.0, False, 100.0, 0.0, 0.0, 0.0, 20.0002, 1.4885963, 1.9999696
865, 41, 0.0, 0.0, False, 100.0, 0.0, 0.0, 0.0, 20.0002, 1.4885963, 1.9999696
865, 42, 0.0, 0.0, False, 100.0, 0.0, 0.0, 0.0, 20.0002, 1.4885963, 1.9999696
865, 43, 0.0, 0.0, False, 100.0, 0.0, 0.0, 0.0, 20.0002, 1.4885963, 1.9999696
865, 44, 0.0, 0.0, False, 100.0, 0.0, 0.0, 0.0, 20.0002, 1.4885963, 1.9999696
865, 45, 0.0, 0.0, False, 100.0, 0.0, 0.0, 0.0, 20.0002, 1.4885963, 1.9999696
865, 46, 0.0, 0.0, False, 100.0, 0.0, 0.0, 0.0, 20.0002, 1.4885963, 1.9999696
865, 47, 0.0, 0.0, False, 100.0, 0.0, 0.0, 0.0, 20.0002, 1.4885963, 1.9999696
865, 48, 0.0, 0.0, False, 100.0, 0.0, 0.0, 0.0, 20.0002, 1.4885963, 1.9999696
865, 49, 0.0, 0.0, False, 100.0, 0.0, 0.0, 0.0, 20.0002, 1.4885963, 1.9999696
865, 50, 0.0, 0.0, False, 100.0, 0.0, 0.0, 0.0, 20.0002, 1.4885963, 1.9999696
865, 51, 0.0, 0.0, False, 100.0, 0.0, 0.0, 0.0, 20.0002, 1.4885963, 1.9999696
865, 52, 0.0, 0.0, False, 100.0, 0.0, 0.0, 0.0, 20.0002, 1.4885963, 1.9999696
865, 53, 0.0, 0.0, False, 100.0, 0.0, 0.0, 0.0, 20.0002, 1.4885963, 1.9999696
865, 54, 0.0, 0.0, False, 100.0, 0.0, 0.0, 0.0, 20.0002, 1.4885963, 1.9999696
865, 55, 0.0, 0.0, False, 100.0, 0.0, 0.0, 0.0, 20.0002, 1.4885963, 1.9999696
865, 56, 0.0, 0.0, False, 100.0, 0.0, 0.0, 0.0, 20.0002, 1.4885963, 1.9999696
865, 57, 0.0, 0.0, False, 100.0, 0.0, 0.0, 0.0, 20.0002, 1.4885963, 1.9999696
865, 58, 0.0, 0.0, False, 100.0, 0.0, 0.0, 0.0, 20.0002, 1.4885963, 1.9999696
865, 59, 0.0, 0.0, False, 100.0, 0.0, 0.0, 0.0, 20.0002, 1.4885963, 1.9999696
865, 60, 0.0, 0.0, False, 100.0, 0.0, 0.0, 0.0, 20.0002, 1.4885963, 1.9999696
865, 61, 0.0, 0.0, False, 100.0, 0.0, 0.0, 0.0, 20.0002, 1.4885963, 1.9999696
865, 62, 0.0, 0.0, False, 100.0, 0.0, 0.0, 0.0, 20.0002, 1.4885963, 1.9999696
865, 63, 0.0, 0.0, False, 100.0, 0.0, 0.0, 0.0, 20.0002, 1.4885963, 1.9999696
865, 64, 0.0, 0.0, False, 100.0, 0.0, 0.0, 0.0, 20.0002, 1.4885963, 1.9999696
865, 65, 0.0, 0.0, False, 100.0, 0.0, 0.0, 0.0, 20.0002, 1.4885963, 1.9999696
865, 66, 0.0, 0.0, False, 100.0, 0.0, 0.0, 0.0, 20.0002, 1.4885963, 1.9999696
865, 67, 0.0, 0.0, False, 100.0, 0.0, 0.0, 0.0, 20.0002, 1.4885963, 1.9999696
865, 68, 0.0, 0.0, False, 100.0, 0.0, 0.0, 0.0, 20.0002, 1.4885963, 1.9999696
865, 69, 0.0, 0.0, False, 100.0, 0.0, 0.0, 0.0, 20.0002, 1.4885963, 1.9999696
865, 70, 0.0, 0.0, False, 100.0, 0.0, 0.0, 0.0, 20.0002, 1.4885963, 1.9999696
865, 71, 0.0, 0.0, False, 100.0, 0.0, 0.0, 0.0, 20.0002, 1.4885963, 1.9999696
865, 72, 0.0, 0.0, False, 100.0, 0.0, 0.0, 0.0, 20.0002, 1.4885963, 1.9999696
865, 73, 0.0, 0.0, False, 100.0, 0.0, 0.0, 0.0, 20.0002, 1.4885963, 1.9999696
865, 74, 0.0, 0.0, False, 100.0, 0.0, 0.0, 0.0, 20.0002, 1.4885963, 1.9999696
865, 75, 0.0, 0.0, False, 100.0, 0.0, 0.0, 0.0, 20.0002, 1.4885963, 1.9999696
865, 76, 0.0, 0.0, False, 100.0, 0.0, 0.0, 0.0, 20.0002, 1.4885963, 1.9999696
865, 77, 0.0, 0.0, False, 100.0, 0.0, 0.0, 0.0, 20.0002, 1.4885963, 1.9999696
865, 78, 0.0, 0.0, False, 100.0, 0.0, 0.0, 0.0, 20.0002, 1.4885963, 1.9999696
865, 79, 0.0, 0.0, False, 100.0, 0.0, 0.0, 0.0, 20.0002, 1.4885963, 1.9999696
865, 80, 0.0, 0.0, False, 100.0, 0.0, 0.0, 0.0, 20.0002, 1.4885963, 1.9999696
865, 81, 0.0, 0.0, False, 100.0, 0.0, 0.0, 0.0, 20.0002, 1.4885963, 1.9999696
865, 82, 0.0, 0.0, False, 100.0, 0.0, 0.0, 0.0, 20.0002, 1.4885963, 1.9999696
865, 83, 0.0, 0.0, False, 100.0, 0.0, 0.0, 0.0, 20.0002, 1.4885963, 1.9999696
865, 84, 0.0, 0.0, False, 100.0, 0.0, 0.0, 0.0, 20.0002, 1.4885963, 1.9999696
865, 85, 0.0, 0.0, False, 100.0, 0.0, 0.0, 0.0, 20.0002, 1.4885963, 1.9999696
865, 86, 0.0, 0.0, False, 100.0, 0.0, 0.0, 0.0, 20.0002, 1.4885963, 1.9999696
865, 87, 0.0, 0.0, False, 100.0, 0.0, 0.0, 0.0, 20.0002, 1.4885963, 1.9999696
865, 88, 0.0, 0.0, False, 100.0, 0.0, 0.0, 0.0, 20.0002, 1.4885963, 1.9999696
865, 89, 0.0, 0.0, False, 100.0, 0.0, 0.0, 0.0, 20.0002, 1.4885963, 1.9999696
865, 90, 0.0, 0.0, False, 100.0, 0.0, 0.0, 0.0, 20.0002, 1.4885963, 1.9999696
865, 91, 0.0, 0.0, False, 100.0, 0.0, 0.0, 0.0, 20.0002, 1.4885963, 1.9999696
865, 92, 0.0, 0.0, False, 100.0, 0.0, 0.0, 0.0, 20.0002, 1.4885963, 1.9999696
865, 93, 0.0, 0.0, False, 100.0, 0.0, 0.0, 0.0, 20.0002, 1.4885963, 1.9999696
865, 94, 0.0, 0.0, False, 100.0, 0.0, 0.0, 0.0, 20.0002, 1.4885963, 1.9999696
865, 95, 0.0, 0.0, False, 100.0, 0.0, 0.0, 0.0, 20.0002, 1.4885963, 1.9999696
865, 96, 0.0, 0.0, False, 100.0, 0.0, 0.0, 0.0, 20.0002, 1.4885963, 1.9999696
865, 97, 0.0, 0.0, False, 100.0, 0.0, 0.0, 0.0, 20.0002, 1.4885963, 1.9999696
865, 98, 0.0, 0.0, False, 100.0, 0.0, 0.0, 0.0, 20.0002, 1.4885963, 1.9999696
865, 99, 0.0, 0.0, False, 100.0, 0.0, 0.0, 0.0, 20.0002, 1.4885963, 1.9999696
865, 100, 0.0, 0.0, False, 100.0, 0.0, 0.0, 0.0, 20.0002, 1.4885963, 1.9999696
865, 101, 0.0, 0.0, False, 100.0, 0.0, 0.0, 0.0, 20.0002, 1.4885963, 1.9999696
865, 102, 0.0, 0.0, False, 100.0, 0.0, 0.0, 0.0, 20.0002, 1.4885963, 1.9999696
865, 103, 0.0, 0.0, False, 100.0, 0.0, 0.0, 0.0, 20.0002, 1.4885963, 1.9999696
865, 104, 0.0, 0.0, False, 100.0, 0.0, 0.0, 0.0, 20.0002, 1.4885963, 1.9999696
865, 105, 0.0, 0.0, False, 100.0, 0.0, 0.0, 0.0, 20.0002, 1.4885963, 1.9999696
865, 106, 0.0, 0.0, False, 100.0, 0.0, 0.0, 0.0, 20.0002, 1.4885963, 1.9999696
865, 107, 0.0, 0.0, False, 100.0, 0.0, 0.0, 0.0, 20.0002, 1.4885963, 1.9999696
865, 108, 0.0, 0.0, False, 100.0, 0.0, 0.0, 0.0, 20.0002, 1.4885963, 1.9999696
865, 109, 0.0, 0.0, False, 100.0, 0.0, 0.0, 0.0, 20.0002, 1.4885963, 1.9999696
865, 110, 0.0, 0.0, False, 100.0, 0.0, 0.0, 0.0, 20.0002, 1.4885963, 1.9999696
865, 111, 0.0, 0.0, False, 100.0, 0.0, 0.0, 0.0, 20.0002, 1.4885963, 1.9999696
865, 112, 0.0, 0.0, False, 100.0, 0.0, 0.0, 0.0, 20.0002, 1.4885963, 1.9999696
865, 113, 0.0, 0.0, False, 100.0, 0.0, 0.0, 0.0, 20.0002, 1.4885963, 1.9999696
865, 114, 0.0, 0.0, False, 100.0, 0.0, 0.0, 0.0, 20.0002, 1.4885963, 1.9999696
865, 115, 0.0, 0.0, False, 100.0, 0.0, 0.0, 0.0, 20.0002, 1.4885963, 1.9999696
865, 116, 0.0, 0.0, False, 100.0, 0.0, 0.0, 0.0, 20.0002, 1.4885963, 1.9999696
865, 117, 0.0, 0.0, False, 100.0, 0.0, 0.0, 0.0, 20.0002, 1.4885963, 1.9999696
865, 118, 0.0, 0.0, False, 100.0, 0.0, 0.0, 0.0, 20.0002, 1.4885963, 1.9999696
865, 119, 0.0, 0.0, False, 100.0, 0.0, 0.0, 0.0, 20.0002, 1.4885963, 1.9999696
865, 120, 0.0, 0.0, False, 100.0, 0.0, 0.0, 0.0, 20.0002, 1.4885963, 1.9999696
865, 121, 0.0, 0.0, False, 100.0, 0.0, 0.0, 0.0, 20.0002, 1.4885963, 1.9999696
865, 122, 0.0, 0.0, False, 100.0, 0.0, 0.0, 0.0, 20.0002, 1.4885963, 1.9999696
865, 123, 0.0, 0.0, False, 100.0, 0.0, 0.0, 0.0, 20.0002, 1.4885963, 1.9999696
865, 124, 0.0, 0.0, False, 100.0, 0.0, 0.0, 0.0, 20.0002, 1.4885963, 1.9999696
865, 125, 0.0, 0.0, False, 100.0, 0.0, 0.0, 0.0, 20.0002, 1.4885963, 1.9999696
865, 126, 0.0, 0.0, False, 100.0, 0.0, 0.0, 0.0, 20.0002, 1.4885963, 1.9999696
865, 127, 0.0, 0.0, False, 100.0, 0.0, 0.0, 0.0, 20.0002, 1.4885963, 1.9999696
865, 128, 0.0, 0.0, False, 100.0, 0.0, 0.0, 0.0, 20.0002, 1.4885963, 1.9999696
865, 129, 0.0, 0.0, False, 100.0, 0.0, 0.0, 0.0, 20.0002, 1.4885963, 1.9999696
865, 130, 0.0, 0.0, False, 100.0, 0.0, 0.0, 0.0, 20.0002, 1.4885963, 1.9999696
865, 131, 0.0, 0.0, False, 100.0, 0.0, 0.0, 0.0, 20.0002, 1.4885963, 1.9999696
865, 132, 0.0, 0.0, False, 100.0, 0.0, 0.0, 0.0, 20.0002, 1.4885963, 1.9999696
865, 133, 0.0, 0.0, False, 100.0, 0.0, 0.0, 0.0, 20.0002, 1.4885963, 1.9999696
865, 134, 0.0, 0.0, False, 100.0, 0.0, 0.0, 0.0, 20.0002, 1.4885963, 1.9999696
865, 135, 0.0, 0.0, False, 100.0, 0.0, 0.0, 0.0, 20.0002, 1.4885963, 1.9999696
865, 136, 0.0, 0.0, False, 100.0, 0.0, 0.0, 0.0, 20.0002, 1.4885963, 1.9999696
865, 137, 0.0, 0.0, False, 100.0, 0.0, 0.0, 0.0, 20.0002, 1.4885963, 1.9999696
865, 138, 0.0, 0.0, False, 100.0, 0.0, 0.0, 0.0, 20.0002, 1.4885963, 1.9999696
865, 139, 0.0, 0.0, False, 100.0, 0.0, 0.0, 0.0, 20.0002, 1.4885963, 1.9999696
865, 140, 0.0, 0.0, False, 100.0, 0.0, 0.0, 0.0, 20.0002, 1.4885963, 1.9999696
865, 141, 0.0, 0.0, False, 100.0, 0.0, 0.0, 0.0, 20.0002, 1.4885963, 1.9999696
865, 142, 0.0, 0.0, False, 100.0, 0.0, 0.0, 0.0, 20.0002, 1.4885963, 1.9999696
865, 143, 0.0, 0.0, False, 100.0, 0.0, 0.0, 0.0, 20.0002, 1.4885963, 1.9999696
865, 144, 0.0, 0.0, False, 100.0, 0.0, 0.0, 0.0, 20.0002, 1.4885963, 1.9999696
865, 145, 0.0, 0.0, False, 100.0, 0.0, 0.0, 0.0, 20.0002, 1.4885963, 1.9999696
865, 146, 0.0, 0.0, False, 100.0, 0.0, 0.0, 0.0, 20.0002, 1.4885963, 1.9999696
865, 147, 0.0, 0.0, False, 100.0, 0.0, 0.0, 0.0, 20.0002, 1.4885963, 1.9999696
865, 148, 0.0, 0.0, False, 100.0, 0.0, 0.0, 0.0, 20.0002, 1.4885963, 1.9999696
865, 149, 0.0, 0.0, False, 100.0, 0.0, 0.0, 0.0, 20.0002, 1.4885963, 1.9999696
865, 150, 0.0, 0.0, False, 100.0, 0.0, 0.0, 0.0, 20.0002, 1.4885963, 1.9999696
865, 151, 0.0, 0.0, False, 100.0, 0.0, 0.0, 0.0, 20.0002, 1.4885963, 1.9999696
865, 152, 0.0, 0.0, False, 100.0, 0.0, 0.0, 0.0, 20.0002, 1.4885963, 1.9999696
865, 153, 0.0, 0.0, False, 100.0, 0.0, 0.0, 0.0, 20.0002, 1.4885963, 1.9999696
865, 154, 0.0, 0.0, False, 100.0, 0.0, 0.0, 0.0, 20.0002, 1.4885963, 1.9999696
865, 155, 0.0, 0.0, False, 100.0, 0.0, 0.0, 0.0, 20.0002, 1.4885963, 1.9999696
865, 156, 0.0, 0.0, False, 100.0, 0.0, 0.0, 0.0, 20.0002, 1.4885963, 1.9999696
865, 157, 0.0, 0.0, False, 100.0, 0.0, 0.0, 0.0, 20.0002, 1.4885963, 1.9999696
865, 158, 0.0, 0.0, False, 100.0, 0.0, 0.0, 0.0, 20.0002, 1.4885963, 1.9999696
865, 159, 0.0, 0.0, False, 100.0, 0.0, 0.0, 0.0, 20.0002, 1.4885963, 1.9999696
865, 160, 0.0, 0.0, False, 100.0, 0.0, 0.0, 0.0, 20.0002, 1.4885963, 1.9999696
865, 161, 0.0, 0.0, False, 100.0, 0.0, 0.0, 0.0, 20.0002, 1.4885963, 1.9999696
865, 162, 0.0, 0.0, False, 100.0, 0.0, 0.0, 0.0, 20.0002, 1.4885963, 1.9999696
865, 163, 0.0, 0.0, False, 100.0, 0.0, 0.0, 0.0, 20.0002, 1.4885963, 1.9999696
865, 164, 0.0, 0.0, False, 100.0, 0.0, 0.0, 0.0, 20.0002, 1.4885963, 1.9999696
865, 165, 0.0, 0.0, False, 100.0, 0.0, 0.0, 0.0, 20.0002, 1.4885963, 1.9999696
865, 166, 0.0, 0.0, False, 100.0, 0.0, 0.0, 0.0, 20.0002, 1.4885963, 1.9999696
865, 167, 0.0, 0.0, False, 100.0, 0.0, 0.0, 0.0, 20.0002, 1.4885963, 1.9999696
865, 168, -0.0007999999797903001, -0.0007999999797903001, False, 99.92, -0.08589302, -0.00037615, 1.6785983, 20.000813, 1.4886079, 2.0506501
865, 169, -0.0011999999405816197, -0.00199999992037192, False, 99.799995, -0.3920469, -0.000383839, 3.9816704, 20.012503, 1.4886072, 2.2449565
865, 170, -0.0011999999405816197, -0.0031999998609535396, False, 99.67999, -0.33395797, -0.00038924813, 6.093344, 20.048027, 1.488605, 2.56797
865, 171, -0.0011999999405816197, -0.004399999801535159, False, 99.55999, -1.0267642, -0.00038269162, 7.941421, 20.109615, 1.4886016, 3.0068874
865, 172, -0.0011999999405816197, -0.005599999742116779, False, 99.43999, 0.021485686, -0.00037635863, 9.734284, 20.203709, 1.4885966, 3.5489025
865, 173, -0.0011999999405816197, -0.006799999682698399, False, 99.319984, 0.018760443, -0.0003514439, 11.310418, 20.317368, 1.48859, 4.1866307
865, 174, -0.0011999999405816197, -0.007999999623280019, False, 99.19998, 1.2492328, -0.0003182143, 12.67596, 20.443653, 1.4885819, 4.9120746
865, 175, -0.0011999999405816197, -0.009199999563861638, False, 99.07998, -1.9652702, 0.011171058, 11.779379, 20.500086, 1.4889166, 5.6636586
865, 176, -0.0011999999405816197, -0.010399999504443258, False, 98.95998, -3.6317377, -0.12744397, 12.65744, 20.500359, 1.4842361, 6.429745
865, 177, -0.0011999999405816197, -0.011599999445024878, False, 98.83997, -5.282721, -0.14304045, 13.073038, 20.500387, 1.4751391, 7.2587705
865, 178, -0.0011999999405816197, -0.012799999385606498, False, 98.71997, -6.889978, -0.10585192, 12.955181, 20.500456, 1.4679508, 8.129356
865, 179, -0.0011999999405816197, -0.013999999326188117, False, 98.59997, -6.24948, -0.64773864, 13.594919, 20.544668, 1.4396893, 9.037905
865, 180, -0.0011999999405816197, -0.015199999266769737, False, 98.479965, -6.926429, -1.1392511, 11.67105, 20.593288, 1.3809513, 9.878012
865, 181, -0.0011999999405816197, -0.016399999207351357, False, 98.35996, -7.354679, -1.5850724, 9.871402, 20.637388, 1.2945701, 10.640021
865, 182, -0.0011999999405816197, -0.017599999147932976, False, 98.23996, -5.6985145, -1.9894496, 9.602007, 20.677387, 1.1831154, 11.331194
865, 183, -0.0011999999405816197, -0.018799999088514596, False, 98.11996, -6.0508437, -2.3562355, 8.1214, 20.713669, 1.0489179, 11.958115
865, 184, -0.0011999999405816197, -0.019999999029096216, False, 97.999954, -5.2172675, -0.07983038, 6.554899, 20.756285, 0.98982906, 12.483377
865, 185, -0.0011999999405816197, -0.021199998969677836, False, 97.87995, -5.294803, -3.2395124e-05, 7.9253044, 20.897577, 0.9894236, 13.012157
865, 186, -0.0011999999405816197, -0.022399998910259455, False, 97.75995, -5.596568, -0.18996404, 9.274077, 21.15244, 0.9856137, 13.578825
865, 187, -0.0011999999405816197, -0.023599998850841075, False, 97.639946, -6.087964, -0.7240316, 9.672062, 21.508665, 0.9526216, 14.171005
865, 188, -0.0011999999405816197, -0.024799998791422695, False, 97.51994, -6.4087973, -1.2084519, 8.147669, 21.847486, 0.8895928, 14.717207
865, 189, -0.0011999999405816197, -0.025999998732004315, False, 97.39994, -6.5536814, -1.64784, 6.74214, 22.154812, 0.7993197, 15.212633
865, 190, -0.0011999999405816197, -0.027199998672585934, False, 97.27994, -6.551116, -2.0463822, 5.460518, 22.433569, 0.6843348, 15.662004
865, 191, -0.0011999999405816197, -0.028399998613167554, False, 97.159935, -6.4272885, -2.4078755, 4.30465, 22.68641, 0.54693544, 16.069601
865, 192, -0.0011999999405816197, -0.029599998553749174, False, 97.03993, -4.8323927, -0.052165985, 3.4627337, 22.902617, 0.49026084, 16.38748
865, 193, -0.0011999999405816197, -0.030799998494330794, False, 96.91993, -4.6176386, -0.00041484833, 5.227829, 23.217487, 0.4900021, 16.624903
865, 194, -0.0011999999405816197, -0.03199999843491241, False, 96.79993, -4.6503057, 0.0, 6.8226104, 23.651327, 0.49000007, 16.801855
865, 195, -0.0011999999405816197, -0.03319999837549403, False, 96.679924, -4.8531857, 0.0, 8.2420225, 24.187702, 0.49000007, 16.910683
865, 196, -0.0011999999405816197, -0.03439999831607565, False, 96.55992, -5.1825037, 0.0, 9.495653, 24.810747, 0.49000007, 16.94413
865, 197, -0.0011999999405816197, -0.03559999825665727, False, 96.43992, -5.603713, 0.0, 10.592115, 25.504835, 0.49000007, 16.895798
865, 198, -0.0011999999405816197, -0.03679999819723889, False, 96.319916, -6.0889287, 0.0, 11.540487, 26.25445, 0.49000007, 16.76041
865, 199, -0.0011999999405816197, -0.03799999813782051, False, 96.19991, -6.6153574, 0.0, 12.350639, 27.044193, 0.49000007, 16.533985
865, 200, -0.0011999999405816197, -0.03919999807840213, False, 96.07991, -7.1643214, 0.0, 13.033123, 27.858847, 0.49000007, 16.213926
865, 201, -0.0011999999405816197, -0.04039999801898375, False, 95.95991, -5.441099, 0.0, 7.829401, 28.473774, 0.49000007, 15.950333
865, 202, -0.0011999999405816197, -0.04159999795956537, False, 95.839905, -5.656273, 0.0, 9.079053, 29.012798, 0.49000007, 15.647626
865, 203, -0.0011999999405816197, -0.04279999790014699, False, 95.7199, -5.97794, 0.0, 10.179766, 29.559187, 0.49000007, 15.23276
865, 204, -0.0011999999405816197, -0.04399999784072861, False, 95.5999, -4.456796, 0.0, 6.0399575, 29.966518, 0.49000007, 14.896058
865, 205, -0.0011999999405816197, -0.04519999778131023, False, 95.4799, -3.1461084, 0.0, 3.4426417, 30.221998, 0.49000007, 14.684876
865, 206, -0.0011999999405816197, -0.04639999772189185, False, 95.35989, -2.0826483, 0.0, 1.8475612, 30.37707, 0.49000007, 14.556694
865, 207, -0.0011999999405816197, -0.04759999766247347, False, 95.23989, -1.5612259, 0.0, -1.268979, 30.483952, 0.49000007, 14.570896
865, 208, -0.0011999999405816197, -0.04879999760305509, False, 95.11989, -0.97771364, 0.0, -3.7888453, 30.579844, 0.49000007, 14.737977
865, 209, -0.0011999999405816197, -0.04999999754363671, False, 94.999886, -0.55918974, 0.0, -0.43108022, 30.64046, 0.49000007, 14.8167305
865, 210, -0.0011999999405816197, -0.05119999748421833, False, 94.87988, -0.21898645, 0.0, -2.9200654, 30.704056, 0.49000007, 14.928635
865, 211, -0.0011999999405816197, -0.05239999742479995, False, 94.75988, -0.07094346, 0.0, 0.25593296, 30.726744, 0.49000007, 14.9646435
865, 212, -0.0011999999405816197, -0.05359999736538157, False, 94.63988, -0.24195898, 0.0, 2.6999314, 30.673723, 0.49000007, 14.862984
865, 213, -0.0011999999405816197, -0.05479999730596319, False, 94.519875, -0.6195874, 0.0, 4.8894167, 30.541243, 0.49000007, 14.64824
865, 214, -0.0011999999405816197, -0.05599999724654481, False, 94.39987, -1.1545749, 0.0, 6.83092, 30.32372, 0.49000007, 14.340856
865, 215, -0.0011999999405816197, -0.05719999718712643, False, 94.27987, -1.8078251, 0.0, 8.534418, 30.017185, 0.49000007, 13.960752
865, 216, -0.0011999999405816197, -0.05839999712770805, False, 94.15987, -1.6863029, 0.0, 5.202246, 29.768051, 0.49000007, 13.664269
865, 217, -0.0011999999405816197, -0.05959999706828967, False, 94.03986, -2.1014934, 0.0, 7.0240035, 29.481752, 0.49000007, 13.380422
865, 218, -0.0011999999405816197, -0.06079999700887129, False, 93.91986, -2.6488757, 0.0, 8.627878, 29.08553, 0.49000007, 13.06212
865, 219, -0.0011999999405816197, -0.06199999694945291, False, 93.79986, -1.088052, 0.0, 5.5627127, 28.765493, 0.49000007, 12.820374
865, 220, -0.0011999999405816197, -0.06319999689003453, False, 93.679855, -0.24546671, 0.0, 7.5946517, 28.421158, 0.49000007, 12.58365
865, 221, -0.0011999999405816197, -0.06439999683061615, False, 93.55985, 0.281523, 0.0, 3.739737, 28.172274, 0.49000007, 12.415585
865, 222, -0.0011999999405816197, -0.06559999677119777, False, 93.43985, 0.38999802, 0.0, 2.1449442, 28.039707, 0.49000007, 12.327193
865, 223, -0.0011999999405816197, -0.06679999671177939, False, 93.31985, 0.18343255, 0.0, -0.88044775, 28.02561, 0.49000007, 12.337627
865, 224, -0.0011999999405816197, -0.067999996652361, False, 93.199844, -0.026780307, 0.0, 1.7358105, 27.985874, 0.49000007, 12.3007765
865, 225, -0.0011999999405816197, -0.06919999659294263, False, 93.07984, -0.3494494, 0.0, 4.038166, 27.842714, 0.49000007, 12.164177
865, 226, -0.0011999999405816197, -0.07039999653352425, False, 92.95984, -0.8408427, 0.0, 6.086787, 27.594711, 0.49000007, 11.949849
865, 227, -0.0011999999405816197, -0.07159999647410586, False, 92.839836, -1.462924, 0.0, 7.890994, 27.242218, 0.49000007, 11.67864
865, 228, -0.0011999999405816197, -0.07279999641468748, False, 92.71983, -0.9126978, 0.0, 4.9230776, 26.95665, 0.49000007, 11.467315
865, 229, -0.0011999999405816197, -0.0739999963552691, False, 92.59983, -1.4087338, 0.0, 6.836376, 26.638119, 0.49000007, 11.259826
865, 230, -0.0011999999405816197, -0.07519999629585072, False, 92.47983, -2.0285888, 0.0, 8.517502, 26.207897, 0.49000007, 11.02407
865, 231, -0.0011999999405816197, -0.07639999623643234, False, 92.359825, -2.7365947, 0.0, 9.978179, 25.671902, 0.49000007, 10.778278
865, 232, -0.0011999999405816197, -0.07759999617701396, False, 92.23982, -3.0773802, 0.0, 5.6392336, 25.262444, 0.49000007, 10.566938
865, 233, -0.0011999999405816197, -0.07879999611759558, False, 92.11982, -3.3512783, 0.0, 7.3064327, 24.85001, 0.49000007, 10.387207
865, 234, -0.0011999999405816197, -0.0799999960581772, False, 91.99982, -2.056122, 0.0, 9.391837, 24.326218, 0.49000007, 10.236948
865, 235, -0.0011999999405816197, -0.08119999599875882, False, 91.879814, -0.6698407, 0.0, 6.0203934, 23.9115, 0.49000007, 10.130868
865, 236, -0.0011999999405816197, -0.08239999593934044, False, 91.75981, -0.88367164, 0.0, 2.2472816, 23.707073, 0.49000007, 10.0636835
865, 237, -0.0011999999405816197, -0.08359999587992206, False, 91.63981, -0.35264546, 0.0, 4.5865026, 23.481928, 0.49000007, 10.0065
865, 238, -0.0011999999405816197, -0.08479999582050368, False, 91.519806, 0.076719284, 0.0, 2.7409003, 23.288275, 0.49000007, 9.963937
865, 239, -0.0011999999405816197, -0.0859999957610853, False, 91.3998, 0.07024799, 0.0, -0.43795604, 23.256239, 0.49000007, 9.961418
865, 240, -0.0011999999405816197, -0.08719999570166692, False, 91.2798, -0.15324664, 0.0, -2.875454, 23.371548, 0.49000007, 10.00977
865, 241, -0.0011999999405816197, -0.08839999564224854, False, 91.1598, -0.25237286, 0.0, -1.5843468, 23.481522, 0.49000007, 10.0563345
865, 242, -0.0011999999405816197, -0.08959999558283016, False, 91.039795, -0.5174285, 0.0, -3.8830874, 23.647724, 0.49000007, 10.147753
865, 243, -0.0011999999405816197, -0.09079999552341178, False, 90.91979, -0.96790314, 0.0, -5.932676, 23.914392, 0.49000007, 10.324073
865, 244, -0.0011999999405816197, -0.0919999954639934, False, 90.79979, -1.557188, 0.0, -7.741173, 24.261404, 0.49000007, 10.589515
865, 245, -0.0011999999405816197, -0.09319999540457502, False, 90.67979, -2.248034, 0.0, -9.31967, 24.6692, 0.49000007, 10.946763
865, 246, -0.0011999999405816197, -0.09439999534515664, False, 90.559784, -1.2746544, 0.0, -5.4911766, 24.991049, 0.49000007, 11.209364
865, 247, -0.0011999999405816197, -0.09559999528573826, False, 90.43978, -0.7382103, 0.0, -1.951165, 25.157936, 0.49000007, 11.307664
865, 248, -0.0011999999405816197, -0.09679999522631988, False, 90.31978, -0.45989096, 0.0, 0.94429433, 25.174387, 0.49000007, 11.282294
865, 249, -0.0011999999405816197, -0.0979999951669015, False, 90.199776, -0.6156113, 0.0, 3.2925754, 25.066204, 0.49000007, 11.171302
865, 250, -0.0011999999405816197, -0.09919999510748312, False, 90.07977, -0.9914787, 0.0, 5.3925548, 24.840143, 0.49000007, 10.994265
865, 251, -0.0011999999405816197, -0.10039999504806474, False, 89.95977, -1.5234966, 0.0, 7.2525916, 24.49981, 0.49000007, 10.771241
865, 252, -0.0011999999405816197, -0.10159999498864636, False, 89.83977, -1.3281336, 0.0, 9.063841, 24.050594, 0.49000007, 10.518968
865, 253, -0.0011999999405816197, -0.10279999492922798, False, 89.719765, -0.1385293, 0.0, 10.775397, 23.50316, 0.49000007, 10.239173
865, 254, -0.0011999999405816197, -0.1039999948698096, False, 89.59976, -0.12206745, 0.0, 12.254755, 22.871653, 0.49000007, 9.922673
865, 255, -0.0011999999405816197, -0.10519999481039122, False, 89.47976, 0.82540846, 0.0, 7.93256, 22.368126, 0.49000007, 9.6725645
865, 256, -0.0011999999405816197, -0.10639999475097284, False, 89.35976, 1.2182076, 0.0, 3.9533484, 22.07235, 0.49000007, 9.543441
865, 257, -0.0011999999405816197, -0.10759999469155446, False, 89.23975, 1.0528088, 0.0, 0.42505533, 21.955786, 0.49000007, 9.533801
865, 258, -0.0011999999405816197, -0.10879999463213608, False, 89.11975, 0.62845737, 0.0, -2.251388, 21.977097, 0.49000007, 9.627831
865, 259, -0.0011999999405816197, -0.1099999945727177, False, 88.99975, 0.14146519, 0.0, -4.5642605, 22.095644, 0.49000007, 9.824766
865, 260, -0.0011999999405816197, -0.11119999451329932, False, 88.879745, -0.4739058, 0.0, -6.604843, 22.286736, 0.49000007, 10.126434
865, 261, -0.0011999999405816197, -0.11239999445388094, False, 88.75974, -1.1967816, 0.0, -8.39024, 22.528732, 0.49000007, 10.53203
865, 262, -0.0011999999405816197, -0.11359999439446256, False, 88.63974, -1.9984822, 0.0, -9.935939, 22.801582, 0.49000007, 11.038943
865, 263, -0.0011999999405816197, -0.11479999433504418, False, 88.51974, -2.8516145, 0.0, -11.258345, 23.086615, 0.49000007, 11.6430235
865, 264, -0.0011999999405816197, -0.1159999942756258, False, 88.399734, -3.731906, 0.0, -12.374737, 23.366524, 0.49000007, 12.338724
865, 265, -0.0011999999405816197, -0.11719999421620741, False, 88.27973, -4.199111, 0.0, -7.7082357, 23.613857, 0.49000007, 12.892549
865, 266, -0.0011999999405816197, -0.11839999415678903, False, 88.15973, -4.5517282, 0.0, -9.070442, 23.8231, 0.49000007, 13.43511
865, 267, -0.0011999999405816197, -0.11959999409737065, False, 88.03973, -5.004098, 0.0, -10.262952, 23.983717, 0.49000007, 14.075125
865, 268, -0.0011999999405816197, -0.12079999403795227, False, 87.91972, -5.525902, 0.0, -11.295397, 24.085066, 0.49000007, 14.799644
865, 269, -0.0011999999405816197, -0.1219999939785339, False, 87.79972, -6.092532, 0.0, -12.178291, 24.117764, 0.49000007, 15.595393
865, 270, -0.0011999999405816197, -0.12319999391911551, False, 87.67972, -4.6868606, 0.0, -7.334897, 24.123936, 0.49000007, 16.20688
865, 271, -0.0011999999405816197, -0.12439999385969713, False, 87.559715, -4.9401517, 0.0, -8.6971035, 24.067469, 0.49000007, 16.778017
865, 272, -0.0011999999405816197, -0.12559999380027875, False, 87.43971, -4.860226, 0.0, -4.332697, 24.057878, 0.49000007, 17.233276
865, 273, -0.0011999999405816197, -0.12679999374086037, False, 87.31971, -4.28983, 0.0, -0.5423889, 24.16193, 0.49000007, 17.505978
865, 274, -0.0011999999405816197, -0.127999993681442, False, 87.19971, -3.6961913, 0.0, 1.831424, 24.368156, 0.49000007, 17.627762
865, 275, -0.0011999999405816197, -0.1291999936220236, False, 87.079704, -3.1242268, 0.0, 4.236614, 24.65492, 0.49000007, 17.616096
865, 276, -0.0011999999405816197, -0.13039999356260523, False, 86.9597, -3.2374628, 0.0, 6.0503883, 25.011147, 0.49000007, 17.48733
865, 277, -0.0011999999405816197, -0.13159999350318685, False, 86.8397, -3.5347874, 0.0, 7.662047, 25.420315, 0.49000007, 17.246649
865, 278, -0.0011999999405816197, -0.13279999344376847, False, 86.719696, -3.9649518, 0.0, 9.0829525, 25.86457, 0.49000007, 16.896887
865, 279, -0.0011999999405816197, -0.1339999933843501, False, 86.59969, -4.4897003, 0.0, 10.322917, 26.326689, 0.49000007, 16.44147
865, 280, -0.0011999999405816197, -0.1351999933249317, False, 86.47969, -5.078782, 0.0, 11.392559, 26.790203, 0.49000007, 15.884761
865, 281, -0.0011999999405816197, -0.13639999326551333, False, 86.35969, -5.277803, 0.0, 6.7203074, 27.188524, 0.49000007, 15.453008
865, 282, -0.0011999999405816197, -0.13759999320609495, False, 86.239685, -4.9328833, 0.0, 2.5706577, 27.510977, 0.49000007, 15.240573
865, 283, -0.0011999999405816197, -0.13879999314667657, False, 86.11968, -4.173584, 0.0, -0.94913805, 27.778896, 0.49000007, 15.221163
865, 284, -0.0011999999405816197, -0.1399999930872582, False, 85.99968, -3.2334802, 0.0, -3.8407354, 28.015629, 0.49000007, 15.36502
865, 285, -0.0011999999405816197, -0.1411999930278398, False, 85.87968, -2.2277398, 0.0, -6.272003, 28.245878, 0.49000007, 15.647483
865, 286, -0.0011999999405816197, -0.14239999296842143, False, 85.759674, -1.4835308, 0.0, -2.7595844, 28.420654, 0.49000007, 15.833671
865, 287, -0.0011999999405816197, -0.14359999290900305, False, 85.63967, -1.0064584, 0.0, 0.2879393, 28.49913, 0.49000007, 15.840221
865, 288, -0.0011999999405816197, -0.14479999284958467, False, 85.51967, -0.9647591, 0.0, 2.6870522, 28.485676, 0.49000007, 15.713466
865, 289, -0.0011999999405816197, -0.1459999927901663, False, 85.399666, -0.8076627, 0.0, 4.9254723, 28.38743, 0.49000007, 15.476037
865, 290, -0.0011999999405816197, -0.1471999927307479, False, 85.27966, -1.319058, 0.0, 6.8473883, 28.210533, 0.49000007, 15.140179
865, 291, -0.0011999999405816197, -0.14839999267132953, False, 85.15966, -1.951972, 0.0, 8.535095, 27.951687, 0.49000007, 14.723593
865, 292, -0.0011999999405816197, -0.14959999261191115, False, 85.03966, -2.6714716, 0.0, 10.000626, 27.606775, 0.49000007, 14.245088
865, 293, -0.0011999999405816197, -0.15079999255249277, False, 84.919655, -3.4480042, 0.0, 11.257988, 27.173326, 0.49000007, 13.722939
865, 294, -0.0011999999405816197, -0.1519999924930744, False, 84.79965, -4.2565603, 0.0, 12.322495, 26.650503, 0.49000007, 13.174783
865, 295, -0.0011999999405816197, -0.153199992433656, False, 84.67965, -5.0761805, 0.0, 13.210277, 26.039059, 0.49000007, 12.61751
865, 296, -0.0011999999405816197, -0.15439999237423763, False, 84.55965, -5.8895607, 0.0, 13.937782, 25.341282, 0.49000007, 12.067165
865, 297, -0.0011999999405816197, -0.15559999231481925, False, 84.439644, -4.6914973, 0.0, 8.496166, 24.796825, 0.49000007, 11.658284
865, 298, -0.0011999999405816197, -0.15679999225540087, False, 84.31964, -4.6191263, 0.0, 4.1729655, 24.483007, 0.49000007, 11.352792
865, 299, -0.0011999999405816197, -0.15799999219598249, False, 84.19964, -3.083822, 0.0, 2.2483451, 24.307344, 0.49000007, 11.144154
865, 300, -0.0011999999405816197, -0.1591999921365641, False, 84.079636, -1.6501484, 0.0, 1.49076, 24.202772, 0.49000007, 11.019952
865, 301, -0.0011999999405816197, -0.16039999207714573, False, 83.95963, -0.78193396, 0.0, 0.8713262, 24.145206, 0.49000007, 10.951581
865, 302, -0.0011999999405816197, -0.16159999201772735, False, 83.83963, -0.27821556, 0.0, 0.38426876, 24.118725, 0.49000007, 10.92013
865, 303, -0.0011999999405816197, -0.16279999195830896, False, 83.71963, -0.3128323, 0.0, -2.1188922, 24.197948, 0.49000007, 10.930002
865, 304, -0.0011999999405816197, -0.16399999189889058, False, 83.599625, -0.12551177, 0.0, 0.88816273, 24.2042, 0.49000007, 10.917944
865, 305, -0.0011999999405816197, -0.1651999918394722, False, 83.47962, 0.15014684, 0.0, 3.2866056, 24.073092, 0.49000007, 10.844075
865, 306, -0.0011999999405816197, -0.16639999178005382, False, 83.35962, 0.599772, 0.0, 5.426303, 23.82844, 0.49000007, 10.697602
865, 307, -0.0011999999405816197, -0.16759999172063544, False, 83.23962, 0.7585369, 0.0, 1.720176, 23.66692, 0.49000007, 10.61455
865, 308, -0.0011999999405816197, -0.16879999166121706, False, 83.11961, 0.2901585, 0.0, 4.0991707, 23.4956, 0.49000007, 10.507838
865, 309, -0.0011999999405816197, -0.16999999160179868, False, 82.99961, -0.3044696, 0.0, 6.1988425, 23.223677, 0.49000007, 10.318563
865, 310, -0.0011999999405816197, -0.1711999915423803, False, 82.87961, -1.0113878, 0.0, 8.039188, 22.8504, 0.49000007, 10.068848
865, 311, -0.0011999999405816197, -0.17239999148296192, False, 82.759605, -0.32503247, 0.0, 4.2131386, 22.580889, 0.49000007, 9.879406
865, 312, -0.0011999999405816197, -0.17359999142354354, False, 82.6396, 0.28533816, 0.0, 6.304885, 22.305586, 0.49000007, 9.683617
865, 313, -0.0011999999405816197, -0.17479999136412516, False, 82.5196, 0.59835815, 0.0, 2.5313215, 22.115294, 0.49000007, 9.557465
865, 314, -0.0011999999405816197, -0.17599999130470678, False, 82.3996, 0.3796587, 0.0, -0.62562, 22.079525, 0.49000007, 9.562956
865, 315, -0.0011999999405816197, -0.1771999912452884, False, 82.279594, 0.06820989, 0.0, -3.0745158, 22.15022, 0.49000007, 9.680747
865, 316, -0.0011999999405816197, -0.17839999118587002, False, 82.15959, -0.39668727, 0.0, -5.2542095, 22.297798, 0.49000007, 9.910701
865, 317, -0.0011999999405816197, -0.17959999112645164, False, 82.03959, -0.99947023, 0.0, -7.1791387, 22.500305, 0.49000007, 10.251263
865, 318, -0.0011999999405816197, -0.18079999106703326, False, 81.919586, -1.7078378, 0.0, -8.861689, 22.737423, 0.49000007, 10.69914
865, 319, -0.0011999999405816197, -0.18199999100761488, False, 81.79958, -2.49086, 0.0, -10.315978, 22.99021, 0.49000007, 11.249593
865, 320, -0.0011999999405816197, -0.1831999909481965, False, 81.67958, -3.3210866, 0.0, -11.55761, 23.24109, 0.49000007, 11.896561
865, 321, -0.0011999999405816197, -0.18439999088877812, False, 81.55958, -4.174871, 0.0, -12.603214, 23.473892, 0.49000007, 12.6327715
865, 322, -0.0011999999405816197, -0.18559999082935974, False, 81.439575, -3.4930677, 0.0, -7.726327, 23.641428, 0.49000007, 13.204647
865, 323, -0.0011999999405816197, -0.18679999076994136, False, 81.31957, -3.9351714, 0.0, -9.144037, 23.754192, 0.49000007, 13.761375
865, 324, -0.0011999999405816197, -0.18799999071052298, False, 81.19957, -4.4698534, 0.0, -10.380264, 23.813072, 0.49000007, 14.41021
865, 325, -0.0011999999405816197, -0.1891999906511046, False, 81.07957, -5.0671763, 0.0, -11.44575, 23.808203, 0.49000007, 15.137263
865, 326, -0.0011999999405816197, -0.19039999059168622, False, 80.959564, -5.7028117, 0.0, -12.352312, 23.731106, 0.49000007, 15.928393
865, 327, -0.0011999999405816197, -0.19159999053226784, False, 80.83956, -5.929938, 0.0, -7.528096, 23.698292, 0.49000007, 16.579208
865, 328, -0.0011999999405816197, -0.19279999047284946, False, 80.71956, -5.6020527, 0.0, -3.230667, 23.770655, 0.49000007, 17.017061
865, 329, -0.0011999999405816197, -0.19399999041343108, False, 80.599556, -4.839801, 0.0, 0.45056725, 23.945078, 0.49000007, 17.2754
865, 330, -0.0011999999405816197, -0.1951999903540127, False, 80.47955, -4.0984793, 0.0, 3.0710034, 24.214664, 0.49000007, 17.388659
865, 331, -0.0011999999405816197, -0.19639999029459432, False, 80.35955, -2.2631836, 0.0, 2.0989866, 24.431002, 0.49000007, 17.43922
865, 332, -0.0011999999405816197, -0.19759999023517594, False, 80.23955, -2.247346, 0.0, 4.2120557, 24.679443, 0.49000007, 17.413649
865, 333, -0.0011999999405816197, -0.19879999017575756, False, 80.119545, -2.4779797, 0.0, 6.092451, 25.014853, 0.49000007, 17.287502
865, 334, -0.0011999999405816197, -0.19999999011633918, False, 79.99954, -2.8791487, 0.0, 7.759928, 25.418367, 0.49000007, 17.060598
865, 335, -0.0011999999405816197, -0.2011999900569208, False, 79.87954, -3.402075, 0.0, 9.224781, 25.871563, 0.49000007, 16.732887
865, 336, -0.0011999999405816197, -0.20239998999750242, False, 79.75954, -4.0102625, 0.0, 10.497566, 26.356562, 0.49000007, 16.305252
865, 337, -0.0011999999405816197, -0.20359998993808404, False, 79.639534, -4.6745224, 0.0, 11.590178, 26.85617, 0.49000007, 15.779774
865, 338, -0.0011999999405816197, -0.20479998987866566, False, 79.51953, -4.943515, 0.0, 6.9290547, 27.280252, 0.49000007, 15.374204
865, 339, -0.0011999999405816197, -0.20599998981924728, False, 79.39953, -4.661495, 0.0, 2.7762983, 27.608095, 0.49000007, 15.181305
865, 340, -0.0011999999405816197, -0.2071999897598289, False, 79.279526, -3.9489374, 0.0, -0.7530041, 27.863121, 0.49000007, 15.177088
865, 341, -0.0011999999405816197, -0.20839998970041052, False, 79.15952, -3.0482635, 0.0, -3.6445017, 28.07121, 0.49000007, 15.333565
865, 342, -0.0011999999405816197, -0.20959998964099213, False, 79.03952, -2.0822873, 0.0, -6.0761657, 28.259615, 0.49000007, 15.628195
865, 343, -0.0011999999405816197, -0.21079998958157375, False, 78.91952, -2.5344622, 0.0, -7.7772913, 28.445751, 0.49000007, 16.04463
865, 344, -0.0011999999405816197, -0.21199998952215537, False, 78.799515, -2.08209, 0.0, -4.665544, 28.58178, 0.49000007, 16.380459
865, 345, -0.0011999999405816197, -0.213199989462737, False, 78.67951, -2.3852134, 0.0, -6.51105, 28.67931, 0.49000007, 16.747398
865, 346, -0.0011999999405816197, -0.2143999894033186, False, 78.55951, -1.8866184, 0.0, -3.8477578, 28.7434, 0.49000007, 17.04584
865, 347, -0.0011999999405816197, -0.21559998934390023, False, 78.43951, -1.6045926, 0.0, -0.31737924, 28.817472, 0.49000007, 17.160704
865, 348, -0.0011999999405816197, -0.21679998928448185, False, 78.3195, -1.3674338, 0.0, 2.1631978, 28.920324, 0.49000007, 17.104734
865, 349, -0.0011999999405816197, -0.21799998922506347, False, 78.1995, -1.498978, 0.0, 4.3240213, 29.041868, 0.49000007, 16.905504
865, 350, -0.0011999999405816197, -0.2191999891656451, False, 78.0795, -1.8485172, 0.0, 6.2498527, 29.167366, 0.49000007, 16.575928
865, 351, -0.0011999999405816197, -0.2203999891062267, False, 77.959496, -2.3500004, 0.0, 7.952627, 29.281355, 0.49000007, 16.12754
865, 352, -0.0011999999405816197, -0.22159998904680833, False, 77.83949, -2.9600182, 0.0, 9.4423485, 29.369165, 0.49000007, 15.57217
865, 353, -0.0011999999405816197, -0.22279998898738995, False, 77.71949, -3.6447673, 0.0, 10.730755, 29.417398, 0.49000007, 14.922176
865, 354, -0.0011999999405816197, -0.22399998892797157, False, 77.59949, -3.9492278, 0.0, 6.24177, 29.480509, 0.49000007, 14.407326
865, 355, -0.0011999999405816197, -0.2251999888685532, False, 77.479485, -3.706053, 0.0, 2.243215, 29.59546, 0.49000007, 14.115515
865, 356, -0.0011999999405816197, -0.2263999888091348, False, 77.35948, -2.3209565, 0.0, 1.0914588, 29.690735, 0.49000007, 13.955775
865, 357, -0.0011999999405816197, -0.22759998874971643, False, 77.23948, -2.1689863, 0.0, 3.328265, 29.697393, 0.49000007, 13.752356
865, 358, -0.0011999999405816197, -0.22879998869029805, False, 77.11948, -2.3119457, 0.0, 5.308733, 29.599241, 0.49000007, 13.458032
865, 359, -0.0011999999405816197, -0.22999998863087967, False, 76.99947, -2.652362, 0.0, 7.069915, 29.397427, 0.49000007, 13.091922
865, 360, -0.0011999999405816197, -0.2311999885714613, False, 76.87947, -3.1328778, 0.0, 8.623539, 29.092463, 0.49000007, 12.672656
865, 361, -0.0011999999405816197, -0.2323999885120429, False, 76.75947, -3.7127771, 0.0, 9.979761, 28.685553, 0.49000007, 12.218354
865, 362, -0.0011999999405816197, -0.23359998845262453, False, 76.639465, -4.3601484, 0.0, 11.149972, 28.179005, 0.49000007, 11.746454
865, 363, -0.0011999999405816197, -0.23479998839320615, False, 76.51946, -4.6204863, 0.0, 6.560334, 27.790735, 0.49000007, 11.347372
865, 364, -0.0011999999405816197, -0.23599998833378777, False, 76.39946, -3.2946572, 0.0, 3.7691188, 27.55844, 0.49000007, 11.078668
865, 365, -0.0011999999405816197, -0.2371999882743694, False, 76.27946, -2.82447, 0.0, 5.9440193, 27.272043, 0.49000007, 10.858324
865, 366, -0.0011999999405816197, -0.238399988214951, False, 76.159454, -2.1120062, 0.0, 3.4578407, 27.030766, 0.49000007, 10.699141
865, 367, -0.0011999999405816197, -0.23959998815553263, False, 76.03945, -1.7959414, 0.0, 5.6403713, 26.739079, 0.49000007, 10.575238
865, 368, -0.0011999999405816197, -0.24079998809611425, False, 75.91945, -0.8477564, 0.0, 7.7344265, 26.324966, 0.49000007, 10.460288
865, 369, -0.0011999999405816197, -0.24199998803669587, False, 75.799446, -0.21293092, 0.0, 3.9223819, 26.025871, 0.49000007, 10.374656
865, 370, -0.0011999999405816197, -0.2431999879772775, False, 75.67944, -0.13740332, 0.0, 0.42128056, 25.937466, 0.49000007, 10.342028
865, 371, -0.0011999999405816197, -0.2443999879178591, False, 75.55944, 0.10113484, 0.0, 2.8663821, 25.819412, 0.49000007, 10.303008
865, 372, -0.0011999999405816197, -0.24559998785844073, False, 75.43944, 0.22280473, 0.0, 1.5811834, 25.706314, 0.49000007, 10.266307
865, 373, -0.0011999999405816197, -0.24679998779902235, False, 75.319435, 0.07320458, 0.0, -1.2739128, 25.723534, 0.49000007, 10.286785
865, 374, -0.0011999999405816197, -0.24799998773960397, False, 75.19943, -0.22598743, 0.0, -3.6300695, 25.865957, 0.49000007, 10.383253
865, 375, -0.0011999999405816197, -0.2491999876801856, False, 75.07943, -0.19161677, 0.0, -5.773919, 26.11337, 0.49000007, 10.56115
865, 376, -0.0011999999405816197, -0.2503999876207672, False, 74.95943, -0.8734851, 0.0, -7.66603, 26.453068, 0.49000007, 10.816643
865, 377, -0.0011999999405816197, -0.2515999875613488, False, 74.839424, -1.6462345, 0.0, -9.311647, 26.866789, 0.49000007, 11.153272
865, 378, -0.0011999999405816197, -0.25279998750193045, False, 74.71942, -2.4815707, 0.0, -10.72678, 27.33533, 0.49000007, 11.574808
865, 379, -0.0011999999405816197, -0.25399998744251207, False, 74.59942, -3.353826, 0.0, -11.928391, 27.840221, 0.49000007, 12.083176
865, 380, -0.0011999999405816197, -0.2551999873830937, False, 74.479416, -2.9191318, 0.0, -7.3339434, 28.223915, 0.49000007, 12.484619
865, 381, -0.0011999999405816197, -0.2563999873236753, False, 74.35941, -2.2872124, 0.0, -4.355748, 28.4652, 0.49000007, 12.737067
865, 382, -0.0011999999405816197, -0.2575999872642569, False, 74.23941, -2.5280504, 0.0, -6.218034, 28.677141, 0.49000007, 13.036334
865, 383, -0.0011999999405816197, -0.25879998720483854, False, 74.11941, -2.9358137, 0.0, -7.8686333, 28.888783, 0.49000007, 13.456556
865, 384, -0.0011999999405816197, -0.25999998714542016, False, 73.999405, -3.4627845, 0.0, -9.317759, 29.084833, 0.49000007, 13.987547
865, 385, -0.0011999999405816197, -0.2611999870860018, False, 73.8794, -4.073029, 0.0, -10.576019, 29.250998, 0.49000007, 14.61863
865, 386, -0.0011999999405816197, -0.2623999870265834, False, 73.7594, -4.7377553, 0.0, -11.655361, 29.374212, 0.49000007, 15.338514
865, 387, -0.0011999999405816197, -0.263599986967165, False, 73.6394, -5.00603, 0.0, -6.9823112, 29.501547, 0.49000007, 15.916312
865, 388, -0.0011999999405816197, -0.26479998690774664, False, 73.519394, -5.1828146, 0.0, -8.356709, 29.588123, 0.49000007, 16.474308
865, 389, -0.0011999999405816197, -0.26599998684832826, False, 73.39939, -5.484677, 0.0, -9.571604, 29.591583, 0.49000007, 17.112097
865, 390, -0.0011999999405816197, -0.2671999867889099, False, 73.27939, -5.4369287, 0.0, -5.0672646, 29.629644, 0.49000007, 17.623789
865, 391, -0.0011999999405816197, -0.2683999867294915, False, 73.159386, -4.346883, 0.0, -2.096672, 29.758303, 0.49000007, 17.932976
865, 392, -0.0011999999405816197, -0.2695999866700731, False, 73.03938, -3.5938082, 0.0, 0.5332713, 29.95054, 0.49000007, 18.05687
865, 393, -0.0011999999405816197, -0.27079998661065474, False, 72.91938, -3.2029262, 0.0, 2.7829955, 30.1796, 0.49000007, 18.01648
865, 394, -0.0011999999405816197, -0.27199998655123636, False, 72.79938, -3.137506, 0.0, 4.756552, 30.42773, 0.49000007, 17.830826
865, 395, -0.0011999999405816197, -0.273199986491818, False, 72.679375, -3.3070102, 0.0, 6.512935, 30.679974, 0.49000007, 17.513292
865, 396, -0.0011999999405816197, -0.2743999864323996, False, 72.55937, -3.6447954, 0.0, 8.070893, 30.921623, 0.49000007, 17.075142
865, 397, -0.0011999999405816197, -0.2755999863729812, False, 72.43937, -4.1039395, 0.0, 9.440834, 31.138512, 0.49000007, 16.527369
865, 398, -0.0011999999405816197, -0.27679998631356284, False, 72.31937, -4.2101336, 0.0, 5.054704, 31.3368, 0.49000007, 16.106937
865, 399, -0.0011999999405816197, -0.27799998625414446, False, 72.19936, -4.2744455, 0.0, 6.699128, 31.49325, 0.49000007, 15.686811
865, 400, -0.0011999999405816197, -0.2791999861947261, False, 72.07936, -4.510326, 0.0, 8.161183, 31.584047, 0.49000007, 15.163015
865, 401, -0.0011999999405816197, -0.2803999861353077, False, 71.95936, -4.8726234, 0.0, 9.451082, 31.60165, 0.49000007, 14.551429
865, 402, -0.0011999999405816197, -0.2815999860758893, False, 71.839355, -5.3260713, 0.0, 10.577828, 31.539389, 0.49000007, 13.867719
865, 403, -0.0011999999405816197, -0.28279998601647094, False, 71.71935, -5.407472, 0.0, 5.9741297, 31.521435, 0.49000007, 13.313075
865, 404, -0.0011999999405816197, -0.28399998595705256, False, 71.59935, -5.426556, 0.0, 7.426787, 31.464462, 0.49000007, 12.788201
865, 405, -0.0011999999405816197, -0.2851999858976342, False, 71.47935, -5.600503, 0.0, 8.720446, 31.295925, 0.49000007, 12.214404
865, 406, -0.0011999999405816197, -0.2863999858382158, False, 71.359344, -5.8910704, 0.0, 9.863256, 31.017561, 0.49000007, 11.6086445
865, 407, -0.0011999999405816197, -0.2875999857787974, False, 71.23934, -6.267134, 0.0, 10.86294, 30.631813, 0.49000007, 10.987235
865, 408, -0.0011999999405816197, -0.28879998571937904, False, 71.11934, -4.696054, 0.0, 6.4678683, 30.317276, 0.49000007, 10.521254
865, 409, -0.0011999999405816197, -0.28999998565996066, False, 70.99934, -4.8550563, 0.0, 7.921643, 29.966702, 0.49000007, 10.12254
865, 410, -0.0011999999405816197, -0.2911999856005423, False, 70.87933, -5.1503053, 0.0, 9.208644, 29.499697, 0.49000007, 9.73366
865, 411, -0.0011999999405816197, -0.2923999855411239, False, 70.75933, -5.102259, 0.0, 4.7703757, 29.14983, 0.49000007, 9.396999
865, 412, -0.0011999999405816197, -0.2935999854817055, False, 70.63933, -2.829238, 0.0, 3.2632418, 28.947739, 0.49000007, 9.165139
865, 413, -0.0011999999405816197, -0.29479998542228714, False, 70.519325, -2.8712764, 0.0, 5.205785, 28.685791, 0.49000007, 8.977049
865, 414, -0.0011999999405816197, -0.29599998536286876, False, 70.39932, -1.7538254, 0.0, 3.1797843, 28.462715, 0.49000007, 8.843656
865, 415, -0.0011999999405816197, -0.2971999853034504, False, 70.27932, -1.0107358, 0.0, 5.5170326, 28.186325, 0.49000007, 8.737287
865, 416, -0.0011999999405816197, -0.298399985244032, False, 70.15932, -0.26044798, 0.0, 3.3990686, 27.954292, 0.49000007, 8.660187
865, 417, -0.0011999999405816197, -0.2995999851846136, False, 70.039314, -0.7033403, 0.0, 5.5182047, 27.674261, 0.49000007, 8.578683
865, 418, -0.0011999999405816197, -0.30079998512519524, False, 69.91931, -0.7751637, 0.0, 3.2884855, 27.44041, 0.49000007, 8.514873
865, 419, -0.0011999999405816197, -0.30199998506577685, False, 69.79931, -1.1253607, 0.0, 5.3760276, 27.156588, 0.49000007, 8.466049
865, 420, -0.0011999999405816197, -0.3031999850063585, False, 69.679306, -0.6827153, 0.0, 3.2614398, 26.919636, 0.49000007, 8.433498
865, 421, -0.0011999999405816197, -0.3043999849469401, False, 69.5593, -1.0447575, 0.0, 5.35909, 26.634161, 0.49000007, 8.419454
865, 422, -0.0011999999405816197, -0.3055999848875217, False, 69.4393, -0.9696633, 0.0, 3.1654027, 26.396517, 0.49000007, 8.415179
865, 423, -0.0011999999405816197, -0.30679998482810333, False, 69.3193, -0.73325837, 0.0, -0.17846236, 26.329725, 0.49000007, 8.383161
865, 424, -0.0011999999405816197, -0.30799998476868495, False, 69.199295, -0.6798987, 0.0, 2.2929525, 26.232174, 0.49000007, 8.387792
865, 425, -0.0011999999405816197, -0.3091999847092666, False, 69.07929, -0.41560838, 0.0, -0.8019235, 26.20792, 0.49000007, 8.364199
865, 426, -0.0011999999405816197, -0.3103999846498482, False, 68.95929, -0.16376299, 0.0, -0.24839637, 26.221735, 0.49000007, 8.338865
865, 427, -0.0011999999405816197, -0.3115999845904298, False, 68.83929, 0.06752372, 0.0, -2.7128758, 26.317738, 0.49000007, 8.275963
865, 428, -0.0011999999405816197, -0.31279998453101143, False, 68.719284, -0.36352444, 0.0, -4.9278784, 26.530798, 0.49000007, 8.13971
865, 429, -0.0011999999405816197, -0.31399998447159305, False, 68.59928, -0.31234455, 0.0, -6.951271, 26.854845, 0.49000007, 7.9450865
865, 430, -0.0011999999405816197, -0.31519998441217467, False, 68.47928, -0.1930784, 0.0, -4.2969837, 27.118603, 0.49000007, 7.789263
865, 431, -0.0011999999405816197, -0.3163999843527563, False, 68.359276, -0.37929106, 0.0, -2.5160213, 27.277525, 0.49000007, 7.695374
865, 432, -0.0011999999405816197, -0.3175999842933379, False, 68.23927, -0.22462061, 0.0, 0.6309399, 27.289637, 0.49000007, 7.670876
865, 433, -0.0011999999405816197, -0.31879998423391953, False, 68.11927, 0.051676333, 0.0, 3.0637107, 27.155277, 0.49000007, 7.695069
865, 434, -0.0011999999405816197, -0.31999998417450115, False, 67.99927, 0.20938751, 0.0, 1.7136471, 27.029726, 0.49000007, 7.719399
865, 435, -0.0011999999405816197, -0.32119998411508277, False, 67.879265, 0.4955372, 0.0, 4.003024, 26.834139, 0.49000007, 7.7414417
865, 436, -0.0011999999405816197, -0.3223999840556644, False, 67.75926, 0.5348382, 0.0, 2.306206, 26.662497, 0.49000007, 7.7566333
865, 437, -0.0011999999405816197, -0.323599983996246, False, 67.63926, 0.30692917, 0.0, -0.78428376, 26.648502, 0.49000007, 7.779835
865, 438, -0.0011999999405816197, -0.32479998393682763, False, 67.51926, -2.7298927e-05, 0.0, -3.2100067, 26.784342, 0.49000007, 7.8323026
865, 439, -0.0011999999405816197, -0.32599998387740925, False, 67.399254, -0.46654546, 0.0, -5.370374, 27.0473, 0.49000007, 7.93078
865, 440, -0.0011999999405816197, -0.32719998381799087, False, 67.27925, -1.0706615, 0.0, -7.2777596, 27.41886, 0.49000007, 8.086713
865, 441, -0.0011999999405816197, -0.3283999837585725, False, 67.15925, -1.1327177, 0.0, -4.4215775, 27.716225, 0.49000007, 8.216814
865, 442, -0.0011999999405816197, -0.3295999836991541, False, 67.039246, -1.5457678, 0.0, -6.366761, 28.027447, 0.49000007, 8.385571
865, 443, -0.0011999999405816197, -0.33079998363973573, False, 66.91924, -2.0998962, 0.0, -8.083059, 28.414108, 0.49000007, 8.645289
865, 444, -0.0011999999405816197, -0.33199998358031735, False, 66.79924, -2.755097, 0.0, -9.580959, 28.857237, 0.49000007, 8.998145
865, 445, -0.0011999999405816197, -0.33319998352089897, False, 66.67924, -3.050712, 0.0, -5.2820244, 29.21492, 0.49000007, 9.254595
865, 446, -0.0011999999405816197, -0.3343999834614806, False, 66.559235, -2.8029482, 0.0, -1.4671569, 29.442448, 0.49000007, 9.330161
865, 447, -0.0011999999405816197, -0.3355999834020622, False, 66.43923, -2.6308444, 0.0, -3.6286316, 29.647678, 0.49000007, 9.448133
865, 448, -0.0011999999405816197, -0.3367999833426438, False, 66.31923, -2.7424672, 0.0, -5.5441084, 29.865913, 0.49000007, 9.703611
865, 449, -0.0011999999405816197, -0.33799998328322545, False, 66.19923, -3.0502772, 0.0, -7.247257, 30.082228, 0.49000007, 10.084763
865, 450, -0.0011999999405816197, -0.33919998322380707, False, 66.07922, -3.4982326, 0.0, -8.750223, 30.281878, 0.49000007, 10.580598
865, 451, -0.0011999999405816197, -0.3403999831643887, False, 65.95922, -4.0458775, 0.0, -10.063013, 30.450907, 0.49000007, 11.17992
865, 452, -0.0011999999405816197, -0.3415999831049703, False, 65.83922, -4.6615252, 0.0, -11.196563, 30.57648, 0.49000007, 11.871049
865, 453, -0.0011999999405816197, -0.3427999830455519, False, 65.719215, -5.3194795, 0.0, -12.162967, 30.647089, 0.49000007, 12.64177
865, 454, -0.0011999999405816197, -0.34399998298613355, False, 65.59921, -5.998687, 0.0, -12.975218, 30.65267, 0.49000007, 13.479382
865, 455, -0.0011999999405816197, -0.34519998292671517, False, 65.47921, -6.681943, 0.0, -13.646811, 30.584686, 0.49000007, 14.37077
865, 456, -0.0011999999405816197, -0.3463999828672968, False, 65.35921, -7.355343, 0.0, -14.191412, 30.436172, 0.49000007, 15.302515
865, 457, -0.0011999999405816197, -0.3475999828078784, False, 65.239204, -8.007844, 0.0, -14.622576, 30.201769, 0.49000007, 16.261011
865, 458, -0.0011999999405816197, -0.34879998274846, False, 65.1192, -6.106059, 0.0, -8.816065, 30.003561, 0.49000007, 16.9859
865, 459, -0.0011999999405816197, -0.34999998268904164, False, 64.9992, -4.6709, 0.0, -5.4608784, 29.931955, 0.49000007, 17.479397
865, 460, -0.0011999999405816197, -0.35119998262962326, False, 64.879196, -3.6432714, 0.0, -2.347301, 29.982815, 0.49000007, 17.786018
865, 461, -0.0011999999405816197, -0.3523999825702049, False, 64.75919, -2.9407542, 0.0, 0.39361548, 30.121988, 0.49000007, 17.915401
865, 462, -0.0011999999405816197, -0.3535999825107865, False, 64.63919, -2.6129794, 0.0, 2.700976, 30.318766, 0.49000007, 17.887146
865, 463, -0.0011999999405816197, -0.3547999824513681, False, 64.51919, -2.6191502, 0.0, 4.7219915, 30.553673, 0.49000007, 17.719019
865, 464, -0.0011999999405816197, -0.35599998239194974, False, 64.399185, -2.854423, 0.0, 6.520765, 30.810291, 0.49000007, 17.422056
865, 465, -0.0011999999405816197, -0.35719998233253136, False, 64.27918, -3.251366, 0.0, 8.114069, 31.072363, 0.49000007, 17.005352
865, 466, -0.0011999999405816197, -0.358399982273113, False, 64.15918, -2.559002, 0.0, 4.846125, 31.265427, 0.49000007, 16.668726
865, 467, -0.0011999999405816197, -0.3595999822136946, False, 64.03918, -1.8508859, 0.0, 2.7610283, 31.384142, 0.49000007, 16.461739
865, 468, -0.0011999999405816197, -0.3607999821542762, False, 63.919174, -1.4390051, 0.0, -0.54036796, 31.47694, 0.49000007, 16.419014
865, 469, -0.0011999999405816197, -0.36199998209485784, False, 63.79917, -0.9130593, 0.0, -3.132168, 31.574945, 0.49000007, 16.536951
865, 470, -0.0011999999405816197, -0.36319998203543946, False, 63.67917, -0.51457787, 0.0, 0.07030055, 31.62909, 0.49000007, 16.577127
865, 471, -0.0011999999405816197, -0.3643999819760211, False, 63.559166, -0.5501146, 0.0, 2.5118108, 31.61035, 0.49000007, 16.471487
865, 472, -0.0011999999405816197, -0.3655999819166027, False, 63.439163, -0.4583782, 0.0, 4.761936, 31.52262, 0.49000007, 16.244385
865, 473, -0.0011999999405816197, -0.3667999818571843, False, 63.31916, -1.0042887, 0.0, 6.729905, 31.369404, 0.49000007, 15.908957
865, 474, -0.0011999999405816197, -0.36799998179776594, False, 63.199158, -1.6676927, 0.0, 8.456407, 31.144955, 0.49000007, 15.482766
865, 475, -0.0011999999405816197, -0.36919998173834756, False, 63.079155, -2.4155626, 0.0, 9.954366, 30.842846, 0.49000007, 14.984324
865, 476, -0.0011999999405816197, -0.3703999816789292, False, 62.959152, -1.0088181, 0.0, 11.683363, 30.46212, 0.49000007, 14.427921
865, 477, -0.0011999999405816197, -0.3715999816195108, False, 62.83915, -0.8907428, 0.0, 13.079191, 30.017927, 0.49000007, 13.8118725
865, 478, -0.0011999999405816197, -0.3727999815600924, False, 62.719147, -2.1846476, 0.0, 14.191341, 29.516361, 0.49000007, 13.141599
865, 479, -0.0011999999405816197, -0.37399998150067404, False, 62.599144, -3.4328804, 0.0, 15.076812, 28.952257, 0.49000007, 12.432292
865, 480, -0.0011999999405816197, -0.37519998144125566, False, 62.47914, -3.0289025, 0.0, 10.543266, 28.500683, 0.49000007, 11.838728
865, 481, -0.0011999999405816197, -0.3763999813818373, False, 62.35914, -2.6081471, 0.0, 6.4461575, 28.21275, 0.49000007, 11.442019
865, 482, -0.0011999999405816197, -0.3775999813224189, False, 62.239136, -3.0293417, 0.0, 8.066961, 27.893894, 0.49000007, 11.077769
865, 483, -0.0011999999405816197, -0.3787999812630005, False, 62.119133, -3.5649762, 0.0, 9.488195, 27.46725, 0.49000007, 10.687505
865, 484, -0.0011999999405816197, -0.37999998120358214, False, 61.99913, -2.8659968, 0.0, 5.7251105, 27.12404, 0.49000007, 10.393425
865, 485, -0.0011999999405816197, -0.38119998114416376, False, 61.879128, -1.3835826, 0.0, 3.682409, 26.910753, 0.49000007, 10.21067
865, 486, -0.0011999999405816197, -0.3823999810847454, False, 61.759125, -0.889099, 0.0, 0.4100138, 26.855303, 0.49000007, 10.119124
865, 487, -0.0011999999405816197, -0.383599981025327, False, 61.639122, -0.63555694, 0.0, -2.173398, 26.946253, 0.49000007, 10.116956
865, 488, -0.0011999999405816197, -0.3847999809659086, False, 61.51912, -0.36443824, 0.0, 0.79749906, 26.96125, 0.49000007, 10.096776
865, 489, -0.0011999999405816197, -0.38599998090649024, False, 61.399117, -0.52397394, 0.0, 3.1670587, 26.830173, 0.49000007, 10.0321865
865, 490, -0.0011999999405816197, -0.38719998084707186, False, 61.279114, -0.9017608, 0.0, 5.286993, 26.566145, 0.49000007, 9.940184
865, 491, -0.0011999999405816197, -0.3883999807876535, False, 61.15911, -0.87743133, 0.0, 3.1258821, 26.343904, 0.49000007, 9.869351
865, 492, -0.0011999999405816197, -0.3895999807282351, False, 61.03911, -1.1944923, 0.0, 5.2217183, 26.06935, 0.49000007, 9.815442
865, 493, -0.0011999999405816197, -0.3907999806688167, False, 60.919106, -1.029366, 0.0, 7.221842, 25.671589, 0.49000007, 9.778222
865, 494, -0.0011999999405816197, -0.39199998060939834, False, 60.799103, -1.1029998, 0.0, 4.3873305, 25.350645, 0.49000007, 9.755156
865, 495, -0.0011999999405816197, -0.39319998054997995, False, 60.6791, -0.6562614, 0.0, 2.610368, 25.156363, 0.49000007, 9.741192
865, 496, -0.0011999999405816197, -0.3943999804905616, False, 60.559097, -0.5089258, 0.0, 1.389801, 25.045834, 0.49000007, 9.733248
865, 497, -0.0011999999405816197, -0.3955999804311432, False, 60.439095, -0.70424724, 0.0, 3.6890404, 24.867596, 0.49000007, 9.759632
865, 498, -0.0011999999405816197, -0.3967999803717248, False, 60.31909, -1.1065272, 0.0, 5.7423334, 24.56898, 0.49000007, 9.842288
865, 499, -0.0011999999405816197, -0.39799998031230643, False, 60.19909, -1.2104944, 0.0, 1.9715139, 24.366766, 0.49000007, 9.880616
865, 500, -0.0011999999405816197, -0.39919998025288805, False, 60.079086, -0.64359367, 0.0, 1.0482111, 24.273367, 0.49000007, 9.884615
865, 501, -0.0011999999405816197, -0.4003999801934697, False, 59.959084, -0.77386415, 0.0, 3.3741941, 24.124048, 0.49000007, 9.948656
865, 502, -0.0011999999405816197, -0.4015999801340513, False, 59.83908, -0.59843594, 0.0, -0.015175194, 24.048208, 0.49000007, 9.960742
865, 503, -0.0011999999405816197, -0.4027999800746329, False, 59.719078, -0.26821828, 0.0, -2.5556948, 24.09677, 0.49000007, 9.865494
865, 504, -0.0011999999405816197, -0.40399998001521453, False, 59.599075, -0.122246504, 0.0, 0.5711092, 24.103167, 0.49000007, 9.842742
865, 505, -0.0011999999405816197, -0.40519997995579615, False, 59.479073, -0.009161662, 0.0, 0.085985154, 24.09327, 0.49000007, 9.852963
865, 506, -0.0011999999405816197, -0.40639997989637777, False, 59.35907, -0.0064525604, 0.0, -2.4030423, 24.151718, 0.49000007, 9.777462
865, 507, -0.0011999999405816197, -0.4075999798369594, False, 59.239067, 0.0011110902, 0.0, 0.73564225, 24.157951, 0.49000007, 9.766165
865, 508, -0.0011999999405816197, -0.408799979777541, False, 59.119064, -0.019236349, 0.0, 0.1857189, 24.143265, 0.49000007, 9.78142
865, 509, -0.0011999999405816197, -0.40999997971812263, False, 58.99906, -0.19700634, 0.0, 2.6404953, 24.076374, 0.49000007, 9.869632
865, 510, -0.0011999999405816197, -0.41119997965870425, False, 58.87906, -0.16446972, 0.0, 4.876377, 23.935646, 0.49000007, 10.075118
865, 511, -0.0011999999405816197, -0.41239997959928587, False, 58.759056, -0.3510463, 0.0, 1.2550592, 23.848314, 0.49000007, 10.194225
865, 512, -0.0011999999405816197, -0.4135999795398675, False, 58.639053, -0.1158199, 0.0, -1.5376427, 23.852388, 0.49000007, 10.151203
865, 513, -0.0011999999405816197, -0.4147999794804491, False, 58.51905, 0.21575016, 0.0, -3.8718057, 23.90818, 0.49000007, 9.972787
865, 514, -0.0011999999405816197, -0.41599997942103073, False, 58.399048, 0.25619462, 0.0, -0.36280665, 23.942421, 0.49000007, 9.887444
865, 515, -0.0011999999405816197, -0.41719997936161235, False, 58.279045, 0.034618303, 0.0, 2.1744561, 23.944742, 0.49000007, 9.96895
865, 516, -0.0011999999405816197, -0.41839997930219397, False, 58.159042, -0.3405087, 0.0, 4.4392085, 23.941391, 0.49000007, 10.191511
865, 517, -0.0011999999405816197, -0.4195999792427756, False, 58.03904, -0.8723197, 0.0, 6.449161, 23.950068, 0.49000007, 10.541692
865, 518, -0.0011999999405816197, -0.4207999791833572, False, 57.919037, -1.5258504, 0.0, 8.214857, 23.986174, 0.49000007, 11.005498
865, 519, -0.0011999999405816197, -0.42199997912393883, False, 57.799034, -2.2678995, 0.0, 9.749092, 24.063223, 0.49000007, 11.568485
865, 520, -0.0011999999405816197, -0.42319997906452045, False, 57.67903, -3.0690703, 0.0, 11.066511, 24.192894, 0.49000007, 12.215851
865, 521, -0.0011999999405816197, -0.42439997900510207, False, 57.55903, -3.903984, 0.0, 12.183048, 24.385048, 0.49000007, 12.932543
865, 522, -0.0011999999405816197, -0.4255999789456837, False, 57.439026, -4.7511473, 0.0, 13.115421, 24.647738, 0.49000007, 13.70337
865, 523, -0.0011999999405816197, -0.4267999788862653, False, 57.319023, -5.5926833, 0.0, 13.880685, 24.987217, 0.49000007, 14.513119
865, 524, -0.0011999999405816197, -0.4279999788268469, False, 57.19902, -6.4140534, 0.0, 14.495867, 25.40797, 0.49000007, 15.346679
865, 525, -0.0011999999405816197, -0.42919997876742855, False, 57.079018, -7.2037086, 0.0, 14.977642, 25.912746, 0.49000007, 16.189167
865, 526, -0.0011999999405816197, -0.43039997870801017, False, 56.959015, -7.9528, 0.0, 15.342098, 26.502604, 0.49000007, 17.026058
865, 527, -0.0011999999405816197, -0.4315999786485918, False, 56.839012, -8.654816, 0.0, 15.604542, 27.17696, 0.49000007, 17.84331
865, 528, -0.0011999999405816197, -0.4327999785891734, False, 56.71901, -8.885285, 0.0, 10.19388, 27.71927, 0.49000007, 18.553963
865, 529, -0.0011999999405816197, -0.433999978529755, False, 56.599007, -8.520622, 0.0, 5.354225, 28.037203, 0.49000007, 19.140997
865, 530, -0.0011999999405816197, -0.43519997847033665, False, 56.479004, -7.6810393, 0.0, 1.1339726, 28.152386, 0.49000007, 19.6314
865, 531, -0.0011999999405816197, -0.43639997841091827, False, 56.359, -4.830044, 0.0, 0.2022748, 28.190649, 0.49000007, 19.972548
865, 532, -0.0011999999405816197, -0.4375999783514999, False, 56.239, -3.88992, 0.0, -2.9329262, 28.110743, 0.49000007, 20.240429
865, 533, -0.0011999999405816197, -0.4387999782920815, False, 56.118996, -3.1164021, 0.0, -0.1134429, 28.099272, 0.49000007, 20.44911
865, 534, -0.0011999999405816197, -0.4399999782326631, False, 55.998993, -2.7031336, 0.0, 2.26576, 28.24108, 0.49000007, 20.57578
865, 535, -0.0011999999405816197, -0.44119997817324474, False, 55.87899, -2.6441655, 0.0, 4.332499, 28.507528, 0.49000007, 20.621054
865, 536, -0.0011999999405816197, -0.44239997811382636, False, 55.758987, -2.8330877, 0.0, 6.1708, 28.87823, 0.49000007, 20.58325
865, 537, -0.0011999999405816197, -0.443599978054408, False, 55.638985, -2.136735, 0.0, 3.6043398, 29.17291, 0.49000007, 20.534779
865, 538, -0.0011999999405816197, -0.4447999779949896, False, 55.518982, -2.3155625, 0.0, 5.5573444, 29.478056, 0.49000007, 20.425571
865, 539, -0.0011999999405816197, -0.4459999779355712, False, 55.39898, -2.6819174, 0.0, 7.2926493, 29.854084, 0.49000007, 20.213951
865, 540, -0.0011999999405816197, -0.44719997787615284, False, 55.278976, -3.1817143, 0.0, 8.821224, 30.282398, 0.49000007, 19.900173
865, 541, -0.0011999999405816197, -0.44839997781673446, False, 55.158974, -3.7758, 0.0, 10.153364, 30.744925, 0.49000007, 19.485296
865, 542, -0.0011999999405816197, -0.4495999777573161, False, 55.03897, -4.4332323, 0.0, 11.30069, 31.224277, 0.49000007, 18.971516
865, 543, -0.0011999999405816197, -0.4507999776978977, False, 54.91897, -4.700734, 0.0, 6.689332, 31.630116, 0.49000007, 18.57668
865, 544, -0.0011999999405816197, -0.4519999776384793, False, 54.798965, -3.3565848, 0.0, 3.8481948, 31.903824, 0.49000007, 18.339542
865, 545, -0.0011999999405816197, -0.45319997757906094, False, 54.678963, -2.2537549, 0.0, 2.0945716, 32.071217, 0.49000007, 18.194515
865, 546, -0.0011999999405816197, -0.45439997751964256, False, 54.55896, -2.2387753, 0.0, 4.2087245, 32.19603, 0.49000007, 17.978727
865, 547, -0.0011999999405816197, -0.4555999774602242, False, 54.438957, -1.5954927, 0.0, 2.3645098, 32.279816, 0.49000007, 17.790611
865, 548, -0.0011999999405816197, -0.4567999774008058, False, 54.318954, -1.7138801, 0.0, 4.488618, 32.32003, 0.49000007, 17.545706
865, 549, -0.0011999999405816197, -0.4579999773413874, False, 54.19895, -2.0500014, 0.0, 6.3808417, 32.30933, 0.49000007, 17.181356
865, 550, -0.0011999999405816197, -0.45919997728196904, False, 54.07895, -2.5380578, 0.0, 8.053786, 32.238556, 0.49000007, 16.714334
865, 551, -0.0011999999405816197, -0.46039997722255066, False, 53.958946, -3.1344342, 0.0, 9.517483, 32.09934, 0.49000007, 16.161327
865, 552, -0.0011999999405816197, -0.4615999771631323, False, 53.838943, -3.8053288, 0.0, 10.783465, 31.88462, 0.49000007, 15.53898
865, 553, -0.0011999999405816197, -0.4627999771037139, False, 53.71894, -4.5231915, 0.0, 11.864776, 31.588873, 0.49000007, 14.863817
865, 554, -0.0011999999405816197, -0.4639999770442955, False, 53.598938, -5.265281, 0.0, 12.775537, 31.208162, 0.49000007, 14.152146
865, 555, -0.0011999999405816197, -0.46519997698487714, False, 53.478935, -6.012883, 0.0, 13.53049, 30.740171, 0.49000007, 13.419943
865, 556, -0.0011999999405816197, -0.46639997692545876, False, 53.358932, -3.8600245, 0.0, 15.260471, 30.186995, 0.49000007, 12.678215
865, 557, -0.0011999999405816197, -0.4675999768660404, False, 53.23893, -2.4788742, 0.0, 9.800138, 29.752468, 0.49000007, 12.118166
865, 558, -0.0011999999405816197, -0.468799976806622, False, 53.118927, -3.2590437, 0.0, 11.094164, 29.321352, 0.49000007, 11.611399
865, 559, -0.0011999999405816197, -0.4699999767472036, False, 52.998924, -4.073843, 0.0, 12.191436, 28.800802, 0.49000007, 11.077048
865, 560, -0.0011999999405816197, -0.47119997668778524, False, 52.87892, -3.397459, 0.0, 7.462845, 28.389408, 0.49000007, 10.673119
865, 561, -0.0011999999405816197, -0.47239997662836686, False, 52.75892, -3.8240018, 0.0, 8.915411, 27.962852, 0.49000007, 10.322329
865, 562, -0.0011999999405816197, -0.4735999765689485, False, 52.638916, -3.9071064, 0.0, 4.6078835, 27.649122, 0.49000007, 10.026263
865, 563, -0.0011999999405816197, -0.4747999765095301, False, 52.518913, -2.6711662, 0.0, 2.553049, 27.47326, 0.49000007, 9.828926
865, 564, -0.0011999999405816197, -0.4759999764501117, False, 52.39891, -1.6959159, 0.0, 1.3109783, 27.368938, 0.49000007, 9.711866
865, 565, -0.0011999999405816197, -0.47719997639069334, False, 52.278908, -1.3858393, 0.0, 3.7096992, 27.187231, 0.49000007, 9.635703
865, 566, -0.0011999999405816197, -0.47839997633127496, False, 52.158905, -0.8905469, 0.0, 0.43221563, 27.09787, 0.49000007, 9.57454
865, 567, -0.0011999999405816197, -0.4795999762718566, False, 52.038902, -0.30127585, 0.0, 0.18744765, 27.084576, 0.49000007, 9.544525
865, 568, -0.0011999999405816197, -0.4807999762124382, False, 51.9189, -0.038611352, 0.0, 2.6720464, 26.976976, 0.49000007, 9.512164
865, 569, -0.0011999999405816197, -0.4819999761530198, False, 51.798897, -0.02028051, 0.0, -0.49135074, 26.950432, 0.49000007, 9.5038805
865, 570, -0.0011999999405816197, -0.48319997609360144, False, 51.678894, -0.1328873, 0.0, 2.0298371, 26.87957, 0.49000007, 9.487915
865, 571, -0.0011999999405816197, -0.48439997603418306, False, 51.55889, -0.17695092, 0.0, 1.0302621, 26.800573, 0.49000007, 9.471493
865, 572, -0.0011999999405816197, -0.4855999759747647, False, 51.43889, 0.1220839, 0.0, 3.419493, 26.642845, 0.49000007, 9.454391
865, 573, -0.0011999999405816197, -0.4867999759153463, False, 51.318886, 0.588945, 0.0, 5.5486, 26.35258, 0.49000007, 9.417576
865, 574, -0.0011999999405816197, -0.4879999758559279, False, 51.198883, 0.18022196, 0.0, 1.926485, 26.166, 0.49000007, 9.400377
865, 575, -0.0011999999405816197, -0.48919997579650953, False, 51.07888, -0.19852823, 0.0, 4.2284627, 25.957737, 0.49000007, 9.383266
865, 576, -0.0011999999405816197, -0.49039997573709115, False, 50.958878, -0.37754166, 0.0, 2.470675, 25.776884, 0.49000007, 9.368443
865, 577, -0.0011999999405816197, -0.4915999756776728, False, 50.838875, -0.06345121, 0.0, 1.3514452, 25.675222, 0.49000007, 9.360109
865, 578, -0.0011999999405816197, -0.4927999756182544, False, 50.718872, 0.034367416, 0.0, 0.59389114, 25.625923, 0.49000007, 9.356069
865, 579, -0.0011999999405816197, -0.493999975558836, False, 50.59887, -0.19449505, 0.0, 3.0131145, 25.49298, 0.49000007, 9.341688
865, 580, -0.0011999999405816197, -0.49519997549941763, False, 50.478867, 0.2854298, 0.0, 5.2102003, 25.223871, 0.49000007, 9.319313
865, 581, -0.0011999999405816197, -0.49639997543999925, False, 50.358864, 0.4825974, 0.0, 1.5467521, 25.056974, 0.49000007, 9.313415
865, 582, -0.0011999999405816197, -0.4975999753805809, False, 50.23886, 0.23200071, 0.0, -1.3206637, 25.076721, 0.49000007, 9.341095
865, 583, -0.0011999999405816197, -0.4987999753211625, False, 50.11886, -0.10332465, 0.0, -3.6865964, 25.235798, 0.49000007, 9.414461
865, 584, -0.0011999999405816197, -0.4999999752617441, False, 49.998856, -0.59868264, 0.0, -5.7911644, 25.513548, 0.49000007, 9.546648
865, 585, -0.0011999999405816197, -0.5011999752023257, False, 49.878853, -1.2252629, 0.0, -7.645582, 25.890694, 0.49000007, 9.7469635
865, 586, -0.0011999999405816197, -0.5023999751429074, False, 49.75885, -1.5267626, 0.0, -3.6643887, 26.172026, 0.49000007, 9.879505
865, 587, -0.0011999999405816197, -0.503599975083489, False, 49.638847, -1.801604, 0.0, -5.6557174, 26.448017, 0.49000007, 10.035443
865, 588, -0.0011999999405816197, -0.5047999750240706, False, 49.518845, -2.248078, 0.0, -7.4222593, 26.790316, 0.49000007, 10.29481
865, 589, -0.0011999999405816197, -0.5059999749646522, False, 49.39884, -2.8171196, 0.0, -8.973828, 27.179989, 0.49000007, 10.656872
865, 590, -0.0011999999405816197, -0.5071999749052338, False, 49.27884, -3.4720612, 0.0, -10.32144, 27.598745, 0.49000007, 11.119851
865, 591, -0.0011999999405816197, -0.5083999748458154, False, 49.158836, -2.8719206, 0.0, -6.274962, 27.915327, 0.49000007, 11.4892845
865, 592, -0.0011999999405816197, -0.5095999747863971, False, 49.038834, -3.2406268, 0.0, -7.8921766, 28.18881, 0.49000007, 11.883105
865, 593, -0.0011999999405816197, -0.5107999747269787, False, 48.91883, -3.731636, 0.0, -9.313671, 28.45608, 0.49000007, 12.389193
865, 594, -0.0011999999405816197, -0.5119999746675603, False, 48.79883, -4.308585, 0.0, -10.5497, 28.7021, 0.49000007, 12.998273
865, 595, -0.0011999999405816197, -0.5131999746081419, False, 48.678825, -4.9424715, 0.0, -11.611663, 28.912966, 0.49000007, 13.700382
865, 596, -0.0011999999405816197, -0.5143999745487235, False, 48.558823, -5.6096306, 0.0, -12.512037, 29.07605, 0.49000007, 14.48484
865, 597, -0.0011999999405816197, -0.5155999744893052, False, 48.43882, -6.290669, 0.0, -13.264022, 29.180128, 0.49000007, 15.34029
865, 598, -0.0011999999405816197, -0.5167999744298868, False, 48.318817, -6.54535, 0.0, -8.295676, 29.296806, 0.49000007, 16.043205
865, 599, -0.0011999999405816197, -0.5179999743704684, False, 48.198814, -6.233344, 0.0, -3.8597221, 29.47099, 0.49000007, 16.510342
865, 600, -0.0011999999405816197, -0.51919997431105, False, 48.07881, -5.1457667, 0.0, -1.14747, 29.7028, 0.49000007, 16.772116
865, 601, -0.0011999999405816197, -0.5203999742516316, False, 47.95881, -4.4015765, 0.0, 1.2563013, 29.96958, 0.49000007, 16.849209
865, 602, -0.0011999999405816197, -0.5215999741922133, False, 47.838806, -4.0022993, 0.0, 3.3513513, 30.249805, 0.49000007, 16.762926
865, 603, -0.0011999999405816197, -0.5227999741327949, False, 47.718803, -3.8994372, 0.0, 5.204486, 30.52811, 0.49000007, 16.53171
865, 604, -0.0011999999405816197, -0.5239999740733765, False, 47.5988, -4.0196385, 0.0, 6.8556437, 30.791042, 0.49000007, 16.170078
865, 605, -0.0011999999405816197, -0.5251999740139581, False, 47.478798, -2.9394057, 0.0, 3.9892168, 30.979385, 0.49000007, 15.873097
865, 606, -0.0011999999405816197, -0.5263999739545397, False, 47.358795, -2.542353, 0.0, 0.38092613, 31.129196, 0.49000007, 15.759368
865, 607, -0.0011999999405816197, -0.5275999738951214, False, 47.238792, -2.265341, 0.0, 2.7099013, 31.2352, 0.49000007, 15.611853
865, 608, -0.0011999999405816197, -0.528799973835703, False, 47.11879, -2.3226123, 0.0, 4.752251, 31.27913, 0.49000007, 15.334824
865, 609, -0.0011999999405816197, -0.5299999737762846, False, 46.998787, -2.6017609, 0.0, 6.57032, 31.255585, 0.49000007, 14.94709
865, 610, -0.0011999999405816197, -0.5311999737168662, False, 46.878784, -3.0367913, 0.0, 8.178953, 31.15804, 0.49000007, 14.466206
865, 611, -0.0011999999405816197, -0.5323999736574478, False, 46.75878, -3.583022, 0.0, 9.588217, 30.980536, 0.49000007, 13.909443
865, 612, -0.0011999999405816197, -0.5335999735980295, False, 46.63878, -4.2062116, 0.0, 10.808981, 30.718277, 0.49000007, 13.29387
865, 613, -0.0011999999405816197, -0.5347999735386111, False, 46.518776, -4.878733, 0.0, 11.853434, 30.367867, 0.49000007, 12.636287
865, 614, -0.0011999999405816197, -0.5359999734791927, False, 46.398773, -2.3045387, 0.0, 7.8445654, 30.083635, 0.49000007, 12.136565
865, 615, -0.0011999999405816197, -0.5371999734197743, False, 46.27877, -2.909377, 0.0, 9.348975, 29.779884, 0.49000007, 11.671142
865, 616, -0.0011999999405816197, -0.5383999733603559, False, 46.158768, -3.5909219, 0.0, 10.65107, 29.383194, 0.49000007, 11.161295
865, 617, -0.0011999999405816197, -0.5395999733009376, False, 46.038765, -2.9726877, 0.0, 6.4835997, 29.064388, 0.49000007, 10.772774
865, 618, -0.0011999999405816197, -0.5407999732415192, False, 45.918762, -3.3503885, 0.0, 8.071243, 28.715927, 0.49000007, 10.4248705
865, 619, -0.0011999999405816197, -0.5419999731821008, False, 45.79876, -3.8462257, 0.0, 9.465414, 28.256525, 0.49000007, 10.064611
865, 620, -0.0011999999405816197, -0.5431999731226824, False, 45.678757, -4.424798, 0.0, 10.676411, 27.692636, 0.49000007, 9.708339
865, 621, -0.0011999999405816197, -0.544399973063264, False, 45.558754, -3.5046515, 0.0, 6.451705, 27.247128, 0.49000007, 9.445817
865, 622, -0.0011999999405816197, -0.5455999730038457, False, 45.43875, -3.8106782, 0.0, 8.000393, 26.789816, 0.49000007, 9.240595
865, 623, -0.0011999999405816197, -0.5467999729444273, False, 45.31875, -3.791745, 0.0, 3.7969606, 26.450989, 0.49000007, 9.0538225
865, 624, -0.0011999999405816197, -0.5479999728850089, False, 45.198746, -3.2759123, 0.0, 0.16670895, 26.323158, 0.49000007, 8.868946
865, 625, -0.0011999999405816197, -0.5491999728255905, False, 45.078743, -2.5109944, 0.0, -2.7782624, 26.369974, 0.49000007, 8.67355
865, 626, -0.0011999999405816197, -0.5503999727661721, False, 44.95874, -1.8995448, 0.0, 0.16191453, 26.357779, 0.49000007, 8.541947
865, 627, -0.0011999999405816197, -0.5515999727067538, False, 44.838737, -1.3210821, 0.0, -2.59798, 26.396723, 0.49000007, 8.409067
865, 628, -0.0011999999405816197, -0.5527999726473354, False, 44.718735, -1.5099196, 0.0, -4.7154603, 26.56362, 0.49000007, 8.214843
865, 629, -0.0011999999405816197, -0.553999972587917, False, 44.598732, -0.6802623, 0.0, -6.8726225, 26.846972, 0.49000007, 7.9685216
865, 630, -0.0011999999405816197, -0.5551999725284986, False, 44.47873, -0.591727, 0.0, -8.715742, 27.229807, 0.49000007, 7.6654105
865, 631, -0.0011999999405816197, -0.5563999724690802, False, 44.358727, -0.51849127, 0.0, -10.387053, 27.701176, 0.49000007, 7.3082185
865, 632, -0.0011999999405816197, -0.5575999724096619, False, 44.238724, -1.2010782, 0.0, -6.1904945, 28.062872, 0.49000007, 7.0268626
865, 633, -0.0011999999405816197, -0.5587999723502435, False, 44.11872, -1.3428292, 0.0, -2.364348, 28.227373, 0.49000007, 6.8640265
865, 634, -0.0011999999405816197, -0.5599999722908251, False, 43.99872, -0.9616998, 0.0, 0.80284685, 28.21613, 0.49000007, 6.796026
865, 635, -0.0011999999405816197, -0.5611999722314067, False, 43.878716, -0.5148692, 0.0, 3.300623, 28.061079, 0.49000007, 6.7868075
865, 636, -0.0011999999405816197, -0.5623999721719883, False, 43.758713, 0.042864323, 0.0, 5.49941, 27.774225, 0.49000007, 6.8067617
865, 637, -0.0011999999405816197, -0.56359997211257, False, 43.63871, 0.3746429, 0.0, 3.3156776, 27.535448, 0.49000007, 6.8253384
865, 638, -0.0011999999405816197, -0.5647999720531516, False, 43.518707, -0.16195749, 0.0, 5.499792, 27.248064, 0.49000007, 6.8379903
865, 639, -0.0011999999405816197, -0.5659999719937332, False, 43.398705, -0.09826921, 0.0, 3.3370483, 27.00864, 0.49000007, 6.8476706
865, 640, -0.0011999999405816197, -0.5671999719343148, False, 43.2787, -0.56104505, 0.0, 5.476321, 26.72123, 0.49000007, 6.8651204
865, 641, -0.0011999999405816197, -0.5683999718748964, False, 43.1587, -1.1621075, 0.0, 7.365028, 26.314312, 0.49000007, 6.908582
865, 642, -0.0011999999405816197, -0.5695999718154781, False, 43.038696, -1.0133439, 0.0, 9.163935, 25.802061, 0.49000007, 6.989274
865, 643, -0.0011999999405816197, -0.5707999717560597, False, 42.918694, 0.14534974, 0.0, 10.8357935, 25.194124, 0.49000007, 7.102878
865, 644, -0.0011999999405816197, -0.5719999716966413, False, 42.79869, -0.6260309, 0.0, 6.8372955, 24.71856, 0.49000007, 7.1933436
865, 645, -0.0011999999405816197, -0.5731999716372229, False, 42.678688, -1.3508787, 0.0, 8.586356, 24.24382, 0.49000007, 7.2966304
865, 646, -0.0011999999405816197, -0.5743999715778045, False, 42.558685, -1.4045447, 0.0, 5.263513, 23.868, 0.49000007, 7.3838177
865, 647, -0.0011999999405816197, -0.5755999715183862, False, 42.438683, -1.1803219, 0.0, 3.0843349, 23.637014, 0.49000007, 7.4374046
865, 648, -0.0011999999405816197, -0.5767999714589678, False, 42.31868, -1.4451469, 0.0, 5.1613584, 23.37593, 0.49000007, 7.54053
865, 649, -0.0011999999405816197, -0.5779999713995494, False, 42.198677, -1.8898108, 0.0, 7.0067945, 23.02779, 0.49000007, 7.7336373
865, 650, -0.0011999999405816197, -0.579199971340131, False, 42.078674, -2.4632, 0.0, 8.630141, 22.611704, 0.49000007, 8.019436
865, 651, -0.0011999999405816197, -0.5803999712807126, False, 41.95867, -3.1276019, 0.0, 10.042347, 22.146328, 0.49000007, 8.399467
865, 652, -0.0011999999405816197, -0.5815999712212943, False, 41.83867, -1.624896, 0.0, 11.832506, 21.645193, 0.49000007, 8.871078
865, 653, -0.0011999999405816197, -0.5827999711618759, False, 41.718666, 1.2751791, 0.0, 0.46181405, 21.50939, 0.49000007, 9.078445
865, 654, -0.0011999999405816197, -0.5839999711024575, False, 41.598663, 0.80927604, 0.0, -2.2564256, 21.61104, 0.49000007, 9.066073
865, 655, -0.0011999999405816197, -0.5851999710430391, False, 41.47866, 0.3050887, 0.0, -1.2486289, 21.702332, 0.49000007, 9.032355
865, 656, -0.0011999999405816197, -0.5863999709836207, False, 41.358658, 0.07401039, 0.0, -0.545203, 21.745829, 0.49000007, 9.01629
865, 657, -0.0011999999405816197, -0.5875999709242024, False, 41.238655, 0.15879029, 0.0, 1.979254, 21.684507, 0.49000007, 9.049365
865, 658, -0.0011999999405816197, -0.588799970864784, False, 41.118652, 0.48044252, 0.0, 4.246607, 21.490496, 0.49000007, 9.133956
865, 659, -0.0011999999405816197, -0.5899999708053656, False, 40.99865, 7.001083e-06, 1.4901161e-08, -2.9508532e-05, 21.498512, 0.49000007, 9.134199
865, 660, -0.0011999999405816197, -0.5911999707459472, False, 40.878647, -4.9008713e-07, 0.0, 3.909235e-06, 21.498672, 0.49000007, 9.134199
865, 661, -0.0011999999405816197, -0.5923999706865288, False, 40.758644, -3.112973e-07, 1.4901161e-08, -5.622222e-06, 21.498793, 0.49000007, 9.134199
865, 662, -0.0011999999405816197, -0.5935999706271105, False, 40.63864, 7.1925115e-07, 0.0, 8.867271e-06, 21.498844, 0.49000007, 9.134199
865, 663, -0.0011999999405816197, -0.5947999705676921, False, 40.51864, -8.407662e-07, 0.0, -2.9543344e-06, 21.498896, 0.49000007, 9.134199
865, 664, -0.0011999999405816197, -0.5959999705082737, False, 40.398636, 7.441313e-07, 0.0, 9.0443455e-06, 21.498905, 0.49000007, 9.134199
865, 665, -0.0011999999405816197, -0.5971999704488553, False, 40.278633, -3.6186265e-08, 1.4901161e-08, 1.3133625e-06, 21.498905, 0.49000007, 9.134199
865, 666, -0.0011999999405816197, -0.5983999703894369, False, 40.15863, 2.0248045e-08, 0.0, 3.5829584e-07, 21.498905, 0.49000007, 9.134199
865, 667, -0.0011999999405816197, -0.5995999703300186, False, 40.038628, 4.329417e-08, 1.4901161e-08, 1.1206478e-07, 21.498905, 0.49000007, 9.134199
865, 668, -0.0011999999405816197, -0.6007999702706002, False, 39.918625, -4.0768285e-08, 1.4901161e-08, -1.1202145e-07, 21.498905, 0.49000007, 9.134196
865, 669, -0.0011999999405816197, -0.6019999702111818, False, 39.798622, -0.16571927, 0.0, -2.4744327, 21.592249, 0.49000007, 9.170838
865, 670, -0.0011999999405816197, -0.6031999701517634, False, 39.67862, -0.5343276, 0.0, -4.6925287, 21.81015, 0.49000007, 9.270234
865, 671, -0.0011999999405816197, -0.604399970092345, False, 39.558617, -1.0623145, 0.0, -6.6607814, 22.132954, 0.49000007, 9.440918
865, 672, -0.0011999999405816197, -0.6055999700329266, False, 39.438614, -1.7110627, 0.0, -8.389088, 22.541351, 0.49000007, 9.689654
865, 673, -0.0011999999405816197, -0.6067999699735083, False, 39.31861, -2.0212975, 0.0, -4.294363, 22.856035, 0.49000007, 9.860798
865, 674, -0.0011999999405816197, -0.6079999699140899, False, 39.19861, -2.2928107, 0.0, -6.1830626, 23.157946, 0.49000007, 10.054533
865, 675, -0.0011999999405816197, -0.6091999698546715, False, 39.078606, -2.7280388, 0.0, -7.8562245, 23.510366, 0.49000007, 10.357833
865, 676, -0.0011999999405816197, -0.6103999697952531, False, 38.958603, -3.2800562, 0.0, -9.323907, 23.894993, 0.49000007, 10.767854
865, 677, -0.0011999999405816197, -0.6115999697358347, False, 38.8386, -3.9133608, 0.0, -10.597005, 24.294245, 0.49000007, 11.280827
865, 678, -0.0011999999405816197, -0.6127999696764164, False, 38.718597, -4.599354, 0.0, -11.687848, 24.69145, 0.49000007, 11.891868
865, 679, -0.0011999999405816197, -0.613999969616998, False, 38.598595, -5.314562, 0.0, -12.609903, 25.07099, 0.49000007, 12.594944
865, 680, -0.0011999999405816197, -0.6151999695575796, False, 38.478592, -6.0396867, 0.0, -13.377341, 25.4184, 0.49000007, 13.382897
865, 681, -0.0011999999405816197, -0.6163999694981612, False, 38.35859, -6.759011, 0.0, -14.004643, 25.720472, 0.49000007, 14.247519
865, 682, -0.0011999999405816197, -0.6175999694387428, False, 38.238586, -7.4599323, 0.0, -14.506264, 25.965336, 0.49000007, 15.179628
865, 683, -0.0011999999405816197, -0.6187999693793245, False, 38.118584, -7.7105813, 0.0, -9.310764, 26.201387, 0.49000007, 15.950296
865, 684, -0.0011999999405816197, -0.6199999693199061, False, 37.99858, -7.8194394, 0.0, -10.218848, 26.384975, 0.49000007, 16.683617
865, 685, -0.0011999999405816197, -0.6211999692604877, False, 37.87858, -7.5746365, 0.0, -5.4610023, 26.57667, 0.49000007, 17.2792
865, 686, -0.0011999999405816197, -0.6223999692010693, False, 37.758575, -6.8427477, 0.0, -1.3038368, 26.83063, 0.49000007, 17.65915
865, 687, -0.0011999999405816197, -0.623599969141651, False, 37.638573, -5.781437, 0.0, 2.206471, 27.149881, 0.49000007, 17.858402
865, 688, -0.0011999999405816197, -0.6247999690822326, False, 37.51857, -5.334621, 0.0, 4.0794463, 27.533869, 0.49000007, 17.909079
865, 689, -0.0011999999405816197, -0.6259999690228142, False, 37.398567, -5.1518526, 0.0, 5.7529025, 27.96621, 0.49000007, 17.823938
865, 690, -0.0011999999405816197, -0.6271999689633958, False, 37.278564, -5.1774187, 0.0, 7.249488, 28.429049, 0.49000007, 17.610594
865, 691, -0.0011999999405816197, -0.6283999689039774, False, 37.15856, -5.362217, 0.0, 8.581825, 28.9058, 0.49000007, 17.27594
865, 692, -0.0011999999405816197, -0.629599968844559, False, 37.03856, -5.666427, 0.0, 9.758564, 29.380737, 0.49000007, 16.82687
865, 693, -0.0011999999405816197, -0.6307999687851407, False, 36.918556, -6.0578995, 0.0, 10.787729, 29.83896, 0.49000007, 16.270727
865, 694, -0.0011999999405816197, -0.6319999687257223, False, 36.798553, -6.0755477, 0.0, 6.1041117, 30.238665, 0.49000007, 15.840154
865, 695, -0.0011999999405816197, -0.6331999686663039, False, 36.67855, -5.5716944, 0.0, 1.9771621, 30.579714, 0.49000007, 15.629968
865, 696, -0.0011999999405816197, -0.6343999686068855, False, 36.558548, -3.5092628, 0.0, 0.8449378, 30.816614, 0.49000007, 15.526767
865, 697, -0.0011999999405816197, -0.6355999685474671, False, 36.438545, -3.166955, 0.0, 3.0534544, 30.971088, 0.49000007, 15.34371
865, 698, -0.0011999999405816197, -0.6367999684880488, False, 36.318542, -3.1383681, 0.0, 4.997551, 31.05698, 0.49000007, 15.033748
865, 699, -0.0011999999405816197, -0.6379999684286304, False, 36.19854, -3.3343494, 0.0, 6.72803, 31.06956, 0.49000007, 14.616021
865, 700, -0.0011999999405816197, -0.639199968369212, False, 36.078537, -3.691481, 0.0, 8.261487, 31.003271, 0.49000007, 14.108102
865, 701, -0.0011999999405816197, -0.6403999683097936, False, 35.958534, -4.1646795, 0.0, 9.608064, 30.852964, 0.49000007, 13.5271
865, 702, -0.0011999999405816197, -0.6415999682503752, False, 35.83853, -4.719339, 0.0, 10.777809, 30.614481, 0.49000007, 12.889863
865, 703, -0.0011999999405816197, -0.6427999681909569, False, 35.71853, -5.327712, 0.0, 11.7817745, 30.284933, 0.49000007, 12.212959
865, 704, -0.0011999999405816197, -0.6439999681315385, False, 35.598526, -5.967164, 0.0, 12.631995, 29.862833, 0.49000007, 11.5125885
865, 705, -0.0011999999405816197, -0.6451999680721201, False, 35.478523, -4.6415133, 0.0, 7.6383433, 29.52357, 0.49000007, 10.984465
865, 706, -0.0011999999405816197, -0.6463999680127017, False, 35.35852, -3.3986826, 0.0, 4.463769, 29.308956, 0.49000007, 10.650383
865, 707, -0.0011999999405816197, -0.6475999679532833, False, 35.238518, -3.5011024, 0.0, 6.232794, 29.039505, 0.49000007, 10.358632
865, 708, -0.0011999999405816197, -0.648799967893865, False, 35.118515, -2.5598574, 0.0, 3.6122153, 28.81028, 0.49000007, 10.142456
865, 709, -0.0011999999405816197, -0.6499999678344466, False, 34.998512, -2.6795163, 0.0, 5.534459, 28.52734, 0.49000007, 9.965891
865, 710, -0.0011999999405816197, -0.6511999677750282, False, 34.87851, -1.6411738, 0.0, 3.3897943, 28.289227, 0.49000007, 9.8401785
865, 711, -0.0011999999405816197, -0.6523999677156098, False, 34.758507, -1.3311663, 0.0, -0.038446188, 28.223625, 0.49000007, 9.752409
865, 712, -0.0011999999405816197, -0.6535999676561914, False, 34.638504, -1.1804166, 0.0, 2.400931, 28.117783, 0.49000007, 9.695997
865, 713, -0.0011999999405816197, -0.6547999675967731, False, 34.5185, -0.98401105, 0.0, 4.6707745, 27.874584, 0.49000007, 9.675321
865, 714, -0.0011999999405816197, -0.6559999675373547, False, 34.3985, -0.2934692, 0.0, 2.8414252, 27.668482, 0.49000007, 9.668503
865, 715, -0.0011999999405816197, -0.6571999674779363, False, 34.278496, 0.18725058, 0.0, 5.0643744, 27.407759, 0.49000007, 9.668474
865, 716, -0.0011999999405816197, -0.6583999674185179, False, 34.158493, 0.43085387, 0.0, 3.0207224, 27.188046, 0.49000007, 9.668932
865, 717, -0.0011999999405816197, -0.6595999673590995, False, 34.03849, -0.08856183, 0.0, 5.2389655, 26.916912, 0.49000007, 9.656683
865, 718, -0.0011999999405816197, -0.6607999672996812, False, 33.918488, 0.5823123, 0.0, 7.2087283, 26.522516, 0.49000007, 9.635485
865, 719, -0.0011999999405816197, -0.6619999672402628, False, 33.798485, 0.3609112, 0.0, 4.4678936, 26.204168, 0.49000007, 9.616684
865, 720, -0.0011999999405816197, -0.6631999671808444, False, 33.678482, -0.27817893, 0.0, 6.538049, 25.852955, 0.49000007, 9.589682
865, 721, -0.0011999999405816197, -0.664399967121426, False, 33.55848, -0.59085643, 0.0, 3.9837794, 25.566454, 0.49000007, 9.567464
865, 722, -0.0011999999405816197, -0.6655999670620076, False, 33.438477, -0.5891811, 0.0, 2.2886772, 25.39494, 0.49000007, 9.554163
865, 723, -0.0011999999405816197, -0.6667999670025893, False, 33.318474, -0.31486413, 0.0, 1.2230915, 25.299458, 0.49000007, 9.546758
865, 724, -0.0011999999405816197, -0.6679999669431709, False, 33.19847, -0.53055334, 0.0, 3.5530422, 25.130543, 0.49000007, 9.562712
865, 725, -0.0011999999405816197, -0.6691999668837525, False, 33.07847, -0.9460802, 0.0, 5.6341767, 24.834904, 0.49000007, 9.620595
865, 726, -0.0011999999405816197, -0.6703999668243341, False, 32.958466, -1.5086442, 0.0, 7.474107, 24.42976, 0.49000007, 9.731611
865, 727, -0.0011999999405816197, -0.6715999667649157, False, 32.838463, -1.7484117, 0.0, 3.4897995, 24.130896, 0.49000007, 9.7954035
865, 728, -0.0011999999405816197, -0.6727999667054974, False, 32.71846, -1.4368985, 0.0, 0.035623014, 24.018301, 0.49000007, 9.761065
865, 729, -0.0011999999405816197, -0.673999966646079, False, 32.598457, -0.9314468, 0.0, -2.6363838, 24.048775, 0.49000007, 9.638349
865, 730, -0.0011999999405816197, -0.6751999665866606, False, 32.478455, -0.5628552, 0.0, 0.43237567, 24.038885, 0.49000007, 9.589665
865, 731, -0.0011999999405816197, -0.6763999665272422, False, 32.35845, -0.63514054, 0.0, 2.8298116, 23.941845, 0.49000007, 9.672642
865, 732, -0.0011999999405816197, -0.6775999664678238, False, 32.23845, -0.9604627, 0.0, 4.974377, 23.77785, 0.49000007, 9.876198
865, 733, -0.0011999999405816197, -0.6787999664084055, False, 32.118446, -1.4548092, 0.0, 6.878572, 23.566757, 0.49000007, 10.196195
865, 734, -0.0011999999405816197, -0.6799999663489871, False, 31.998444, -0.4454503, 0.0, 8.816748, 23.322855, 0.49000007, 10.626004
865, 735, -0.0011999999405816197, -0.6811999662895687, False, 31.87844, 0.30021238, 0.0, 5.529486, 23.13345, 0.49000007, 10.96925
865, 736, -0.0011999999405816197, -0.6823999662301503, False, 31.758438, 0.52924794, 0.0, 1.8325281, 23.051443, 0.49000007, 11.135021
865, 737, -0.0011999999405816197, -0.6835999661707319, False, 31.638435, 0.16877085, 0.0, 0.9466028, 23.023527, 0.49000007, 11.2045
865, 738, -0.0011999999405816197, -0.6847999661113136, False, 31.518433, 0.024081774, 0.0, 0.33521238, 23.011774, 0.49000007, 11.233755
865, 739, -0.0011999999405816197, -0.6859999660518952, False, 31.39843, -0.1787585, 0.0, 2.7788339, 22.962898, 0.49000007, 11.342432
865, 740, -0.0011999999405816197, -0.6871999659924768, False, 31.278427, -0.13002339, 0.0, -0.4112208, 22.942116, 0.49000007, 11.37093
865, 741, -0.0011999999405816197, -0.6883999659330584, False, 31.158424, -0.21056968, 0.0, 2.0972106, 22.920502, 0.49000007, 11.445185
865, 742, -0.0011999999405816197, -0.68959996587364, False, 31.038422, -0.5344387, 0.0, 4.348667, 22.881737, 0.49000007, 11.660097
865, 743, -0.0011999999405816197, -0.6907999658142217, False, 30.918419, -0.58456725, 0.0, 2.5307555, 22.852274, 0.49000007, 11.846031
865, 744, -0.0011999999405816197, -0.6919999657548033, False, 30.798416, -0.887352, 0.0, 4.7092223, 22.840883, 0.49000007, 12.090129
865, 745, -0.0011999999405816197, -0.6931999656953849, False, 30.678413, -1.3655003, 0.0, 6.6458955, 22.859581, 0.49000007, 12.457691
865, 746, -0.0011999999405816197, -0.6943999656359665, False, 30.55841, -1.9720213, 0.0, 8.349646, 22.921108, 0.49000007, 12.933355
865, 747, -0.0011999999405816197, -0.6955999655765481, False, 30.438408, -2.6703825, 0.0, 9.831908, 23.036707, 0.49000007, 13.501516
865, 748, -0.0011999999405816197, -0.6967999655171297, False, 30.318405, -3.4301171, 0.0, 11.106196, 23.21596, 0.49000007, 14.1463995
865, 749, -0.0011999999405816197, -0.6979999654577114, False, 30.198402, -4.2255664, 0.0, 12.187446, 23.466728, 0.49000007, 14.852164
865, 750, -0.0011999999405816197, -0.699199965398293, False, 30.0784, -5.0352426, 0.0, 13.091465, 23.79513, 0.49000007, 15.603005
865, 751, -0.0011999999405816197, -0.7003999653388746, False, 29.958397, -5.8413973, 0.0, 13.834474, 24.205545, 0.49000007, 16.383274
865, 752, -0.0011999999405816197, -0.7015999652794562, False, 29.838394, -6.6296144, 0.0, 14.43272, 24.70065, 0.49000007, 17.177597
865, 753, -0.0011999999405816197, -0.7027999652200378, False, 29.718391, -7.388472, 0.0, 14.902164, 25.28144, 0.49000007, 17.970997
865, 754, -0.0011999999405816197, -0.7039999651606195, False, 29.598389, -8.109188, 0.0, 15.258238, 25.9473, 0.49000007, 18.74902
865, 755, -0.0011999999405816197, -0.7051999651012011, False, 29.478386, -8.785301, 0.0, 15.51564, 26.69605, 0.49000007, 19.49786
865, 756, -0.0011999999405816197, -0.7063999650417827, False, 29.358383, -6.675572, 0.0, 9.352064, 27.279516, 0.49000007, 20.051878
865, 757, -0.0011999999405816197, -0.7075999649823643, False, 29.23838, -6.4652305, 0.0, 4.78233, 27.626553, 0.49000007, 20.47354
865, 758, -0.0011999999405816197, -0.708799964922946, False, 29.118378, -4.3238673, 0.0, 2.545968, 27.82816, 0.49000007, 20.766956
865, 759, -0.0011999999405816197, -0.7099999648635276, False, 28.998375, -2.7466335, 0.0, 1.2511518, 27.951284, 0.49000007, 20.946152
865, 760, -0.0011999999405816197, -0.7111999648041092, False, 28.878372, -1.6084427, 0.0, 0.53787434, 28.022514, 0.49000007, 21.04982
865, 761, -0.0011999999405816197, -0.7123999647446908, False, 28.75837, -1.4928361, 0.0, 2.8821633, 28.172699, 0.49000007, 21.089832
865, 762, -0.0011999999405816197, -0.7135999646852724, False, 28.638367, -1.0160004, 0.0, 1.5418863, 28.308311, 0.49000007, 21.102602
865, 763, -0.0011999999405816197, -0.714799964625854, False, 28.518364, -1.1344669, 0.0, 3.79225, 28.497646, 0.49000007, 21.059017
865, 764, -0.0011999999405816197, -0.7159999645664357, False, 28.398361, -1.4817874, 0.0, 5.8006706, 28.790478, 0.49000007, 20.931976
865, 765, -0.0011999999405816197, -0.7171999645070173, False, 28.278358, -1.9869957, 0.0, 7.5789332, 29.167562, 0.49000007, 20.717482
865, 766, -0.0011999999405816197, -0.7183999644475989, False, 28.158356, -2.605764, 0.0, 9.136816, 29.60995, 0.49000007, 20.41236
865, 767, -0.0011999999405816197, -0.7195999643881805, False, 28.038353, -3.303525, 0.0, 10.486132, 30.099167, 0.49000007, 20.014784
865, 768, -0.0011999999405816197, -0.7207999643287621, False, 27.91835, -4.0517974, 0.0, 11.640403, 30.617373, 0.49000007, 19.524406
865, 769, -0.0011999999405816197, -0.7219999642693438, False, 27.798347, -4.82689, 0.0, 12.614368, 31.14746, 0.49000007, 18.942375
865, 770, -0.0011999999405816197, -0.7231999642099254, False, 27.678345, -3.9102955, 0.0, 7.6945076, 31.544813, 0.49000007, 18.484255
865, 771, -0.0011999999405816197, -0.724399964150507, False, 27.558342, -2.9403017, 0.0, 4.5381713, 31.795773, 0.49000007, 18.194914
865, 772, -0.0011999999405816197, -0.7255999640910886, False, 27.43834, -3.1118958, 0.0, 6.332625, 32.00087, 0.49000007, 17.863451
865, 773, -0.0011999999405816197, -0.7267999640316702, False, 27.318336, -2.9869418, 0.0, 2.3746662, 32.178917, 0.49000007, 17.637924
865, 774, -0.0011999999405816197, -0.7279999639722519, False, 27.198334, -2.9018092, 0.0, 4.410867, 32.31942, 0.49000007, 17.391047
865, 775, -0.0011999999405816197, -0.7291999639128335, False, 27.078331, -3.0644255, 0.0, 6.2218556, 32.411125, 0.49000007, 17.019844
865, 776, -0.0011999999405816197, -0.7303999638534151, False, 26.958328, -3.4024732, 0.0, 7.829273, 32.44524, 0.49000007, 16.5408
865, 777, -0.0011999999405816197, -0.7315999637939967, False, 26.838326, -3.8666523, 0.0, 9.243865, 32.4132, 0.49000007, 15.969865
865, 778, -0.0011999999405816197, -0.7327999637345783, False, 26.718323, -4.4199657, 0.0, 10.4756565, 32.3074, 0.49000007, 15.322901
865, 779, -0.0011999999405816197, -0.73399996367516, False, 26.59832, -5.033002, 0.0, 11.535683, 32.121494, 0.49000007, 14.615735
865, 780, -0.0011999999405816197, -0.7351999636157416, False, 26.478317, -5.68181, 0.0, 12.436028, 31.850586, 0.49000007, 13.864113
865, 781, -0.0011999999405816197, -0.7363999635563232, False, 26.358315, -6.3467793, 0.0, 13.189534, 31.491287, 0.49000007, 13.083609
865, 782, -0.0011999999405816197, -0.7375999634969048, False, 26.238312, -7.0119386, 0.0, 13.809441, 31.041758, 0.49000007, 12.289515
865, 783, -0.0011999999405816197, -0.7387999634374864, False, 26.118309, -7.6644382, 0.0, 14.309081, 30.5017, 0.49000007, 11.496723
865, 784, -0.0011999999405816197, -0.7399999633780681, False, 25.998306, -8.294144, 0.0, 14.701594, 29.87233, 0.49000007, 10.719612
865, 785, -0.0011999999405816197, -0.7411999633186497, False, 25.878304, -6.2966967, 0.0, 8.850416, 29.37734, 0.49000007, 10.14154
865, 786, -0.0011999999405816197, -0.7423999632592313, False, 25.7583, -6.519318, 0.0, 9.922846, 28.878607, 0.49000007, 9.662065
865, 787, -0.0011999999405816197, -0.7435999631998129, False, 25.638298, -4.950498, 0.0, 6.490018, 28.498331, 0.49000007, 9.249493
865, 788, -0.0011999999405816197, -0.7447999631403945, False, 25.518295, -3.0916505, 0.0, 4.053101, 28.272444, 0.49000007, 8.967205
865, 789, -0.0011999999405816197, -0.7459999630809762, False, 25.398293, -3.1885378, 0.0, 5.889362, 27.992296, 0.49000007, 8.72746
865, 790, -0.0011999999405816197, -0.7471999630215578, False, 25.27829, -2.9988842, 0.0, 1.9838217, 27.81132, 0.49000007, 8.526582
865, 791, -0.0011999999405816197, -0.7483999629621394, False, 25.158287, -1.8433229, 0.0, 0.95897686, 27.731798, 0.49000007, 8.396754
865, 792, -0.0011999999405816197, -0.749599962902721, False, 25.038284, -0.99957746, 0.0, 0.39345008, 27.68861, 0.49000007, 8.326243
865, 793, -0.0011999999405816197, -0.7507999628433026, False, 24.918282, -0.5647296, 0.0, 2.9434657, 27.557293, 0.49000007, 8.295935
865, 794, -0.0011999999405816197, -0.7519999627838843, False, 24.798279, -0.2700013, 0.0, -0.22657016, 27.512388, 0.49000007, 8.275737
865, 795, -0.0011999999405816197, -0.7531999627244659, False, 24.678276, -0.3300107, 0.0, 2.257244, 27.424875, 0.49000007, 8.262962
865, 796, -0.0011999999405816197, -0.7543999626650475, False, 24.558273, -0.2733212, 0.0, 4.529506, 27.196894, 0.49000007, 8.261458
865, 797, -0.0011999999405816197, -0.7555999626056291, False, 24.43827, 0.35839975, 0.0, 6.585548, 26.841537, 0.49000007, 8.268884
865, 798, -0.0011999999405816197, -0.7567999625462107, False, 24.318268, 0.68740296, 0.0, 2.7782624, 26.597513, 0.49000007, 8.282098
865, 799, -0.0011999999405816197, -0.7579999624867924, False, 24.198265, 0.54206586, 0.0, 1.4976739, 26.479517, 0.49000007, 8.2942915
865, 800, -0.0011999999405816197, -0.759199962427374, False, 24.078262, 0.1313923, 0.0, 3.8764577, 26.29286, 0.49000007, 8.279434
865, 801, -0.0011999999405816197, -0.7603999623679556, False, 23.95826, -0.41830623, 0.0, 5.9834037, 25.976337, 0.49000007, 8.244747
865, 802, -0.0011999999405816197, -0.7615999623085372, False, 23.838257, -0.63660014, 0.0, 3.6106637, 25.715431, 0.49000007, 8.217342
865, 803, -0.0011999999405816197, -0.7627999622491188, False, 23.718254, -1.041405, 0.0, 5.6773067, 25.410559, 0.49000007, 8.207028
865, 804, -0.0011999999405816197, -0.7639999621897005, False, 23.598251, -0.26947114, 0.0, 3.5065923, 25.158579, 0.49000007, 8.205307
865, 805, -0.0011999999405816197, -0.7651999621302821, False, 23.478249, -0.72140574, 0.0, 5.614381, 24.861002, 0.49000007, 8.214262
865, 806, -0.0011999999405816197, -0.7663999620708637, False, 23.358246, -0.793394, 0.0, 3.350554, 24.614397, 0.49000007, 8.22581
865, 807, -0.0011999999405816197, -0.7675999620114453, False, 23.238243, -0.654156, 0.0, 1.8656819, 24.469297, 0.49000007, 8.232604
865, 808, -0.0011999999405816197, -0.7687999619520269, False, 23.11824, -0.87434554, 0.0, 4.1060762, 24.266972, 0.49000007, 8.280166
865, 809, -0.0011999999405816197, -0.7699999618926086, False, 22.998238, -1.2932419, 0.0, 6.103881, 23.953527, 0.49000007, 8.396407
865, 810, -0.0011999999405816197, -0.7711999618331902, False, 22.878235, -1.8550172, 0.0, 7.8676844, 23.547714, 0.49000007, 8.588262
865, 811, -0.0011999999405816197, -0.7723999617737718, False, 22.758232, -2.5199752, 0.0, 9.407998, 23.068068, 0.49000007, 8.861369
865, 812, -0.0011999999405816197, -0.7735999617143534, False, 22.63823, -3.255721, 0.0, 10.7375765, 22.532757, 0.49000007, 9.219811
865, 813, -0.0011999999405816197, -0.774799961654935, False, 22.518227, -1.67588, 0.0, 12.471593, 21.95529, 0.49000007, 9.662794
865, 814, -0.0011999999405816197, -0.7759999615955167, False, 22.398224, -0.50635505, 0.0, 8.274332, 21.491776, 0.49000007, 10.013918
865, 815, -0.0011999999405816197, -0.7771999615360983, False, 22.278221, 0.23868231, 1.4901161e-08, 0.15952095, 21.49853, 0.49000007, 10.037858
865, 816, -0.0011999999405816197, -0.7783999614766799, False, 22.158218, 1.2051538e-06, 0.0, -3.0820956e-06, 21.49871, 0.49000007, 10.040153
865, 817, -0.0011999999405816197, -0.7795999614172615, False, 22.038216, -5.081222e-06, 1.4901161e-08, 7.950812e-06, 21.498817, 0.49000007, 10.040153
865, 818, -0.0011999999405816197, -0.7807999613578431, False, 21.918213, -0.16572231, 0.0, -2.4744246, 21.592705, 0.49000007, 10.004921
865, 819, -0.0011999999405816197, -0.7819999612984248, False, 21.79821, -0.22882944, 0.0, -1.3204336, 21.687822, 0.49000007, 9.970613
865, 820, -0.0011999999405816197, -0.7831999612390064, False, 21.678207, -0.47177655, 0.0, -3.64717, 21.858114, 0.49000007, 9.9312
865, 821, -0.0011999999405816197, -0.784399961179588, False, 21.558205, -0.39989054, 0.0, -0.18900582, 21.935719, 0.49000007, 9.9009905
865, 822, -0.0011999999405816197, -0.7855999611201696, False, 21.438202, -7.896403e-09, 0.0, -2.6525058e-09, 21.939339, 0.49000007, 9.893974
865, 823, -0.0011999999405816197, -0.7867999610607512, False, 21.3182, 0.16571903, 0.0, 2.4744325, 21.840414, 0.49000007, 9.8775425
865, 824, -0.0011999999405816197, -0.7879999610013328, False, 21.198196, 0.08737406, 0.0, -0.66820574, 21.821585, 0.49000007, 9.881588
865, 825, -0.0011999999405816197, -0.7891999609419145, False, 21.078194, -0.16044068, 0.0, -3.0847335, 21.94875, 0.49000007, 9.935234
865, 826, -0.0011999999405816197, -0.7903999608824961, False, 20.95819, -0.5889604, 0.0, -5.2433496, 22.197407, 0.49000007, 10.049866
865, 827, -0.0011999999405816197, -0.7915999608230777, False, 20.838188, -0.68530893, 0.0, -3.1146517, 22.404188, 0.49000007, 10.148887
865, 828, -0.0011999999405816197, -0.7927999607636593, False, 20.718185, -1.0318637, 0.0, -5.2267523, 22.642273, 0.49000007, 10.29172
865, 829, -0.0011999999405816197, -0.793999960704241, False, 20.598183, -1.5414958, 0.0, -7.099861, 22.96306, 0.49000007, 10.52722
865, 830, -0.0011999999405816197, -0.7951999606448226, False, 20.47818, -2.1701918, 0.0, -8.74344, 23.346922, 0.49000007, 10.857493
865, 831, -0.0011999999405816197, -0.7963999605854042, False, 20.358177, -1.9292518, 0.0, -5.3180184, 23.644148, 0.49000007, 11.125659
865, 832, -0.0011999999405816197, -0.7975999605259858, False, 20.238174, -2.322949, 0.0, -7.108527, 23.92219, 0.49000007, 11.430639
865, 833, -0.0011999999405816197, -0.7987999604665674, False, 20.118172, -2.8501205, 0.0, -8.685446, 24.225197, 0.49000007, 11.847996
865, 834, -0.0011999999405816197, -0.799999960407149, False, 19.998169, -3.47161, 0.0, -10.059253, 24.535751, 0.49000007, 12.371883
865, 835, -0.0011999999405816197, -0.8011999603477307, False, 19.878166, -4.156312, 0.0, -11.241985, 24.837452, 0.49000007, 12.995495
865, 836, -0.0011999999405816197, -0.8023999602883123, False, 19.758163, -4.8787265, 0.0, -12.247027, 25.115074, 0.49000007, 13.711009
865, 837, -0.0011999999405816197, -0.8035999602288939, False, 19.63816, -5.6178236, 0.0, -13.088638, 25.354689, 0.49000007, 14.509627
865, 838, -0.0011999999405816197, -0.8047999601694755, False, 19.518158, -6.356371, 0.0, -13.781545, 25.543741, 0.49000007, 15.381647
865, 839, -0.0011999999405816197, -0.8059999601100571, False, 19.398155, -6.6577373, 0.0, -8.753401, 25.729994, 0.49000007, 16.0976
865, 840, -0.0011999999405816197, -0.8071999600506388, False, 19.278152, -6.3835955, 0.0, -4.2547235, 25.949501, 0.49000007, 16.570179
865, 841, -0.0011999999405816197, -0.8083999599912204, False, 19.15815, -5.6469927, 0.0, -0.3583603, 26.210514, 0.49000007, 16.831882
865, 842, -0.0011999999405816197, -0.809599959931802, False, 19.038147, -4.6312556, 0.0, 2.8905294, 26.519096, 0.49000007, 16.918034
865, 843, -0.0011999999405816197, -0.8107999598723836, False, 18.918144, -3.5080657, 0.0, 5.589733, 26.88324, 0.49000007, 16.863836
865, 844, -0.0011999999405816197, -0.8119999598129652, False, 18.798141, -3.7206647, 0.0, 7.2290354, 27.308006, 0.49000007, 16.695774
865, 845, -0.0011999999405816197, -0.8131999597535469, False, 18.678139, -4.082027, 0.0, 8.67958, 27.779396, 0.49000007, 16.419582
865, 846, -0.0011999999405816197, -0.8143999596941285, False, 18.558136, -4.5507097, 0.0, 9.9510765, 28.279955, 0.49000007, 16.037436
865, 847, -0.0011999999405816197, -0.8155999596347101, False, 18.438133, -5.0943108, 0.0, 11.053457, 28.792885, 0.49000007, 15.552362
865, 848, -0.0011999999405816197, -0.8167999595752917, False, 18.31813, -5.686672, 0.0, 11.997596, 29.302155, 0.49000007, 14.968457
865, 849, -0.0011999999405816197, -0.8179999595158733, False, 18.198128, -5.877982, 0.0, 7.212398, 29.741655, 0.49000007, 14.511749
865, 850, -0.0011999999405816197, -0.819199959456455, False, 18.078125, -5.520468, 0.0, 2.957806, 30.10133, 0.49000007, 14.276539
865, 851, -0.0011999999405816197, -0.8203999593970366, False, 17.958122, -4.739567, 0.0, -0.67463136, 30.403101, 0.49000007, 14.237163
865, 852, -0.0011999999405816197, -0.8215999593376182, False, 17.83812, -3.7501702, 0.0, -3.672056, 30.669964, 0.49000007, 14.364572
865, 853, -0.0011999999405816197, -0.8227999592781998, False, 17.718117, -3.2194588, 0.0, -5.8673153, 30.923817, 0.49000007, 14.633882
865, 854, -0.0011999999405816197, -0.8239999592187814, False, 17.598114, -1.9846282, 0.0, -3.6168926, 31.107971, 0.49000007, 14.863278
865, 855, -0.0011999999405816197, -0.8251999591593631, False, 17.478111, -1.6895864, 0.0, -5.78113, 31.266142, 0.49000007, 15.1447
865, 856, -0.0011999999405816197, -0.8263999590999447, False, 17.358109, -1.0626435, 0.0, -2.2590492, 31.386559, 0.49000007, 15.325751
865, 857, -0.0011999999405816197, -0.8275999590405263, False, 17.238106, -0.69136655, 0.0, 0.69995034, 31.43431, 0.49000007, 15.321942
865, 858, -0.0011999999405816197, -0.8287999589811079, False, 17.118103, -0.76973635, 0.0, 3.0611744, 31.411783, 0.49000007, 15.179789
865, 859, -0.0011999999405816197, -0.8299999589216895, False, 16.9981, -1.0972185, 0.0, 5.1719427, 31.3178, 0.49000007, 14.921038
865, 860, -0.0011999999405816197, -0.8311999588622712, False, 16.878098, -1.5920522, 0.0, 7.0450363, 31.146193, 0.49000007, 14.564807
865, 861, -0.0011999999405816197, -0.8323999588028528, False, 16.758095, -2.2085552, 0.0, 8.68976, 30.891634, 0.49000007, 14.13003
865, 862, -0.0011999999405816197, -0.8335999587434344, False, 16.638092, -2.9110732, 0.0, 10.1178, 30.55024, 0.49000007, 13.635274
865, 863, -0.0011999999405816197, -0.834799958684016, False, 16.51809, -3.670004, 0.0, 11.342755, 30.119696, 0.49000007, 13.098607
865, 864, -0.0011999999405816197, -0.8359999586245976, False, 16.398087, -2.3344564, 0.0, 7.2150245, 29.776043, 0.49000007, 12.690122
865, 865, -0.0011999999405816197, -0.8371999585651793, False, 16.278084, -2.8710847, 0.0, 8.780245, 29.412888, 0.49000007, 12.31554
865, 866, -0.0011999999405816197, -0.8383999585057609, False, 16.158081, -3.499618, 0.0, 10.142735, 28.946577, 0.49000007, 11.915375
865, 867, -0.0011999999405816197, -0.8395999584463425, False, 16.038078, -2.2162995, 0.0, 6.423369, 28.57436, 0.49000007, 11.613601
865, 868, -0.0011999999405816197, -0.8407999583869241, False, 15.918078, -2.6866884, 0.0, 8.0783615, 28.180748, 0.49000007, 11.344294
865, 869, -0.0011999999405816197, -0.8419999583275057, False, 15.798079, -1.7488892, 0.0, 4.4234743, 27.896748, 0.49000007, 11.125904
865, 870, -0.0011999999405816197, -0.8431999582680874, False, 15.678079, -2.0730667, 0.0, 6.3196597, 27.599743, 0.49000007, 10.919894
865, 871, -0.0011999999405816197, -0.844399958208669, False, 15.558079, -0.8633294, 0.0, 4.0061593, 27.352316, 0.49000007, 10.764332
865, 872, -0.0011999999405816197, -0.8455999581492506, False, 15.438079, -1.2736804, 0.0, 6.014835, 27.06126, 0.49000007, 10.611689
865, 873, -0.0011999999405816197, -0.8467999580898322, False, 15.318079, -0.39075255, 0.0, 3.7453442, 26.819185, 0.49000007, 10.493866
865, 874, -0.0011999999405816197, -0.8479999580304138, False, 15.198079, -0.22727686, 0.0, 2.17844, 26.675287, 0.49000007, 10.423828
865, 875, -0.0011999999405816197, -0.8491999579709955, False, 15.078079, -0.5561744, 0.0, 4.4205146, 26.469141, 0.49000007, 10.338823
865, 876, -0.0011999999405816197, -0.8503999579115771, False, 14.958079, -0.054084778, 0.0, 2.6457572, 26.290428, 0.49000007, 10.269619
865, 877, -0.0011999999405816197, -0.8515999578521587, False, 14.838079, 0.122071445, 0.0, 1.4449587, 26.189028, 0.49000007, 10.230352
865, 878, -0.0011999999405816197, -0.8527999577927403, False, 14.71808, 0.0056292415, 0.0, -1.3878438, 26.214895, 0.49000007, 10.250474
865, 879, -0.0011999999405816197, -0.8539999577333219, False, 14.59808, -0.2905426, 0.0, -3.727025, 26.364592, 0.49000007, 10.34738
865, 880, -0.0011999999405816197, -0.8551999576739036, False, 14.47808, -0.76064706, 0.0, -5.8113246, 26.616789, 0.49000007, 10.527903
865, 881, -0.0011999999405816197, -0.8563999576144852, False, 14.35808, -1.3666375, 0.0, -7.649672, 26.951014, 0.49000007, 10.796705
865, 882, -0.0011999999405816197, -0.8575999575550668, False, 14.23808, -2.0731971, 0.0, -9.253729, 27.34747, 0.49000007, 11.156699
865, 883, -0.0011999999405816197, -0.8587999574956484, False, 14.11808, -2.849211, 0.0, -10.63731, 27.787106, 0.49000007, 11.6091175
865, 884, -0.0011999999405816197, -0.85999995743623, False, 13.99808, -3.6677954, 0.0, -11.815762, 28.2517, 0.49000007, 12.153569
865, 885, -0.0011999999405816197, -0.8611999573768117, False, 13.87808, -4.5061026, 0.0, -12.805411, 28.723938, 0.49000007, 12.788103
865, 886, -0.0011999999405816197, -0.8623999573173933, False, 13.7580805, -5.3450327, 0.0, -13.623087, 29.187517, 0.49000007, 13.509288
865, 887, -0.0011999999405816197, -0.8635999572579749, False, 13.638081, -5.7480574, 0.0, -8.69487, 29.591988, 0.49000007, 14.088194
865, 888, -0.0011999999405816197, -0.8647999571985565, False, 13.518081, -4.1904283, 0.0, -5.089157, 29.874956, 0.49000007, 14.457355
865, 889, -0.0011999999405816197, -0.8659999571391381, False, 13.398081, -4.261045, 0.0, -6.7312446, 30.087254, 0.49000007, 14.853473
865, 890, -0.0011999999405816197, -0.8671999570797198, False, 13.278081, -3.0814486, 0.0, -3.896916, 30.232544, 0.49000007, 15.174699
865, 891, -0.0011999999405816197, -0.8683999570203014, False, 13.158081, -3.1619778, 0.0, -5.7511563, 30.314175, 0.49000007, 15.525975
865, 892, -0.0011999999405816197, -0.869599956960883, False, 13.038081, -3.4369073, 0.0, -7.400051, 30.328606, 0.49000007, 15.983249
865, 893, -0.0011999999405816197, -0.8707999569014646, False, 12.918081, -3.8519032, 0.0, -8.855866, 30.268953, 0.49000007, 16.52969
865, 894, -0.0011999999405816197, -0.8719999568420462, False, 12.798081, -4.36699, 0.0, -10.12841, 30.129065, 0.49000007, 17.148735
865, 895, -0.0011999999405816197, -0.8731999567826279, False, 12.6780815, -4.5160007, 0.0, -5.6474795, 30.04637, 0.49000007, 17.647774
865, 896, -0.0011999999405816197, -0.8743999567232095, False, 12.558082, -3.4951344, 0.0, -2.4906373, 30.08422, 0.49000007, 17.955826
865, 897, -0.0011999999405816197, -0.8755999566637911, False, 12.438082, -2.796558, 0.0, 0.29107523, 30.212317, 0.49000007, 18.08606
865, 898, -0.0011999999405816197, -0.8767999566043727, False, 12.318082, -2.4741454, 0.0, 2.6217618, 30.39918, 0.49000007, 18.05837
865, 899, -0.0011999999405816197, -0.8779999565449543, False, 12.198082, -2.490686, 0.0, 4.660778, 30.625223, 0.49000007, 17.89099
865, 900, -0.0011999999405816197, -0.879199956485536, False, 12.078082, -2.7367935, 0.0, 6.475682, 30.874004, 0.49000007, 17.59491
865, 901, -0.0011999999405816197, -0.8803999564261176, False, 11.958082, -3.144288, 0.0, 8.083081, 31.129158, 0.49000007, 17.17914
865, 902, -0.0011999999405816197, -0.8815999563666992, False, 11.838082, -2.4891362, 0.0, 4.831742, 31.317265, 0.49000007, 16.843294
865, 903, -0.0011999999405816197, -0.8827999563072808, False, 11.718082, -2.2576697, 0.0, 1.1117196, 31.456459, 0.49000007, 16.70003
865, 904, -0.0011999999405816197, -0.8839999562478624, False, 11.598083, -2.117666, 0.0, 3.348916, 31.560478, 0.49000007, 16.526434
865, 905, -0.0011999999405816197, -0.885199956188444, False, 11.478083, -2.270421, 0.0, 5.3307304, 31.619717, 0.49000007, 16.221853
865, 906, -0.0011999999405816197, -0.8863999561290257, False, 11.358083, -2.6188197, 0.0, 7.0929036, 31.62548, 0.49000007, 15.803342
865, 907, -0.0011999999405816197, -0.8875999560696073, False, 11.238083, -3.1060488, 0.0, 8.646949, 31.568811, 0.49000007, 15.28727
865, 908, -0.0011999999405816197, -0.8887999560101889, False, 11.118083, -3.6916864, 0.0, 10.003061, 31.441637, 0.49000007, 14.68992
865, 909, -0.0011999999405816197, -0.8899999559507705, False, 10.998083, -4.3439856, 0.0, 11.172713, 31.237192, 0.49000007, 14.027543
865, 910, -0.0011999999405816197, -0.8911999558913521, False, 10.878083, -5.0370917, 0.0, 12.168657, 30.950197, 0.49000007, 13.316293
865, 911, -0.0011999999405816197, -0.8923999558319338, False, 10.758083, -5.7497635, 0.0, 13.00456, 30.576939, 0.49000007, 12.572126
865, 912, -0.0011999999405816197, -0.8935999557725154, False, 10.638083, -6.464608, 0.0, 13.694599, 30.115286, 0.49000007, 11.810696
865, 913, -0.0011999999405816197, -0.894799955713097, False, 10.518084, -7.1675625, 0.0, 14.253087, 29.56469, 0.49000007, 11.047229
865, 914, -0.0011999999405816197, -0.8959999556536786, False, 10.398084, -5.536691, 0.0, 8.625329, 29.129164, 0.49000007, 10.475648
865, 915, -0.0011999999405816197, -0.8971999555942602, False, 10.278084, -5.824791, 0.0, 9.783312, 28.681025, 0.49000007, 9.990765
865, 916, -0.0011999999405816197, -0.8983999555348419, False, 10.158084, -5.760201, 0.0, 5.229336, 28.345842, 0.49000007, 9.574959
865, 917, -0.0011999999405816197, -0.8995999554754235, False, 10.038084, -5.6554313, 0.0, 6.7385488, 27.995758, 0.49000007, 9.209966
865, 918, -0.0011999999405816197, -0.9007999554160051, False, 9.918084, -3.969198, 0.0, 3.8322601, 27.705477, 0.49000007, 8.948572
865, 919, -0.0011999999405816197, -0.9019999553565867, False, 9.798084, -3.9260614, 0.0, 5.631606, 27.37308, 0.49000007, 8.758555
865, 920, -0.0011999999405816197, -0.9031999552971683, False, 9.678084, -2.0478034, 0.0, 3.7123199, 27.099035, 0.49000007, 8.63147
865, 921, -0.0011999999405816197, -0.90439995523775, False, 9.5580845, -0.97352576, 0.0, 2.306663, 26.934143, 0.49000007, 8.555002
865, 922, -0.0011999999405816197, -0.9055999551783316, False, 9.438085, -0.5271846, 0.0, 1.2491064, 26.841427, 0.49000007, 8.512005
865, 923, -0.0011999999405816197, -0.9067999551189132, False, 9.318085, -0.70344365, 0.0, 3.5615158, 26.67166, 0.49000007, 8.481468
865, 924, -0.0011999999405816197, -0.9079999550594948, False, 9.198085, -1.0928814, 0.0, 5.62757, 26.369272, 0.49000007, 8.467396
865, 925, -0.0011999999405816197, -0.9091999550000764, False, 9.078085, -1.1850967, 0.0, 1.8704758, 26.171587, 0.49000007, 8.441075
865, 926, -0.0011999999405816197, -0.9103999549406581, False, 8.958085, -1.3128308, 0.0, 4.0746922, 25.956938, 0.49000007, 8.440507
865, 927, -0.0011999999405816197, -0.9115999548812397, False, 8.838085, -1.6632581, 0.0, 6.0404825, 25.625652, 0.49000007, 8.500806
865, 928, -0.0011999999405816197, -0.9127999548218213, False, 8.718085, -1.4019423, 0.0, 3.5782528, 25.357685, 0.49000007, 8.560743
865, 929, -0.0011999999405816197, -0.9139999547624029, False, 8.598085, -1.6861585, 0.0, 5.5878663, 25.066687, 0.49000007, 8.669296
865, 930, -0.0011999999405816197, -0.9151999547029845, False, 8.4780855, -2.141424, 0.0, 7.370671, 24.691586, 0.49000007, 8.867682
865, 931, -0.0011999999405816197, -0.9163999546435662, False, 8.358086, -2.2759333, 0.0, 3.3530698, 24.406158, 0.49000007, 8.993074
865, 932, -0.0011999999405816197, -0.9175999545841478, False, 8.238086, -2.406291, 0.0, 5.323412, 24.133183, 0.49000007, 9.147871
865, 933, -0.0011999999405816197, -0.9187999545247294, False, 8.118086, -2.2509592, 0.0, 1.5371683, 23.92994, 0.49000007, 9.227132
865, 934, -0.0011999999405816197, -0.919999954465311, False, 7.998086, -1.322674, 0.0, 0.71304893, 23.818747, 0.49000007, 9.243416
865, 935, -0.0011999999405816197, -0.9211999544058926, False, 7.878086, -0.57300735, 0.0, 0.3913037, 23.763016, 0.49000007, 9.251578
865, 936, -0.0011999999405816197, -0.9223999543464743, False, 7.758086, -0.14003792, 0.0, 0.07549395, 23.743958, 0.49000007, 9.254369
865, 937, -0.0011999999405816197, -0.9235999542870559, False, 7.6380863, 0.071585715, 0.0, 2.5546734, 23.699585, 0.49000007, 9.3495
865, 938, -0.0011999999405816197, -0.9247999542276375, False, 7.5180864, 0.05965674, 0.0, 4.7982597, 23.596046, 0.49000007, 9.570472
865, 939, -0.0011999999405816197, -0.9259999541682191, False, 7.3980865, 0.05119872, 0.0, 6.83325, 23.436693, 0.49000007, 9.904611
865, 940, -0.0011999999405816197, -0.9271999541088007, False, 7.2780867, 0.8532429, 0.0, 8.634241, 23.224447, 0.49000007, 10.34021
865, 941, -0.0011999999405816197, -0.9283999540493824, False, 7.158087, 1.313944, 0.0, 4.5825686, 23.075884, 0.49000007, 10.670345
865, 942, -0.0011999999405816197, -0.929599953989964, False, 7.038087, 1.7173421, 0.0, 6.4969177, 22.909317, 0.49000007, 10.994842
865, 943, -0.0011999999405816197, -0.9307999539305456, False, 6.918087, 1.8127565, 0.0, 2.6042695, 22.811125, 0.49000007, 11.232644
865, 944, -0.0011999999405816197, -0.9319999538711272, False, 6.798087, 1.9253485, 0.0, 4.6878886, 22.68177, 0.49000007, 11.463992
865, 945, -0.0011999999405816197, -0.9331999538117088, False, 6.678087, 1.44792, 0.0, 2.6858983, 22.559961, 0.49000007, 11.646851
865, 946, -0.0011999999405816197, -0.9343999537522905, False, 6.5580873, 1.082192, 0.0, -0.5690067, 22.566597, 0.49000007, 11.726589
865, 947, -0.0011999999405816197, -0.9355999536928721, False, 6.4380875, 0.62298095, 0.0, -3.1090124, 22.712212, 0.49000007, 11.729626
865, 948, -0.0011999999405816197, -0.9367999536334537, False, 6.3180876, 0.3530481, 0.0, -1.7619009, 22.844547, 0.49000007, 11.71881
865, 949, -0.0011999999405816197, -0.9379999535740353, False, 6.1980877, 0.18734065, 0.0, 1.1124564, 22.83408, 0.49000007, 11.736257
865, 950, -0.0011999999405816197, -0.9391999535146169, False, 6.078088, 0.14919281, 0.0, 3.4907777, 22.680119, 0.49000007, 11.790392
865, 951, -0.0011999999405816197, -0.9403999534551986, False, 5.958088, 0.2953571, 0.0, 1.9887896, 22.54012, 0.49000007, 11.837101
865, 952, -0.0011999999405816197, -0.9415999533957802, False, 5.838088, 0.25691354, 0.0, 0.9971919, 22.464605, 0.49000007, 11.862294
865, 953, -0.0011999999405816197, -0.9427999533363618, False, 5.718088, 0.4608908, 0.0, 3.3539922, 22.309326, 0.49000007, 11.883721
865, 954, -0.0011999999405816197, -0.9439999532769434, False, 5.5980883, 0.86749935, 0.0, 5.4606256, 22.0198, 0.49000007, 11.895713
865, 955, -0.0011999999405816197, -0.945199953217525, False, 5.4780884, 0.9797193, 0.0, 1.7350104, 21.834301, 0.49000007, 11.91827
865, 956, -0.0011999999405816197, -0.9463999531581067, False, 5.3580885, 1.1272452, 0.0, 3.966885, 21.63003, 0.49000007, 11.9175625
865, 957, -0.0011999999405816197, -0.9475999530986883, False, 5.2380886, 0.97955716, 0.0, 0.43806803, 21.517323, 0.49000007, 11.939765
865, 958, -0.0011999999405816197, -0.9487999530392699, False, 5.1180887, 0.5702318, 0.0, -2.2288294, 21.56751, 0.49000007, 12.018694
865, 959, -0.0011999999405816197, -0.9499999529798515, False, 4.998089, 0.09530902, 0.0, -4.53817, 21.741655, 0.49000007, 12.166039
865, 960, -0.0011999999405816197, -0.9511999529204331, False, 4.878089, -0.5107691, 0.0, -6.577115, 22.017004, 0.49000007, 12.391008
865, 961, -0.0011999999405816197, -0.9523999528610148, False, 4.758089, -0.7361686, 0.0, -3.9951146, 22.240429, 0.49000007, 12.575557
865, 962, -0.0011999999405816197, -0.9535999528015964, False, 4.638089, -1.1645877, 0.0, -6.015341, 22.477755, 0.49000007, 12.800732
865, 963, -0.0011999999405816197, -0.954799952742178, False, 4.5180893, -1.7350621, 0.0, -7.798854, 22.77354, 0.49000007, 13.13039
865, 964, -0.0011999999405816197, -0.9559999526827596, False, 4.3980894, -2.40861, 0.0, -9.356304, 23.108337, 0.49000007, 13.562915
865, 965, -0.0011999999405816197, -0.9571999526233412, False, 4.2780895, -3.15301, 0.0, -10.700641, 23.463646, 0.49000007, 14.095337
865, 966, -0.0011999999405816197, -0.9583999525639229, False, 4.1580896, -3.5167818, 0.0, -6.2537513, 23.763466, 0.49000007, 14.504111
865, 967, -0.0011999999405816197, -0.9595999525045045, False, 4.0380898, -3.8000615, 0.0, -7.822219, 24.028996, 0.49000007, 14.917386
865, 968, -0.0011999999405816197, -0.9607999524450861, False, 3.9180899, -3.7619684, 0.0, -3.6401105, 24.259708, 0.49000007, 15.217046
865, 969, -0.0011999999405816197, -0.9619999523856677, False, 3.79809, -3.723311, 0.0, -5.4760027, 24.450064, 0.49000007, 15.5313225
865, 970, -0.0011999999405816197, -0.9631999523262493, False, 3.67809, -3.8958592, 0.0, -7.1110706, 24.591679, 0.49000007, 15.964982
865, 971, -0.0011999999405816197, -0.964399952266831, False, 3.5580902, -3.7626667, 0.0, -3.006855, 24.732527, 0.49000007, 16.284105
865, 972, -0.0011999999405816197, -0.9655999522074126, False, 3.4380903, -2.4297757, 0.0, -1.5556607, 24.840916, 0.49000007, 16.46186
865, 973, -0.0011999999405816197, -0.9667999521479942, False, 3.3180904, -2.321695, 0.0, -3.7259865, 24.8706, 0.49000007, 16.68832
865, 974, -0.0011999999405816197, -0.9679999520885758, False, 3.1980906, -1.6000739, 0.0, -2.0533574, 24.87037, 0.49000007, 16.876974
865, 975, -0.0011999999405816197, -0.9691999520291574, False, 3.0780907, -1.155988, 0.0, 1.0610197, 24.934252, 0.49000007, 16.926493
865, 976, -0.0011999999405816197, -0.970399951969739, False, 2.9580908, -0.92878926, 0.0, 3.4677014, 25.08912, 0.49000007, 16.851967
865, 977, -0.0011999999405816197, -0.9715999519103207, False, 2.838091, -1.2735765, 0.0, 5.525071, 25.32834, 0.49000007, 16.672201
865, 978, -0.0011999999405816197, -0.9727999518509023, False, 2.718091, -1.7794812, 0.0, 7.3482246, 25.634003, 0.49000007, 16.389206
865, 979, -0.0011999999405816197, -0.9739999517914839, False, 2.5980911, -2.401925, 0.0, 8.946777, 25.986673, 0.49000007, 16.003748
865, 980, -0.0011999999405816197, -0.9751999517320655, False, 2.4780912, -3.105988, 0.0, 10.332558, 26.367697, 0.49000007, 15.517847
865, 981, -0.0011999999405816197, -0.9763999516726471, False, 2.3580914, -3.436556, 0.0, 5.9276824, 26.68561, 0.49000007, 15.149425
865, 982, -0.0011999999405816197, -0.9775999516132288, False, 2.2380915, -3.2195938, 0.0, 2.0022528, 26.918116, 0.49000007, 14.99139
865, 983, -0.0011999999405816197, -0.9787999515538104, False, 2.1180916, -2.5836146, 0.0, -1.2604452, 27.086967, 0.49000007, 15.017251
865, 984, -0.0011999999405816197, -0.979999951494392, False, 1.9980917, -1.8373233, 0.0, -3.9113932, 27.219845, 0.49000007, 15.196677
865, 985, -0.0011999999405816197, -0.9811999514349736, False, 1.8780918, -1.0253252, 0.0, -6.182871, 27.343744, 0.49000007, 15.5097275
865, 986, -0.0011999999405816197, -0.9823999513755552, False, 1.7580919, -1.6316197, 0.0, -7.961668, 27.474058, 0.49000007, 15.941747
865, 987, -0.0011999999405816197, -0.9835999513161369, False, 1.638092, -1.5327265, 0.0, -4.8371754, 27.570751, 0.49000007, 16.288431
865, 988, -0.0011999999405816197, -0.9847999512567185, False, 1.5180922, -1.9313698, 0.0, -6.7082353, 27.638206, 0.49000007, 16.663658
865, 989, -0.0011999999405816197, -0.9859999511973001, False, 1.3980923, -2.4688199, 0.0, -8.358044, 27.673695, 0.49000007, 17.151201
865, 990, -0.0011999999405816197, -0.9871999511378817, False, 1.2780924, -2.6689572, 0.0, -4.210176, 27.723198, 0.49000007, 17.518015
865, 991, -0.0011999999405816197, -0.9883999510784633, False, 1.1580925, -2.3326442, 0.0, -0.57944393, 27.818325, 0.49000007, 17.674475
865, 992, -0.0011999999405816197, -0.989599951019045, False, 1.0380926, -1.8433385, 0.0, 2.1216435, 27.958874, 0.49000007, 17.658703
865, 993, -0.0011999999405816197, -0.9907999509596266, False, 0.91809255, -1.8939872, 0.0, 4.2572737, 28.14125, 0.49000007, 17.501797
865, 994, -0.0011999999405816197, -0.9919999509002082, False, 0.7980925, -2.1795745, 0.0, 6.1594744, 28.351414, 0.49000007, 17.216125
865, 995, -0.0011999999405816197, -0.9931999508407898, False, 0.6780924, -2.6274142, 0.0, 7.8442297, 28.57246, 0.49000007, 16.810394
865, 996, -0.0011999999405816197, -0.9943999507813714, False, 0.55809236, -2.7476463, 0.0, 3.7408786, 28.759972, 0.49000007, 16.518328
865, 997, -0.0011999999405816197, -0.9955999507219531, False, 0.43809235, -2.342698, 0.0, 0.18695182, 28.909437, 0.49000007, 16.434132
865, 998, -0.0011999999405816197, -0.9967999506625347, False, 0.31809238, -1.2538782, 0.0, -0.03146243, 29.00354, 0.49000007, 16.419956
865, 999, -0.0011999999405816197, -0.9979999506031163, False, 0.1980924, -1.1180056, 0.0, 2.4085524, 29.044558, 0.49000007, 16.309368
865, 1000, -0.0011999999405816197, -0.9991999505436979, False, 0.07809241, -1.3185271, 0.0, 4.560081, 29.033924, 0.49000007, 16.066698
865, 1001, -0.0007999999797903001, -0.9999999505234882, True, 0.0, -1.614702, 0.0, 5.1712418, 29.017607, 0.49000007, 15.959584
