episode, step, reward, cumulative reward, done, health, vx, vy, vz, px, py, pz
1740, 1, 0.0, 0.0, False, 99.92, 0.0, -0.1899216, 0.0, 20.0, 12.506202, 2.0
1740, 2, -0.0023999998811632395, -0.0023999998811632395, False, 99.67999, 0.0, -0.7239932, 0.0, 20.0, 12.473212, 2.0
1740, 3, -0.0023999998811632395, -0.004799999762326479, False, 99.43999, 0.0, -1.208417, 0.0, 20.0, 12.410187, 2.0
1740, 4, -0.0023999998811632395, -0.0071999996434897184, False, 99.19998, 0.0, -1.6478084, 0.0, 20.0, 12.319916, 2.0
1740, 5, -0.0023999998811632395, -0.009599999524652958, False, 98.95998, 0.0, -2.0463536, 0.0, 20.0, 12.204933, 2.0
1740, 6, -0.0023999998811632395, -0.011999999405816197, False, 98.71997, 0.0, -2.4078496, 0.0, 20.0, 12.067535, 2.0
1740, 7, -0.0023999998811632395, -0.014399999286979437, False, 98.479965, 0.0, -2.7357404, 0.0, 20.0, 11.909806, 2.0
1740, 8, -0.0023999998811632395, -0.016799999168142676, False, 98.23996, 0.0, -3.0331504, 0.0, 20.0, 11.733636, 2.0
1740, 9, -0.0023999998811632395, -0.019199999049305916, False, 97.999954, 0.0, -3.302913, 0.0, 20.0, 11.54074, 2.0
1740, 10, -0.0023999998811632395, -0.021599998930469155, False, 97.75995, 0.0, -3.5475981, 0.0, 20.0, 11.332672, 2.0
1740, 11, -0.0023999998811632395, -0.023999998811632395, False, 97.51994, 0.0, -3.7695372, 0.0, 20.0, 11.110842, 2.0
1740, 12, -0.0023999998811632395, -0.026399998692795634, False, 97.27994, 7.099603e-05, 0.00021719933, 0.0004153068, 19.999949, 10.986475, 2.0076442
1740, 13, -0.0023999998811632395, -0.028799998573958874, False, 97.03993, -1.661955e-05, 2.2351742e-07, 0.00012161606, 19.999952, 10.994382, 2.0096586
1740, 14, -0.0023999998811632395, -0.031199998455122113, False, 96.79993, -9.442089e-07, -4.172325e-06, -2.83978e-06, 19.999958, 10.994442, 2.0097153
1740, 15, -0.0023999998811632395, -0.03359999833628535, False, 96.55992, -0.19395876, -0.5517306, 2.8042195, 20.026203, 10.972133, 2.1203063
1740, 16, -0.0023999998811632395, -0.03599999821744859, False, 96.319916, -0.29980057, -0.4499457, 1.7035213, 20.056768, 10.936527, 2.2420619
1740, 17, -0.0023999998811632395, -0.03839999809861183, False, 96.07991, -0.26695675, -0.23577489, 0.931577, 20.07415, 10.918957, 2.3117437
1740, 18, -0.0023999998811632395, -0.04079999797977507, False, 95.839905, -0.01118356, 0.26644662, -1.326137, 20.048748, 10.92672, 2.2802866
1740, 19, -0.0023999998811632395, -0.04319999786093831, False, 95.5999, -0.31232715, 0.63855135, -3.1315851, 19.957947, 10.957615, 2.1566505
1740, 20, -0.0023999998811632395, -0.04559999774210155, False, 95.35989, 0.11074662, 0.9830841, -4.7824383, 19.813194, 11.010025, 1.9469954
1740, 21, -0.0023999998811632395, -0.04799999762326479, False, 95.11989, -0.5461414, 1.2861809, -6.2578855, 19.613106, 11.081124, 1.6625812
1740, 22, -0.0023999998811632395, -0.05039999750442803, False, 94.87988, 0.19451475, 1.570271, -7.6246433, 19.368986, 11.169944, 1.3072798
1740, 23, -0.0023999998811632395, -0.05279999738559127, False, 94.63988, -0.7432046, 1.818282, -8.829186, 19.078632, 11.274041, 0.89086616
1740, 24, -0.0023999998811632395, -0.05519999726675451, False, 94.39987, -1.0249188, 1.124048, -5.3786106, 18.85604, 11.354152, 0.5706705
1740, 25, -0.0023999998811632395, -0.05759999714791775, False, 94.15987, -0.6908063, 0.05225911, 0.67905045, 18.778412, 11.378168, 0.5174458
1740, 26, -0.0023999998811632395, -0.05999999702908099, False, 93.91986, -0.36481586, -0.5043257, 3.4822698, 18.78583, 11.358799, 0.67467123
1740, 27, -0.0023999998811632395, -0.062399996910244226, False, 93.679855, 0.0010701418, -1.00917, 3.175841, 18.80648, 11.308126, 0.8705046
1740, 28, -0.0023999998811632395, -0.06479999679140747, False, 93.43985, 0.28504118, -1.0539398, 2.7395337, 18.824903, 11.237334, 1.0456232
1740, 29, -0.0023999998811632395, -0.0671999966725707, False, 93.199844, 0.69936454, -1.2687767, 5.1765323, 18.837965, 11.170486, 1.3088461
1740, 30, -0.0023999998811632395, -0.06959999655373394, False, 92.95984, 1.3156298, -1.702557, 7.407511, 18.83211, 11.07682, 1.715226
1740, 31, -0.0023999998811632395, -0.07199999643489718, False, 92.71983, 2.0830674, -2.0960126, 9.361582, 18.79162, 10.958757, 2.2487047
1740, 32, -0.0023999998811632395, -0.07439999631606042, False, 92.47983, 1.8894238, -2.452892, 9.39836, 18.722961, 10.818566, 2.839134
1740, 33, -0.0023999998811632395, -0.07679999619722366, False, 92.23982, 2.5954673, -2.7765958, 8.298842, 18.660685, 10.658304, 3.3746767
1740, 34, -0.0023999998811632395, -0.0791999960783869, False, 91.99982, 3.264095, -2.559694, 9.898372, 18.557034, 10.508298, 3.954532
1740, 35, -0.0023999998811632395, -0.08159999595955014, False, 91.75981, 4.076883, -2.8734694, 11.423775, 18.37853, 10.342029, 4.6255016
1740, 36, -0.0023999998811632395, -0.08399999584071338, False, 91.519806, 4.954701, -3.158076, 12.7227335, 18.117424, 10.158113, 5.370412
1740, 37, -0.0023999998811632395, -0.08639999572187662, False, 91.2798, 4.4941072, -3.4162254, 14.352083, 17.769634, 9.958191, 6.173119
1740, 38, -0.0023999998811632395, -0.08879999560303986, False, 91.039795, 4.076333, -3.6503768, 15.829966, 17.341278, 9.74375, 7.026592
1740, 39, -0.0023999998811632395, -0.0911999954842031, False, 90.79979, 1.982317, -3.8627615, 17.47045, 16.84188, 9.51614, 7.927852
1740, 40, -0.0023999998811632395, -0.09359999536536634, False, 90.559784, 1.7918401, -4.041038, 18.654566, 16.287653, 9.276876, 8.880139
1740, 41, -0.0023999998811632395, -0.09599999524652958, False, 90.31978, 1.6252689, -4.2171063, 19.732489, 15.68567, 9.027295, 9.880145
1740, 42, -0.0023999998811632395, -0.09839999512769282, False, 90.07977, 1.474184, -4.3768077, 20.710205, 15.040474, 8.767812, 10.92369
1740, 43, -0.0023999998811632395, -0.10079999500885606, False, 89.83977, 1.337141, -4.5216627, 21.597029, 14.356083, 8.499347, 12.006725
1740, 44, -0.0023999998811632395, -0.1031999948900193, False, 89.59976, 1.2468901, -3.5019412, 16.378187, 13.779107, 8.264232, 12.930606
1740, 45, -0.0023999998811632395, -0.10559999477118254, False, 89.35976, 1.1309772, -3.7281246, 17.66772, 13.227581, 8.044973, 13.809019
1740, 46, -0.0023999998811632395, -0.10799999465234578, False, 89.11975, 1.0258398, -3.933282, 18.83738, 12.628152, 7.8129907, 14.742276
1740, 47, -0.0023999998811632395, -0.11039999453350902, False, 88.879745, 0.93047523, -4.119367, 19.898308, 11.985272, 7.5694695, 15.725277
1740, 48, -0.0023999998811632395, -0.11279999441467226, False, 88.63974, -1.2411957, -4.288154, 20.842115, 11.305191, 7.3154826, 16.754917
1740, 49, -0.0023999998811632395, -0.1151999942958355, False, 88.399734, -2.22547, -2.8875117, 13.469216, 10.780476, 7.109441, 17.550398
1740, 50, -0.0023999998811632395, -0.11759999417699873, False, 88.15973, -2.3420546, -1.8442817, 8.517017, 10.44096, 6.980361, 18.065992
1740, 51, -0.0023999998811632395, -0.11999999405816197, False, 87.91972, -2.0634854, -1.1807064, 5.266289, 10.222516, 6.897459, 18.397589
1740, 52, -0.0023999998811632395, -0.12239999393932521, False, 87.67972, -1.6378193, -0.7419319, 3.1556206, 10.08409, 6.8449697, 18.607546
1740, 53, -0.0023999998811632395, -0.12479999382048845, False, 87.43971, -1.1950772, -0.4518183, 1.8066767, 9.998587, 6.8125877, 18.73707
1740, 54, -0.0023999998811632395, -0.1271999937016517, False, 87.19971, -1.4432957, -0.9615438, 4.3206644, 9.934053, 6.7648687, 18.95231
1740, 55, -0.0023999998811632395, -0.12959999358281493, False, 86.9597, -1.3091259, -1.4238846, 6.7310753, 9.89061, 6.6884823, 19.315542
1740, 56, -0.0023999998811632395, -0.13199999346397817, False, 86.719696, -0.38256395, -1.8432461, 8.032836, 9.865494, 6.586093, 19.793669
1740, 57, -0.0023999998811632395, -0.1343999933451414, False, 86.47969, -1.106706, -2.223623, 7.209911, 9.843978, 6.4601183, 20.245445
1740, 58, -0.0023999998811632395, -0.13679999322630465, False, 86.239685, -1.0380342, -0.00032679737, 3.9451108, 9.830973, 6.48378, 20.521896
1740, 59, -0.0023999998811632395, -0.1391999931074679, False, 85.99968, -0.9028822, -0.00025252998, 0.42200208, 9.797673, 6.48397, 20.627964
1740, 60, -0.0023999998811632395, -0.14159999298863113, False, 85.759674, -0.33962947, -0.00030378997, 0.117427714, 9.773482, 6.4839735, 20.650597
1740, 61, -0.0023999998811632395, -0.14399999286979437, False, 85.51967, -0.084379196, -0.00038422644, -2.4034777, 9.718495, 6.4839706, 20.571993
1740, 62, -0.0023999998811632395, -0.1463999927509576, False, 85.27966, -0.07135177, -0.00044621527, -4.6611857, 9.59688, 6.4839673, 20.370295
1740, 63, -0.0023999998811632395, -0.14879999263212085, False, 85.03966, 0.54152036, -0.00044597685, -6.686069, 9.410061, 6.483961, 20.059704
1740, 64, -0.0023999998811632395, -0.1511999925132841, False, 84.79965, 0.82314634, 1.4266591, -7.004138, 9.186557, 6.5637283, 19.73313
1740, 65, -0.0023999998811632395, -0.15359999239444733, False, 84.55965, 1.2242918, 0.7931099, -3.3853884, 9.037173, 6.62364, 19.49301
1740, 66, -0.0023999998811632395, -0.15599999227561057, False, 84.31964, 1.0758103, 0.2368438, -0.22362036, 9.027216, 6.6487436, 19.392607
1740, 67, -0.0023999998811632395, -0.1583999921567738, False, 84.079636, 0.9708477, -0.24776605, 2.5589542, 9.140993, 6.643315, 19.41428
1740, 68, -0.0023999998811632395, -0.16079999203793705, False, 83.83963, 0.34722662, 0.13327418, -0.44065875, 9.180356, 6.6455774, 19.405521
1740, 69, -0.0023999998811632395, -0.16319999191910028, False, 83.599625, 0.3374468, -0.2746922, 2.33305, 9.261403, 6.6369896, 19.439566
1740, 70, -0.0023999998811632395, -0.16559999180026352, False, 83.35962, 0.7526622, -0.66608286, 4.8173285, 9.468087, 6.604992, 19.567553
1740, 71, -0.0023999998811632395, -0.16799999168142676, False, 83.11961, 0.2600229, -0.11937407, 1.1645426, 9.593317, 6.5875144, 19.637447
1740, 72, -0.0023999998811632395, -0.17039999156259, False, 82.87961, -0.06736928, 0.21444497, -1.3701823, 9.563361, 6.5942, 19.610922
1740, 73, -0.0023999998811632395, -0.17279999144375324, False, 82.6396, 0.14441001, 0.5147306, -3.3239527, 9.43834, 6.619568, 19.509455
1740, 74, -0.0023999998811632395, -0.17519999132491648, False, 82.3996, 0.2737128, 0.28466186, -1.8158464, 9.331016, 6.6409106, 19.42399
1740, 75, -0.0023999998811632395, -0.17759999120607972, False, 82.15959, 0.26815125, -0.110747635, 1.1217372, 9.34804, 6.642016, 19.419466
1740, 76, -0.0023999998811632395, -0.17999999108724296, False, 81.919586, 0.07021262, -0.049675062, 0.51571643, 9.387511, 6.6379237, 19.43581
1740, 77, -0.0023999998811632395, -0.1823999909684062, False, 81.67958, 0.13082445, -0.36986905, 3.1846395, 9.511069, 6.6220055, 19.49947
1740, 78, -0.0023999998811632395, -0.18479999084956944, False, 81.439575, 8.414647e-05, -0.0007454753, -7.5483826e-05, 9.560521, 6.6159916, 19.523724
1740, 79, -0.0023999998811632395, -0.18719999073073268, False, 81.19957, 0.08194488, 0.28305116, -2.1412747, 9.48812, 6.6277337, 19.476742
1740, 80, -0.0023999998811632395, -0.18959999061189592, False, 80.959564, -0.33868706, 0.5305464, -4.0905933, 9.310022, 6.6546016, 19.369253
1740, 81, -0.0023999998811632395, -0.19199999049305916, False, 80.71956, -0.85616446, 0.80252004, -5.761878, 9.044278, 6.6973658, 19.19821
1740, 82, -0.0023999998811632395, -0.1943999903742224, False, 80.47955, -0.7772074, 1.0746982, -7.3026485, 8.709017, 6.7566967, 18.960896
1740, 83, -0.0023999998811632395, -0.19679999025538564, False, 80.23955, -1.164194, 0.4868242, -3.6700013, 8.459561, 6.7976694, 18.796871
1740, 84, -0.0023999998811632395, -0.19919999013654888, False, 79.99954, -1.1950129, -0.09587161, -0.39063275, 8.347425, 6.803531, 18.773485
1740, 85, -0.0023999998811632395, -0.20159999001771212, False, 79.75954, -0.92106414, -0.6386861, 2.5651448, 8.344761, 6.775831, 18.888721
1740, 86, -0.0023999998811632395, -0.20399998989887536, False, 79.51953, -0.83544147, -1.1310401, 5.1387506, 8.4288845, 6.7176027, 19.13803
1740, 87, -0.0023999998811632395, -0.2063999897800386, False, 79.279526, -0.9085252, -0.42859375, 1.4259834, 8.470498, 6.671137, 19.302887
1740, 88, -0.0023999998811632395, -0.20879998966120183, False, 79.03952, -1.1463281, -0.93560565, 4.0035725, 8.545299, 6.624864, 19.488096
1740, 89, -0.0023999998811632395, -0.21119998954236507, False, 78.799515, -0.45367527, -1.3846656, 6.5202656, 8.72227, 6.5508046, 19.784397
1740, 90, -0.0023999998811632395, -0.2135999894235283, False, 78.55951, -0.7983751, -0.6236509, 2.634441, 8.838042, 6.4986258, 19.992834
1740, 91, -0.0023999998811632395, -0.21599998930469155, False, 78.3195, -0.49257633, -0.013712704, -0.48309812, 8.829422, 6.486785, 20.039715
1740, 92, -0.0023999998811632395, -0.2183999891858548, False, 78.0795, -0.10770745, -0.0022089481, -0.13321741, 8.809868, 6.4866376, 20.040918
1740, 93, -0.0023999998811632395, -0.22079998906701803, False, 77.83949, -0.23406374, -0.0045443326, 2.3476095, 8.884504, 6.484, 20.098602
1740, 94, -0.0023999998811632395, -0.22319998894818127, False, 77.59949, -0.10193598, -0.00031164289, -0.7595859, 8.888884, 6.48398, 20.113384
1740, 95, -0.0023999998811632395, -0.2255999888293445, False, 77.35948, -0.006522637, -0.00028648973, -0.20699188, 8.867223, 6.483978, 20.107018
1740, 96, -0.0023999998811632395, -0.22799998871050775, False, 77.11948, -0.005271673, -0.00028908253, 2.2932975, 8.951459, 6.483976, 20.134697
1740, 97, -0.0023999998811632395, -0.230399988591671, False, 76.87947, -0.131021, -0.00019448996, 1.2096165, 9.039407, 6.4839787, 20.16352
1740, 98, -0.0023999998811632395, -0.23279998847283423, False, 76.639465, -0.10734126, -0.00018049777, 0.49328685, 9.0804615, 6.4839787, 20.177017
1740, 99, -0.0023999998811632395, -0.23519998835399747, False, 76.39946, 0.0550835, -0.00021855533, -2.0390408, 9.007489, 6.483982, 20.176182
1740, 100, -0.0023999998811632395, -0.2375999882351607, False, 76.159454, 0.40043637, -0.00020970404, -4.3093715, 8.792571, 6.483983, 20.175882
1740, 101, -0.0023999998811632395, -0.23999998811632395, False, 75.91945, 0.9097531, -0.00020009279, -6.32705, 8.449833, 6.483985, 20.192814
1740, 102, -0.0023999998811632395, -0.2423999879974872, False, 75.67944, 1.5453155, -0.00020033121, -8.101734, 7.993866, 6.483988, 20.241688
1740, 103, -0.0023999998811632395, -0.24479998787865043, False, 75.43944, 2.2737887, -0.0002066344, -9.645443, 7.439622, 6.483967, 20.335354
1740, 104, -0.0023999998811632395, -0.24719998775981367, False, 75.19943, 2.0631237, -0.00026606023, -5.902876, 7.005748, 6.483977, 20.4176
1740, 105, -0.0023999998811632395, -0.2495999876409769, False, 74.95943, 1.6368315, -0.00035755336, -3.468227, 6.736527, 6.483984, 20.468637
1740, 106, -0.0023999998811632395, -0.25199998752214015, False, 74.71942, 1.8738431, -0.0002887845, -5.471714, 6.4469585, 6.483993, 20.573538
1740, 107, -0.0023999998811632395, -0.2543999874033034, False, 74.479416, 2.2913756, -0.00026077032, -7.25098, 6.0769854, 6.4840045, 20.772985
1740, 108, -0.0023999998811632395, -0.2567999872844666, False, 74.23941, 2.6418498, 0.31910372, -8.506083, 5.672355, 6.51571, 21.05603
1740, 109, -0.0023999998811632395, -0.25919998716562986, False, 73.999405, 2.4396036, 1.6142893, -5.370233, 5.2997937, 6.5516524, 21.314344
1740, 110, -0.0023999998811632395, -0.2615999870467931, False, 73.7594, 2.2128158, 0.9124968, -7.683075, 4.944433, 6.620134, 21.570032
1740, 111, -0.0023999998811632395, -0.26399998692795634, False, 73.519394, 1.8063996, 0.19317648, -6.271965, 4.6252337, 6.644013, 21.818823
1740, 112, -0.0023999998811632395, -0.2663999868091196, False, 73.27939, 2.2241554, -0.37650815, -5.4864864, 4.3357067, 6.632569, 22.044485
1740, 113, -0.0023999998811632395, -0.2687999866902828, False, 73.03938, 1.4861609, -0.8932345, -5.1600733, 4.0730944, 6.5890856, 22.24917
1740, 114, -0.0023999998811632395, -0.27119998657144606, False, 72.79938, 1.5395811, -0.16137514, -5.6057196, 3.8466415, 6.584708, 22.453989
1740, 115, -0.0023999998811632395, -0.2735999864526093, False, 72.55937, 0.92789346, -0.0016378462, -2.001031, 3.6874146, 6.583901, 22.575197
1740, 116, -0.0023999998811632395, -0.27599998633377254, False, 72.31937, 0.5945009, -0.00032272935, -0.99412197, 3.610095, 6.5838943, 22.618265
1740, 117, -0.0023999998811632395, -0.2783999862149358, False, 72.07936, 0.7287903, -0.00035195053, -3.3287208, 3.5077386, 6.5838904, 22.739887
1740, 118, -0.0023999998811632395, -0.280799986096099, False, 71.839355, 0.6435094, -0.37408093, -5.7260175, 3.351555, 6.5726023, 22.992588
1740, 119, -0.0023999998811632395, -0.28319998597726226, False, 71.59935, 1.2835599, -0.8910329, -6.9410696, 3.150362, 6.529255, 23.35877
1740, 120, -0.0023999998811632395, -0.2855999858584255, False, 71.359344, 0.43558443, -0.0017639399, -5.570666, 2.9688547, 6.4839954, 23.69341
1740, 121, -0.0023999998811632395, -0.28799998573958874, False, 71.11934, 1.024553, 0.7002655, -6.864029, 2.785859, 6.497992, 24.051517
1740, 122, -0.0023999998811632395, -0.290399985620752, False, 70.87933, 0.75274086, -0.019444421, -5.0430136, 2.6394506, 6.509528, 24.345308
1740, 123, -0.0023999998811632395, -0.2927999855019152, False, 70.63933, 0.19986737, -0.5407359, -4.6033726, 2.5116992, 6.4867005, 24.601664
1740, 124, -0.0023999998811632395, -0.29519998538307846, False, 70.39932, 0.109179854, -0.004436493, -2.5328226, 2.429058, 6.4840217, 24.767586
1740, 125, -0.0023999998811632395, -0.2975999852642417, False, 70.15932, 0.4922663, -7.480383e-05, -4.7477255, 2.3275015, 6.4839993, 24.987888
1740, 126, -0.0023999998811632395, -0.29999998514540493, False, 69.91931, 1.0310788, -4.544854e-05, -6.714276, 2.1911638, 6.4839993, 25.32979
1740, 127, -0.0023999998811632395, -0.3023999850265682, False, 69.679306, 0.635651, -4.798174e-05, -4.1435533, 2.0854247, 6.4839997, 25.609224
1740, 128, -0.0023999998811632395, -0.3047999849077314, False, 69.4393, 1.0864601, 0.0073961616, -6.1413536, 1.9857377, 6.485377, 25.927538
1740, 129, -0.0023999998811632395, -0.30719998478889465, False, 69.199295, 1.0478657, -0.034520738, -3.6024644, 1.9131558, 6.496713, 26.177227
1740, 130, -0.0023999998811632395, -0.3095999846700579, False, 68.95929, 0.68331474, -0.066010565, -0.3093101, 1.8601012, 6.484353, 26.262463
1740, 131, -0.0023999998811632395, -0.31199998455122113, False, 68.719284, 0.6955266, -0.0010033995, -2.6857395, 1.8298237, 6.4840045, 26.37924
1740, 132, -0.0023999998811632395, -0.31439998443238437, False, 68.47928, 0.4281802, -0.00025974214, 0.46297696, 1.801536, 6.4840074, 26.412369
1740, 133, -0.0023999998811632395, -0.3167999843135476, False, 68.23927, 0.32680368, -0.000129655, 2.9075806, 1.7671936, 6.483999, 26.288582
1740, 134, -0.0023999998811632395, -0.31919998419471085, False, 67.99927, 0.2632807, 0.48220718, 4.5515184, 1.7237298, 6.4936395, 26.03923
1740, 135, -0.0023999998811632395, -0.3215999840758741, False, 67.75926, 0.23880595, -0.11434599, 6.9404683, 1.6703578, 6.498451, 25.673119
1740, 136, -0.0023999998811632395, -0.32399998395703733, False, 67.51926, 0.20802265, -0.06760159, 8.754737, 1.6054476, 6.4843435, 25.181948
1740, 137, -0.0023999998811632395, -0.32639998383820057, False, 67.27925, 0.1817838, -0.00076423585, 10.3856535, 1.5323673, 6.484008, 24.595758
1740, 138, -0.0023999998811632395, -0.3287999837193638, False, 67.039246, 0.16017401, -0.00021626055, 11.900974, 1.4508432, 6.4840026, 23.916159
1740, 139, -0.0023999998811632395, -0.33119998360052705, False, 66.79924, 0.14164567, -0.00019469857, 13.275699, 1.361584, 6.4840035, 23.151667
1740, 140, -0.0023999998811632395, -0.3335999834816903, False, 66.559235, 0.12547779, -0.00014865398, 14.522606, 1.2652375, 6.4839997, 22.310173
1740, 141, -0.0023999998811632395, -0.3359999833628535, False, 66.31923, 0.0877288, 0.74143803, 8.659855, 1.1942624, 6.520211, 21.691442
1740, 142, -0.0023999998811632395, -0.33839998324401677, False, 66.07922, 0.07957357, 0.12078656, 7.8548284, 1.1384413, 6.5396023, 21.207586
1740, 143, -0.0023999998811632395, -0.34079998312518, False, 65.83922, 0.07217628, -0.44216865, 7.124638, 1.0878096, 6.524087, 20.76871
1740, 144, -0.0023999998811632395, -0.34319998300634325, False, 65.59921, 0.063096106, -0.4786454, 6.177848, 1.0425239, 6.4863887, 20.37628
1740, 145, -0.0023999998811632395, -0.3455999828875065, False, 65.35921, -0.27538168, -0.0038117915, 2.1884468, 1.0203801, 6.4840097, 20.171764
1740, 146, -0.0023999998811632395, -0.3479999827686697, False, 65.1192, -0.1483972, 0.7633299, 3.5636988, 0.99136764, 6.5039477, 19.974264
1740, 147, -0.0023999998811632395, -0.35039998264983296, False, 64.879196, -0.13764495, 0.16978201, 0.39127558, 0.9819324, 6.526455, 19.889526
1740, 148, -0.0023999998811632395, -0.3527999825309962, False, 64.63919, -0.20541897, 0.53838015, 2.2276464, 0.9638566, 6.5492716, 19.790741
1740, 149, -0.0023999998811632395, -0.35519998241215944, False, 64.399185, -0.10444832, 0.9201268, 3.868632, 0.9100253, 6.5973606, 19.5983
1740, 150, -0.0023999998811632395, -0.3575999822933227, False, 64.15918, -0.03698063, 1.2687575, 5.356505, 0.82335544, 6.667048, 19.319532
1740, 151, -0.0023999998811632395, -0.3599999821744859, False, 63.919174, 0.01457572, 1.5857911, 6.706267, 0.7076319, 6.7563777, 18.962204
1740, 152, -0.0023999998811632395, -0.36239998205564916, False, 63.67917, -0.678668, 1.8674853, 7.9069, 0.56343925, 6.863381, 18.534174
1740, 153, -0.0023999998811632395, -0.3647999819368124, False, 63.439163, -1.7072176, 0.8580853, 3.073628, 0.5002918, 6.9448366, 18.18492
1740, 154, -0.0023999998811632395, -0.36719998181797564, False, 63.199158, -1.0196257, 0.40002725, 1.4041586, 0.50000226, 6.979865, 18.05093
1740, 155, -0.0023999998811632395, -0.3695999816991389, False, 62.959152, -0.8547095, -0.15925224, -1.6175686, 0.5661478, 6.9853954, 18.045828
1740, 156, -0.0023999998811632395, -0.3719999815803021, False, 62.719147, -0.304748, 0.21450853, 0.96329796, 0.57323337, 6.992336, 18.018229
1740, 157, -0.0023999998811632395, -0.37439998146146536, False, 62.47914, -0.17745084, -0.24516635, -1.9117717, 0.6287222, 6.9862466, 18.042511
1740, 158, -0.0023999998811632395, -0.3767999813426286, False, 62.239136, 0.009568989, -0.13306598, -1.0438927, 0.6962198, 6.9762, 18.082668
1740, 159, -0.0023999998811632395, -0.37919998122379184, False, 61.99913, -0.041225135, 0.15964746, 1.5011079, 0.6557802, 6.981138, 18.062775
1740, 160, -0.0023999998811632395, -0.3815999811049551, False, 61.759125, -0.026774794, -0.10256223, -1.409349, 0.68553656, 6.9795756, 18.069202
1740, 161, -0.0023999998811632395, -0.3839999809861183, False, 61.51912, 0.0548245, -0.04933256, -0.6760777, 0.73713964, 6.975632, 18.084991
1740, 162, -0.0023999998811632395, -0.38639998086728156, False, 61.279114, 0.2522937, -0.14663795, -3.1858118, 0.8768445, 6.9684143, 18.113867
1740, 163, -0.0023999998811632395, -0.3887999807484448, False, 61.03911, 0.6691721, -0.16804346, -5.3845415, 1.1561257, 6.9584303, 18.15383
1740, 164, -0.0023999998811632395, -0.39119998062960804, False, 60.799103, 0.8210526, -0.1598574, -1.7333899, 1.3340713, 6.948931, 18.191788
1740, 165, -0.0023999998811632395, -0.3935999805107713, False, 60.559097, 0.5758617, -0.20716302, 1.2745624, 1.3218515, 6.937754, 18.236332
1740, 166, -0.0023999998811632395, -0.3959999803919345, False, 60.31909, 0.14862597, -0.33115196, 3.828926, 1.1541829, 6.920641, 18.304802
1740, 167, -0.0023999998811632395, -0.39839998027309775, False, 60.079086, 0.01450862, -0.03277734, 0.28348023, 1.0740792, 6.9124537, 18.3374
1740, 168, -0.0023999998811632395, -0.400799980154261, False, 59.83908, 0.17451394, 0.2059699, -1.9637616, 1.1420808, 6.9200897, 18.307402
1740, 169, -0.0023999998811632395, -0.40319998003542423, False, 59.599075, 0.18204418, 0.10078635, -0.944819, 1.2110558, 6.928065, 18.27541
1740, 170, -0.0023999998811632395, -0.40559997991658747, False, 59.35907, 0.08359359, 0.030580983, -0.28228524, 1.2380372, 6.931203, 18.262857
1740, 171, -0.0023999998811632395, -0.4079999797977507, False, 59.119064, 0.2675395, 0.37814584, -2.2921035, 1.3140562, 6.9471254, 18.199366
1740, 172, -0.0023999998811632395, -0.41039997967891395, False, 58.87906, 0.25156364, 0.18998377, -1.130741, 1.3818524, 6.962006, 18.139687
1740, 173, -0.0023999998811632395, -0.4127999795600772, False, 58.639053, 0.12505174, 0.064776085, -0.37847134, 1.4100698, 6.968238, 18.114754
1740, 174, -0.0023999998811632395, -0.41519997944124043, False, 58.399048, -1.1937145e-05, -0.0015289187, -2.2905944e-05, 1.4137844, 6.9690166, 18.111507
1740, 175, -0.0023999998811632395, -0.41759997932240367, False, 58.159042, 0.1561963, 0.42651272, -1.8626276, 1.443998, 6.9863987, 18.042324
1740, 176, -0.0023999998811632395, -0.4199999792035669, False, 57.919037, 0.15684184, 0.19200388, -0.8281316, 1.4707038, 7.002286, 17.978575
1740, 177, -0.0023999998811632395, -0.42239997908473015, False, 57.67903, 0.04696554, 0.036022455, -0.15807065, 1.4792088, 7.0073876, 17.958164
1740, 178, -0.0023999998811632395, -0.4247999789658934, False, 57.439026, -6.0033394e-06, -0.000835374, 8.403538e-05, 1.4792138, 7.007344, 17.95811
1740, 179, -0.0023999998811632395, -0.4271999788470566, False, 57.19902, 0.10852979, 0.4467717, -1.8088709, 1.4772502, 7.0256677, 17.885145
1740, 180, -0.0023999998811632395, -0.42959997872821987, False, 56.959015, 0.130915, 0.19620353, -0.7873288, 1.4742916, 7.042151, 17.81906
1740, 181, -0.0023999998811632395, -0.4319999786093831, False, 56.71901, 0.034331147, 0.02938573, -0.124127254, 1.4734656, 7.047083, 17.799326
1740, 182, -0.0023999998811632395, -0.43439997849054635, False, 56.479004, -0.15122026, -0.5250728, 2.6955056, 1.5108094, 7.0264273, 17.89933
1740, 183, -0.0023999998811632395, -0.4367999783717096, False, 56.239, -0.076610625, 0.043856055, -0.27394164, 1.5183449, 7.0133867, 17.93385
1740, 184, -0.0023999998811632395, -0.4391999782528728, False, 55.998993, -0.069489, -0.51194763, 2.5635872, 1.5637624, 6.993545, 18.02113
1740, 185, -0.0023999998811632395, -0.44159997813403606, False, 55.758987, 0.37433183, -1.0160835, 5.123346, 1.6869662, 6.9424443, 18.247694
1740, 186, -0.0023999998811632395, -0.4439999780151993, False, 55.518982, 0.33953357, -1.4733543, 7.459139, 1.8696505, 6.86299, 18.606232
1740, 187, -0.0023999998811632395, -0.44639997789636254, False, 55.278976, -0.23823178, -0.92199963, 3.6335068, 2.0050378, 6.779066, 18.873121
1740, 188, -0.0023999998811632395, -0.4487999777775258, False, 55.03897, -0.19801754, -0.051013052, 0.10726346, 2.030206, 6.76077, 18.944036
1740, 189, -0.0023999998811632395, -0.451199977658689, False, 54.798965, -0.03137511, 0.343911, -1.909657, 1.9778072, 6.774368, 18.89004
1740, 190, -0.0023999998811632395, -0.45359997753985226, False, 54.55896, -0.0062792897, -0.22161533, 1.0887377, 1.9793565, 6.7724686, 18.897655
1740, 191, -0.0023999998811632395, -0.4559999774210155, False, 54.318954, -0.056775004, -0.107897654, 0.5291758, 2.0038295, 6.7638884, 18.93185
1740, 192, -0.0023999998811632395, -0.45839997730217874, False, 54.07895, -0.039089084, -0.6161147, 3.2810564, 2.0975337, 6.736894, 19.039919
1740, 193, -0.0023999998811632395, -0.460799977183342, False, 53.838943, -0.51936054, -1.0574094, 5.7443724, 2.297488, 6.6818104, 19.260246
1740, 194, -0.0023999998811632395, -0.4631999770645052, False, 53.598938, -0.3230151, -0.66263944, 3.6020684, 2.471558, 6.634838, 19.448061
1740, 195, -0.0023999998811632395, -0.46559997694566846, False, 53.358932, -0.29491973, -0.07813674, 0.124874994, 2.5147045, 6.618803, 19.51198
1740, 196, -0.0023999998811632395, -0.4679999768268317, False, 53.118927, -0.042163387, -0.010706797, 0.012528136, 2.5129993, 6.6169705, 19.519434
1740, 197, -0.0023999998811632395, -0.47039997670799494, False, 52.87892, 0.06686938, 0.23487107, -2.1984944, 2.4337559, 6.6267557, 19.480345
1740, 198, -0.0023999998811632395, -0.4727999765891582, False, 52.638916, 0.353742, 0.40752763, -4.2378535, 2.237342, 6.6483483, 19.393976
1740, 199, -0.0023999998811632395, -0.4751999764703214, False, 52.39891, 0.46531284, 0.23764516, -2.430231, 2.070858, 6.6658816, 19.32386
1740, 200, -0.0023999998811632395, -0.47759997635148466, False, 52.158905, 0.73450565, 0.29812783, -4.526081, 1.8479047, 6.6830096, 19.255304
1740, 201, -0.0023999998811632395, -0.4799999762326479, False, 51.9189, 1.1991621, 0.29756302, -6.4473686, 1.5010599, 6.7013106, 19.182093
1740, 202, -0.0023999998811632395, -0.48239997611381114, False, 51.678894, 1.8186762, 0.23652942, -8.189147, 1.03817, 6.717103, 19.118921
1740, 203, -0.0023999998811632395, -0.4847999759949744, False, 51.43889, 2.5619922, 0.11854401, -9.750133, 0.46802932, 6.726896, 19.079752
1740, 204, -0.0023999998811632395, -0.4871999758761376, False, 51.198883, -4.3648984e-06, -1.5377998e-05, -1.4183479e-06, 0.4997442, 6.726894, 19.079844
1740, 205, -0.0023999998811632395, -0.48959997575730085, False, 50.958878, 3.959154e-07, -0.00023593009, 1.7628835e-07, 0.49999797, 6.72689, 19.079882
1740, 206, -0.0023999998811632395, -0.4919999756384641, False, 50.718872, 0.1052112, 0.19835661, 2.264182, 0.58508164, 6.735236, 19.046782
1740, 207, -0.0023999998811632395, -0.49439997551962733, False, 50.478867, 0.0833357, -0.06796036, -0.8505786, 0.59093225, 6.7363734, 19.041945
1740, 208, -0.0023999998811632395, -0.49679997540079057, False, 50.23886, 0.19512254, 3.5464764e-06, -0.33794945, 0.50195116, 6.728221, 19.074514
1740, 209, -0.0023999998811632395, -0.4991999752819538, False, 49.998856, -0.022796733, -0.010333076, -0.020418258, 0.5000157, 6.7278714, 19.07562
1740, 210, -0.0023999998811632395, -0.501599975163117, False, 49.75885, -0.14622521, -0.059026584, -0.13169985, 0.5000001, 6.724627, 19.086367
1740, 211, -0.0023999998811632395, -0.5039999750442803, False, 49.518845, -0.34166068, -0.13930205, -0.37947005, 0.5, 6.717208, 19.113735
1740, 212, -0.0023999998811632395, -0.5063999749254435, False, 49.27884, -0.67371845, -0.29137498, -0.9273386, 0.5, 6.7029724, 19.170118
1740, 213, -0.0023999998811632395, -0.5087999748066068, False, 49.038834, -1.319763, -0.5533746, -1.8165858, 0.5, 6.676141, 19.279821
1740, 214, -0.0023999998811632395, -0.51119997468777, False, 48.79883, -1.7263783, -0.83108056, -2.9903347, 0.5, 6.6320896, 19.461348
1740, 215, -0.0023999998811632395, -0.5135999745689332, False, 48.558823, -2.3730145, -1.1118394, -4.1104016, 0.5, 6.5708923, 19.720821
1740, 216, -0.0023999998811632395, -0.5159999744500965, False, 48.318817, -2.9591959, -1.3694255, -5.125752, 0.5, 6.493776, 20.053001
1740, 217, -0.0023999998811632395, -0.5183999743312597, False, 48.07881, -1.6615052, -0.0013415515, -2.8779652, 0.5, 6.481314, 20.28555
1740, 218, -0.0023999998811632395, -0.520799974212423, False, 47.838806, -1.1447308, -0.00074617565, -2.571269, 0.5, 6.4823623, 20.460415
1740, 219, -0.0023999998811632395, -0.5231999740935862, False, 47.5988, -0.88150144, -0.0005783886, -2.7132003, 0.5, 6.4828324, 20.627838
1740, 220, -0.0023999998811632395, -0.5255999739747494, False, 47.358795, -0.6997388, -0.00042447448, -3.292399, 0.5, 6.483185, 20.817003
1740, 221, -0.0023999998811632395, -0.5279999738559127, False, 47.11879, -1.2283567, -0.00031147897, -3.7807975, 0.5, 6.4830675, 21.046003
1740, 222, -0.0023999998811632395, -0.5303999737370759, False, 46.878784, -1.6422178, -0.00027512014, -3.6887136, 0.5, 6.482661, 21.289919
1740, 223, -0.0023999998811632395, -0.5327999736182392, False, 46.63878, -1.2168217, -0.0001924038, -3.7452934, 0.5, 6.482743, 21.52569
1740, 224, -0.0023999998811632395, -0.5351999734994024, False, 46.398773, -0.7500611, -2.3797154e-05, -0.43493783, 0.5286299, 6.4839873, 21.625149
1740, 225, -0.0023999998811632395, -0.5375999733805656, False, 46.158768, -0.78127176, -1.2874603e-05, -2.8243036, 0.5365923, 6.483993, 21.755304
1740, 226, -0.0023999998811632395, -0.5399999732617289, False, 45.918762, -0.16830838, 0.3345599, -3.7519655, 0.50307685, 6.491476, 21.996311
1740, 227, -0.0023999998811632395, -0.5423999731428921, False, 45.678757, -0.4543824, -0.2811725, -2.1616461, 0.5000246, 6.4856043, 22.151024
1740, 228, -0.0023999998811632395, -0.5447999730240554, False, 45.43875, -0.5725454, -0.0005877912, -2.6941142, 0.5000002, 6.483391, 22.301157
1740, 229, -0.0023999998811632395, -0.5471999729052186, False, 45.198746, -0.39166456, -0.00044509768, -3.7273035, 0.5, 6.483465, 22.50431
1740, 230, -0.0023999998811632395, -0.5495999727863818, False, 44.95874, -0.5169078, -0.00026863813, -4.91919, 0.5, 6.483016, 22.778294
1740, 231, -0.0023999998811632395, -0.5519999726675451, False, 44.718735, -0.40118057, -0.00012519956, -1.3264792, 0.5108333, 6.483992, 22.929482
1740, 232, -0.0023999998811632395, -0.5543999725487083, False, 44.47873, -0.2228309, -7.908046e-05, 1.4614085, 0.5299758, 6.4839993, 22.89441
1740, 233, -0.0023999998811632395, -0.5567999724298716, False, 44.238724, -0.18022609, -0.000116959214, 3.807395, 0.5605243, 6.4839993, 22.71407
1740, 234, -0.0023999998811632395, -0.5591999723110348, False, 43.99872, -0.15320057, -0.00010727346, 5.9346514, 0.60302055, 6.483998, 22.40235
1740, 235, -0.0023999998811632395, -0.561599972192198, False, 43.758713, -0.45274687, -5.8054924e-05, 2.2082634, 0.63521504, 6.483997, 22.197823
1740, 236, -0.0023999998811632395, -0.5639999720733613, False, 43.518707, -0.23924094, -6.9603324e-05, 1.166571, 0.6534402, 6.4839964, 22.108906
1740, 237, -0.0023999998811632395, -0.5663999719545245, False, 43.2787, -0.10522209, -0.00020380318, -1.5926813, 0.6606423, 6.4840107, 22.154081
1740, 238, -0.0023999998811632395, -0.5687999718356878, False, 43.038696, -0.04935233, -0.00044374168, -0.7542883, 0.66462356, 6.4840107, 22.214558
1740, 239, -0.0023999998811632395, -0.571199971716851, False, 42.79869, -0.019614222, -0.0001693517, 1.7989655, 0.6659167, 6.4839993, 22.15653
1740, 240, -0.0023999998811632395, -0.5735999715980142, False, 42.558685, -0.009812444, -8.298457e-05, 0.8898163, 0.6666671, 6.4839983, 22.086628
1740, 241, -0.0023999998811632395, -0.5759999714791775, False, 42.31868, -0.0071777278, -0.047480877, 3.2658575, 0.6671287, 6.4858003, 21.939653
1740, 242, -0.0023999998811632395, -0.5783999713603407, False, 42.078674, -0.00041947156, -0.0031793714, -0.00091232633, 0.66738033, 6.484014, 21.879568
1740, 243, -0.0023999998811632395, -0.580799971241504, False, 41.83867, -5.4616445e-05, -0.00025311112, 2.4786232, 0.6673715, 6.4840064, 21.779406
1740, 244, -0.0023999998811632395, -0.5831999711226672, False, 41.598663, -0.0005505686, -0.00025187433, -0.66699827, 0.6673913, 6.483998, 21.76254
1740, 245, -0.0023999998811632395, -0.5855999710038304, False, 41.358658, -0.22735326, 2.130866e-06, -3.0760965, 0.66489035, 6.48399, 21.9003
1740, 246, -0.0023999998811632395, -0.5879999708849937, False, 41.118652, 0.26237804, -0.09587063, -5.1857033, 0.6514529, 6.4899464, 22.161253
1740, 247, -0.0023999998811632395, -0.5903999707661569, False, 40.878647, 0.2005537, -0.010087252, -1.5163822, 0.6378981, 6.484061, 22.326172
1740, 248, -0.0023999998811632395, -0.5927999706473202, False, 40.63864, 0.46843308, -0.0005505383, -3.8207786, 0.6300721, 6.4840093, 22.511417
1740, 249, -0.0023999998811632395, -0.5951999705284834, False, 40.398636, 0.3052247, -0.00045278668, -0.35479254, 0.61682993, 6.4840074, 22.601868
1740, 250, -0.0023999998811632395, -0.5975999704096466, False, 40.15863, 0.42813045, -0.00045755506, -2.7737877, 0.6170543, 6.4840055, 22.722887
1740, 251, -0.0023999998811632395, -0.5999999702908099, False, 39.918625, 0.28438434, -0.0004323721, 0.43248862, 0.60337627, 6.4840055, 22.760553
1740, 252, -0.0023999998811632395, -0.6023999701719731, False, 39.67862, 0.21627933, -0.00019814074, 2.8762832, 0.5514609, 6.484003, 22.646212
1740, 253, -0.0023999998811632395, -0.6047999700531363, False, 39.438614, -0.72350097, -0.06730845, 2.2265174, 0.49888197, 6.481956, 22.430435
1740, 254, -0.0023999998811632395, -0.6071999699342996, False, 39.19861, -0.4247078, -9.430945e-05, -0.8772095, 0.52833843, 6.4839845, 22.416044
1740, 255, -0.0023999998811632395, -0.6095999698154628, False, 38.958603, -0.08531976, -0.00020068884, -3.3057184, 0.61130714, 6.484002, 22.543083
1740, 256, -0.0023999998811632395, -0.6119999696966261, False, 38.718597, 8.899317e-05, -0.00014522672, 0.00091127225, 0.6441443, 6.4840016, 22.595377
1740, 257, -0.0023999998811632395, -0.6143999695777893, False, 38.478592, -0.00029366708, -0.00013135374, 0.0004374123, 0.6441193, 6.484003, 22.595379
1740, 258, -0.0023999998811632395, -0.6167999694589525, False, 38.238586, 0.16512346, -0.00020129979, -2.4741473, 0.71306986, 6.4840007, 22.668156
1740, 259, -0.0023999998811632395, -0.6191999693401158, False, 37.99858, 0.08689827, -9.742379e-05, 0.6685704, 0.7202407, 6.484004, 22.686005
1740, 260, -0.0023999998811632395, -0.621599969221279, False, 37.758575, 0.14828205, -0.0002091676, -1.8701088, 0.77080715, 6.484, 22.723354
1740, 261, -0.0023999998811632395, -0.6239999691024423, False, 37.51857, 0.17185584, -9.62764e-05, -0.9248877, 0.8313057, 6.483996, 22.764973
1740, 262, -0.0023999998811632395, -0.6263999689836055, False, 37.278564, 0.091666564, -8.775294e-05, -0.3090266, 0.8564917, 6.4839954, 22.7823
1740, 263, -0.0023999998811632395, -0.6287999688647687, False, 37.03856, 0.2627223, -0.00011603534, -2.7463083, 0.96778065, 6.4839935, 22.820488
1740, 264, -0.0023999998811632395, -0.631199968745932, False, 36.798553, 0.30318603, -9.572506e-05, -1.4940842, 1.0764223, 6.483992, 22.854675
1740, 265, -0.0023999998811632395, -0.6335999686270952, False, 36.558548, 0.21281461, -8.259714e-05, -0.67564785, 1.1311035, 6.483991, 22.871891
1740, 266, -0.0023999998811632395, -0.6359999685082585, False, 36.318542, 0.008023903, -0.00013114512, 1.8958896, 1.0677221, 6.484003, 22.882008
1740, 267, -0.0023999998811632395, -0.6383999683894217, False, 36.078537, 0.028726384, -0.00017756224, -0.97526884, 1.0744052, 6.483998, 22.879663
1740, 268, -0.0023999998811632395, -0.6407999682705849, False, 35.83853, 0.04671108, -8.201599e-05, -0.34225097, 1.1060622, 6.483993, 22.873917
1740, 269, -0.0023999998811632395, -0.6431999681517482, False, 35.598526, 0.2328273, -0.00010715425, -2.7795367, 1.2196366, 6.4839916, 22.836761
1740, 270, -0.0023999998811632395, -0.6455999680329114, False, 35.35852, 0.6201993, -0.0001064986, -4.9619083, 1.4580172, 6.48399, 22.741335
1740, 271, -0.0023999998811632395, -0.6479999679140747, False, 35.118515, 0.71850955, -5.5789948e-05, -1.305304, 1.6073457, 6.4839883, 22.695156
1740, 272, -0.0023999998811632395, -0.6503999677952379, False, 34.87851, 0.3856638, -2.5063753e-05, 1.5246059, 1.596809, 6.4840035, 22.744015
1740, 273, -0.0023999998811632395, -0.6527999676764011, False, 34.638504, 0.2626781, -0.00013050437, -1.278548, 1.6254346, 6.4839945, 22.73561
1740, 274, -0.0023999998811632395, -0.6551999675575644, False, 34.3985, 0.49497163, -8.9645386e-05, -3.606766, 1.748806, 6.483995, 22.61497
1740, 275, -0.0023999998811632395, -0.6575999674387276, False, 34.158493, 0.5033656, -9.7200274e-05, -2.046575, 1.8556272, 6.483995, 22.503622
1740, 276, -0.0023999998811632395, -0.6599999673198909, False, 33.918488, 0.26221344, -6.869435e-05, 0.9554627, 1.874665, 6.483999, 22.516418
1740, 277, -0.0023999998811632395, -0.6623999672010541, False, 33.678482, 0.057158865, -0.0004942417, 0.3510766, 1.8697021, 6.48401, 22.548903
1740, 278, -0.0023999998811632395, -0.6647999670822173, False, 33.438477, -0.00037405407, -0.0004569143, -0.0017171599, 1.868932, 6.484008, 22.553888
1740, 279, -0.0023999998811632395, -0.6671999669633806, False, 33.19847, -0.16578785, -0.00048278272, 2.4729075, 1.8505715, 6.4840083, 22.652359
1740, 280, -0.0023999998811632395, -0.6695999668445438, False, 32.958466, -0.2290253, -0.00039602816, 1.319441, 1.8333156, 6.4840064, 22.751907
1740, 281, -0.0023999998811632395, -0.671999966725707, False, 32.71846, -0.16014552, -0.00042396784, 0.5635766, 1.8249723, 6.484006, 22.80001
1740, 282, -0.0023999998811632395, -0.6743999666068703, False, 32.478455, -0.34069973, -0.0003027767, 2.9705718, 1.8333737, 6.4839983, 22.931828
1740, 283, -0.0023999998811632395, -0.6767999664880335, False, 32.23845, -0.36463314, -0.0001308918, 1.6372471, 1.8452003, 6.4839964, 23.055748
1740, 284, -0.0023999998811632395, -0.6791999663691968, False, 31.998446, -0.1599957, -0.00012847781, -1.23899, 1.8225794, 6.4840045, 23.0406
1740, 285, -0.0023999998811632395, -0.68159996625036, False, 31.758446, 0.15350556, -0.00012795627, -3.6063025, 1.7435778, 6.484004, 22.889738
1740, 286, -0.0023999998811632395, -0.6839999661315233, False, 31.518446, 0.6332891, -7.9244375e-05, -5.7143264, 1.5968976, 6.484003, 22.62447
1740, 287, -0.0023999998811632395, -0.6863999660126865, False, 31.278446, 0.7474121, -4.4107437e-05, -3.4212134, 1.4726377, 6.4840026, 22.406452
1740, 288, -0.0023999998811632395, -0.6887999658938497, False, 31.038446, 1.1156373, -3.7953258e-05, -5.4977026, 1.3045315, 6.484002, 22.16381
1740, 289, -0.0023999998811632395, -0.691199965775013, False, 30.798447, 1.5352688, 0.2775825, -7.0921335, 1.046069, 6.4992127, 21.857676
1740, 290, -0.0023999998811632395, -0.6935999656561762, False, 30.558447, 2.2512975, -0.29994857, -9.056264, 0.68061066, 6.492516, 21.488762
1740, 291, -0.0023999998811632395, -0.6959999655373394, False, 30.318447, 1.326737, -0.045469776, -0.59064496, 0.4762144, 6.4842854, 21.218405
1740, 292, -0.0023999998811632395, -0.6983999654185027, False, 30.078447, 0.83423257, -0.0003182441, 2.1472719, 0.5720599, 6.4839816, 21.19181
1740, 293, -0.0023999998811632395, -0.7007999652996659, False, 29.838448, 0.68994987, -0.00016479194, 4.435727, 0.79621685, 6.483997, 21.218384
1740, 294, -0.0023999998811632395, -0.7031999651808292, False, 29.598448, 0.7005639, -0.00013037026, 0.84095633, 0.92496663, 6.483996, 21.220678
1740, 295, -0.0023999998811632395, -0.7055999650619924, False, 29.358448, 0.23544839, -0.00014999509, 0.3526966, 0.96116424, 6.4839964, 21.210438
1740, 296, -0.0023999998811632395, -0.7079999649431556, False, 29.118448, 0.28762513, -0.00012096763, -2.1471472, 0.88666946, 6.4840026, 21.178102
1740, 297, -0.0023999998811632395, -0.7103999648243189, False, 28.878448, 0.26629427, -0.00013330579, -1.1010139, 0.8049687, 6.484002, 21.148972
1740, 298, -0.0023999998811632395, -0.7127999647054821, False, 28.638449, 0.1501546, -0.00010493398, -0.4234782, 0.7678758, 6.4840026, 21.135775
1740, 299, -0.0023999998811632395, -0.7151999645866454, False, 28.398449, 0.3173546, -9.0420246e-05, -2.8453755, 0.64377266, 6.4840016, 21.13094
1740, 300, -0.0023999998811632395, -0.7175999644678086, False, 28.15845, -8.319695e-06, -9.864569e-06, -1.2812379e-06, 0.4968783, 6.484001, 21.136768
1740, 301, -0.0023999998811632395, -0.7199999643489718, False, 27.91845, -4.71649e-05, -3.3780932e-05, -1.5327762e-05, 0.49997506, 6.484, 21.136765
1740, 302, -0.0023999998811632395, -0.7223999642301351, False, 27.67845, -2.6656568e-05, -3.7387013e-05, -1.1934722e-05, 0.4999998, 6.484, 21.136848
1740, 303, -0.0023999998811632395, -0.7247999641112983, False, 27.43845, -2.9164174e-05, -4.146993e-05, -1.6839414e-05, 0.49999997, 6.4839997, 21.13698
1740, 304, -0.0023999998811632395, -0.7271999639924616, False, 27.19845, 2.8523898e-05, -9.0897083e-07, 2.072547e-05, 0.49999997, 6.4839997, 21.136927
1740, 305, -0.0023999998811632395, -0.7295999638736248, False, 26.95845, 3.621011e-06, -2.5108457e-05, 3.2606267e-06, 0.49999997, 6.4840007, 21.136936
1740, 306, -0.0023999998811632395, -0.731999963754788, False, 26.71845, 3.9632223e-06, -7.793307e-06, 4.401975e-06, 0.49999997, 6.4840007, 21.136942
1740, 307, -0.0023999998811632395, -0.7343999636359513, False, 26.47845, -0.0034953337, -0.0012135208, -0.0048113074, 0.49999997, 6.483065, 21.142513
1740, 308, -0.0023999998811632395, -0.7367999635171145, False, 26.238451, -0.0062883724, -0.00028151274, -0.010892764, 0.49999997, 6.4825826, 21.148111
1740, 309, -0.0023999998811632395, -0.7391999633982778, False, 25.998451, 5.72828e-05, -3.606081e-06, 9.9225246e-05, 0.49999997, 6.4839797, 21.148014
1740, 310, -0.0023999998811632395, -0.741599963279441, False, 25.758451, -0.00028395653, -0.00017349422, 2.4812226, 0.55013967, 6.4839997, 21.061136
1740, 311, -0.0023999998811632395, -0.7439999631606042, False, 25.518452, -0.0064490885, -0.00016580522, -0.6660954, 0.56039524, 6.4839997, 21.047312
1740, 312, -0.0023999998811632395, -0.7463999630417675, False, 25.278452, -0.00077306107, -0.00016725063, -0.14078304, 0.5532567, 6.4839997, 21.06382
1740, 313, -0.0023999998811632395, -0.7487999629229307, False, 25.038452, 0.17871702, -0.00015969574, -2.601477, 0.5116046, 6.483999, 21.163671
1740, 314, -0.0023999998811632395, -0.751199962804094, False, 24.798452, -0.03107952, -0.00020325184, -0.1557606, 0.5000928, 6.4837623, 21.20718
1740, 315, -0.0023999998811632395, -0.7535999626852572, False, 24.558453, -0.17263746, -0.00017599761, 2.3317158, 0.5271798, 6.483999, 21.119934
1740, 316, -0.0023999998811632395, -0.7559999625664204, False, 24.318453, -0.062073514, -0.00016453862, -0.7731138, 0.5348497, 6.4839993, 21.11161
1740, 317, -0.0023999998811632395, -0.7583999624475837, False, 24.078453, 0.005783938, -0.00010505319, -0.21305795, 0.5318954, 6.483999, 21.134422
1740, 318, -0.0023999998811632395, -0.7607999623287469, False, 23.838453, 0.19018334, -0.00011181831, -2.6661756, 0.5224044, 6.483998, 21.246271
1740, 319, -0.0023999998811632395, -0.7631999622099102, False, 23.598454, 0.15936732, -8.9645386e-05, -4.899622, 0.51232094, 6.4839954, 21.49655
1740, 320, -0.0023999998811632395, -0.7655999620910734, False, 23.358454, 0.12379894, -3.325939e-05, -1.3017615, 0.50410557, 6.483994, 21.645044
1740, 321, -0.0023999998811632395, -0.7679999619722366, False, 23.118454, 0.014834885, -6.6012144e-06, -3.2025676, 0.50007355, 6.4835033, 21.809156
1740, 322, -0.0023999998811632395, -0.7703999618533999, False, 22.878454, 0.00010875578, -4.0248036e-05, 0.14090471, 0.50000066, 6.4839873, 21.860443
1740, 323, -0.0023999998811632395, -0.7727999617345631, False, 22.638454, -0.00018766487, -0.00017826259, -0.000436979, 0.50000525, 6.4840007, 21.860357
1740, 324, -0.0023999998811632395, -0.7751999616157264, False, 22.398455, -0.00035796696, 0.096162364, -2.345205, 0.5000406, 6.485919, 21.957973
1740, 325, -0.0023999998811632395, -0.7775999614968896, False, 22.158455, 0.00017493518, -0.008498594, 0.6996981, 0.50003386, 6.4840465, 21.971926
1740, 326, -0.0023999998811632395, -0.7799999613780528, False, 21.918455, -7.094136e-05, -0.00036288798, 3.1112773, 0.5000138, 6.484007, 21.832521
1740, 327, -0.0023999998811632395, -0.7823999612592161, False, 21.678455, -0.5041129, -0.00024808943, 4.7951713, 0.50000036, 6.483382, 21.567476
1740, 328, -0.0023999998811632395, -0.7847999611403793, False, 21.438456, -0.38846943, -0.00023017824, 1.2144281, 0.5108316, 6.4839983, 21.423079
1740, 329, -0.0023999998811632395, -0.7871999610215425, False, 21.198456, -0.20935991, -4.0978193e-05, -1.544735, 0.52952206, 6.483997, 21.46345
1740, 330, -0.0023999998811632395, -0.7895999609027058, False, 20.958456, 0.14153117, -3.6627054e-05, -3.8866591, 0.56247056, 6.483994, 21.64818
1740, 331, -0.0023999998811632395, -0.791999960783869, False, 20.718456, 0.31995517, 2.8014183e-06, -2.2493136, 0.5910132, 6.483993, 21.811403
1740, 332, -0.0023999998811632395, -0.7943999606650323, False, 20.478456, 0.5794606, 0.18660492, -4.1873865, 0.6451756, 6.4917073, 22.020306
1740, 333, -0.0023999998811632395, -0.7967999605461955, False, 20.238457, 1.0891433, -0.14174962, -6.3842688, 0.758861, 6.484717, 22.348707
1740, 334, -0.0023999998811632395, -0.7991999604273587, False, 19.998457, 1.0618256, -0.0014300197, -3.7811174, 0.8563835, 6.4840083, 22.612026
1740, 335, -0.0023999998811632395, -0.801599960308522, False, 19.758457, 0.8966293, -0.00021882355, -0.28857195, 0.863249, 6.484007, 22.715927
1740, 336, -0.0023999998811632395, -0.8039999601896852, False, 19.518457, 0.50108683, -0.0003361106, 2.3407557, 0.7713702, 6.484007, 22.681404
1740, 337, -0.0023999998811632395, -0.8063999600708485, False, 19.278458, 0.26151782, -0.0002824664, -0.6984402, 0.7499619, 6.4840026, 22.687067
1740, 338, -0.0023999998811632395, -0.8087999599520117, False, 19.038458, 0.036016405, -0.00017783046, 1.8876905, 0.6922187, 6.484003, 22.659925
1740, 339, -0.0023999998811632395, -0.8111999598331749, False, 18.798458, 0.039591372, -0.00022114813, -0.9808606, 0.69891465, 6.484001, 22.662968
1740, 340, -0.0023999998811632395, -0.8135999597143382, False, 18.558458, 0.05042453, -0.00010891259, -0.3457111, 0.72800314, 6.483997, 22.677341
1740, 341, -0.0023999998811632395, -0.8159999595955014, False, 18.318459, 0.23564094, -0.00013418496, -2.7824116, 0.84185874, 6.483995, 22.714262
1740, 342, -0.0023999998811632395, -0.8183999594766647, False, 18.078459, 0.29108703, -0.00010690093, -1.5190659, 0.9523371, 6.4839935, 22.747705
1740, 343, -0.0023999998811632395, -0.8207999593578279, False, 17.838459, 0.108243324, -1.886487e-05, 1.3300602, 0.92344636, 6.4840026, 22.758348
1740, 344, -0.0023999998811632395, -0.8231999592389911, False, 17.59846, -0.013657294, -6.635487e-05, 0.58254015, 0.8749898, 6.484003, 22.7623
1740, 345, -0.0023999998811632395, -0.8255999591201544, False, 17.35846, 0.104629874, -0.00014525652, -1.9497766, 0.9418003, 6.483996, 22.752264
1740, 346, -0.0023999998811632395, -0.8279999590013176, False, 17.11846, 0.43386358, -0.000108614564, -4.2244773, 1.1477244, 6.4839916, 22.711466
1740, 347, -0.0023999998811632395, -0.8303999588824809, False, 16.87846, 0.9312092, -0.000107795, -6.247424, 1.4754804, 6.4839883, 22.62683
1740, 348, -0.0023999998811632395, -0.8327999587636441, False, 16.63846, 1.125599, -5.2034855e-05, -2.4325655, 1.7019525, 6.4839854, 22.583092
1740, 349, -0.0023999998811632395, -0.8351999586448073, False, 16.39846, 0.7550278, -3.2767653e-05, -1.264344, 1.8118036, 6.4839835, 22.573162
1740, 350, -0.0023999998811632395, -0.8375999585259706, False, 16.15846, 0.81549156, 0.21490112, -3.3424985, 1.967991, 6.488276, 22.50345
1740, 351, -0.0023999998811632395, -0.8399999584071338, False, 15.918461, 0.7017431, -0.033849746, -1.9589503, 2.1031606, 6.484172, 22.43069
1740, 352, -0.0023999998811632395, -0.8423999582882971, False, 15.678461, 0.4611036, -0.00038276613, -0.95779663, 2.175355, 6.484003, 22.391819
1740, 353, -0.0023999998811632395, -0.8447999581694603, False, 15.438461, 0.21181801, -0.000118881464, -0.34296495, 2.207199, 6.4840016, 22.37467
1740, 354, -0.0023999998811632395, -0.8471999580506235, False, 15.198462, 0.0040486455, -0.00015756488, 2.186259, 2.1766827, 6.4840064, 22.450956
1740, 355, -0.0023999998811632395, -0.8495999579317868, False, 14.958462, -0.11803877, -0.00019910932, 1.1398734, 2.141177, 6.4840055, 22.531094
1740, 356, -0.0023999998811632395, -0.85199995781295, False, 14.718462, -0.09481447, -0.00018157065, 0.44814658, 2.1249726, 6.484005, 22.567638
1740, 357, -0.0023999998811632395, -0.8543999576941133, False, 14.478462, -0.0011728236, -0.00017222762, 0.0029893052, 2.1215436, 6.4840055, 22.575363
1740, 358, -0.0023999998811632395, -0.8567999575752765, False, 14.238462, -0.16693504, -0.00017401576, 2.4770484, 2.1134982, 6.484005, 22.675484
1740, 359, -0.0023999998811632395, -0.8591999574564397, False, 13.998463, -0.22990245, -0.000155285, 1.3220886, 2.1066911, 6.4840035, 22.776487
1740, 360, -0.0023999998811632395, -0.861599957337603, False, 13.758463, -0.16081075, -0.00014193356, 0.56520474, 2.10339, 6.4840035, 22.825333
1740, 361, -0.0023999998811632395, -0.8639999572187662, False, 13.518463, -0.033278793, -0.00012665987, 0.08240446, 2.1024137, 6.484003, 22.83969
1740, 362, -0.0023999998811632395, -0.8663999570999295, False, 13.278463, 0.13467258, -3.8981438e-05, -2.4026594, 2.069019, 6.4840007, 22.75
1740, 363, -0.0023999998811632395, -0.8687999569810927, False, 13.038464, 0.20678088, -1.1175871e-05, -1.2748188, 2.0343268, 6.484, 22.65862
1740, 364, -0.0023999998811632395, -0.8711999568622559, False, 12.798464, 0.44944715, -0.029569358, -3.6132765, 1.9556518, 6.4841514, 22.506332
1740, 365, -0.0023999998811632395, -0.8735999567434192, False, 12.558464, 0.8805852, -0.00029598176, -5.6796293, 1.7951039, 6.4840045, 22.24894
1740, 366, -0.0023999998811632395, -0.8759999566245824, False, 12.318464, 1.4024577, 0.31867766, -7.3016033, 1.5504123, 6.490378, 21.91043
1740, 367, -0.0023999998811632395, -0.8783999565057456, False, 12.0784645, 2.1513517, -0.26267365, -9.257813, 1.211759, 6.485993, 21.50301
1740, 368, -0.0023999998811632395, -0.8807999563869089, False, 11.838465, 0.8260102, -0.0032918155, -10.889368, 0.7855137, 6.484018, 21.045656
1740, 369, -0.0023999998811632395, -0.8831999562680721, False, 11.598465, 2.237584, -0.047859117, -1.6255293, 0.49196908, 6.483193, 20.664932
1740, 370, -0.0023999998811632395, -0.8855999561492354, False, 11.358465, 0.38157412, -0.00059200823, -0.34353662, 0.49993575, 6.480352, 20.592028
1740, 371, -0.0023999998811632395, -0.8879999560303986, False, 11.118465, -0.0006445476, -9.9375844e-05, 0.00046824207, 0.49999946, 6.4817414, 20.591017
1740, 372, -0.0023999998811632395, -0.8903999559115618, False, 10.878466, -0.0003865344, -6.349385e-05, 0.00034800245, 0.49999997, 6.48265, 20.591002
1740, 373, -0.0023999998811632395, -0.8927999557927251, False, 10.638466, 3.3707824e-05, -5.288422e-05, -2.4487596e-05, 0.49999997, 6.483192, 20.590973
1740, 374, -0.0023999998811632395, -0.8951999556738883, False, 10.398466, 3.22629e-05, -4.5090914e-05, -1.862483e-05, 0.49999997, 6.4835153, 20.590944
1740, 375, -0.0023999998811632395, -0.8975999555550516, False, 10.158466, 3.030596e-05, -4.133582e-05, -1.3556482e-05, 0.49999997, 6.4837084, 20.590918
1740, 376, -0.0023999998811632395, -0.8999999554362148, False, 9.918467, 0.0001946293, -4.720688e-05, 1.8031875e-05, 0.50002176, 6.483999, 20.591024
1740, 377, -0.0023999998811632395, -0.902399955317378, False, 9.678467, 7.922466e-05, -1.6987324e-05, -8.714381e-05, 0.5000209, 6.484, 20.591019
1740, 378, -0.0023999998811632395, -0.9047999551985413, False, 9.438467, 8.037605e-07, -2.360344e-05, -3.9230505e-05, 0.5000001, 6.483999, 20.590979
1740, 379, -0.0023999998811632395, -0.9071999550797045, False, 9.198467, 3.7815562e-06, -1.0162592e-05, 2.5697393e-05, 0.50001633, 6.4840007, 20.59102
1740, 380, -0.0023999998811632395, -0.9095999549608678, False, 8.9584675, 7.7937395e-05, -1.3738871e-05, -5.360489e-05, 0.5000165, 6.484, 20.59102
1740, 381, -0.0023999998811632395, -0.911999954842031, False, 8.718468, 3.7786383e-05, -6.750226e-06, -1.7454953e-05, 0.5000169, 6.484, 20.591026
1740, 382, -0.0023999998811632395, -0.9143999547231942, False, 8.478468, 4.5721787e-05, -1.3872981e-05, -4.2596275e-05, 0.5000176, 6.484, 20.591032
1740, 383, -0.0023999998811632395, -0.9167999546043575, False, 8.238468, -9.8640285e-06, -3.8295984e-05, -3.3288692e-05, 0.5000001, 6.484002, 20.591078
1740, 384, -0.0023999998811632395, -0.9191999544855207, False, 7.9984684, 4.8548118e-05, -1.4260411e-05, 2.1618052e-05, 0.5, 6.484001, 20.59104
1740, 385, -0.0023999998811632395, -0.921599954366684, False, 7.7584686, -4.181022e-05, -5.9485435e-05, -2.4142115e-05, 0.5, 6.484003, 20.591167
1740, 386, -0.0023999998811632395, -0.9239999542478472, False, 7.518469, 3.9759467e-05, -7.7709556e-05, 2.8890154e-05, 0.5, 6.484002, 20.591112
1740, 387, -0.0023999998811632395, -0.9263999541290104, False, 7.278469, -0.0006921185, -0.00027640164, -0.00062325364, 0.5, 6.483998, 20.591337
1740, 388, -0.0023999998811632395, -0.9287999540101737, False, 7.0384693, 5.0734532e-05, -4.723668e-06, 5.635256e-05, 0.5, 6.483999, 20.591291
1740, 389, -0.0023999998811632395, -0.9311999538913369, False, 6.7984695, -0.003709727, -0.0013133436, -0.0051065814, 0.5, 6.483073, 20.59683
1740, 390, -0.0023999998811632395, -0.9335999537725002, False, 6.55847, -0.0065754144, -0.00048056245, -0.011390377, 0.5, 6.4825907, 20.602434
1740, 391, -0.0023999998811632395, -0.9359999536536634, False, 6.31847, 0.16081762, -0.00012463331, 2.4643726, 0.5516734, 6.483982, 20.518229
1740, 392, -0.0023999998811632395, -0.9383999535348266, False, 6.07847, 0.06673458, -4.6148896e-05, -0.66661674, 0.5580014, 6.4840007, 20.502514
1740, 393, -0.0023999998811632395, -0.9407999534159899, False, 5.8384705, 0.046080112, -0.0002567768, -1.7199832, 0.50370795, 6.481946, 20.605394
1740, 394, -0.0023999998811632395, -0.9431999532971531, False, 5.5984707, 0.0024500226, -0.00036598742, 0.0012993601, 0.5000297, 6.4839773, 20.617363
1740, 395, -0.0023999998811632395, -0.9455999531783164, False, 5.358471, -0.17171383, -0.0003889948, -0.5287337, 0.50000024, 6.4831996, 20.640997
1740, 396, -0.0023999998811632395, -0.9479999530594796, False, 5.118471, -0.28456932, -0.0004223436, -1.3391556, 0.50000006, 6.483354, 20.705246
1740, 397, -0.0023999998811632395, -0.9503999529406428, False, 4.8784714, -0.6794704, -0.0003309697, -2.091585, 0.50000006, 6.4831743, 20.82347
1740, 398, -0.0023999998811632395, -0.9527999528218061, False, 4.6384716, -0.5790744, -0.0003438592, -2.7250686, 0.50000006, 6.4832144, 20.976904
1740, 399, -0.0023999998811632395, -0.9551999527029693, False, 4.398472, -0.3155865, -0.00012806058, -1.4851198, 0.50000006, 6.4839873, 21.090633
1740, 400, -0.0023999998811632395, -0.9575999525841326, False, 4.158472, -0.14585115, -0.0001795739, -0.68636143, 0.50000006, 6.484, 21.147604
1740, 401, -0.0023999998811632395, -0.9599999524652958, False, 3.9184723, -0.03367571, -0.00014193356, -0.15856642, 0.50000054, 6.4839993, 21.167177
1740, 402, -0.0023999998811632395, -0.962399952346459, False, 3.6784725, 6.1696104e-05, -6.914139e-06, 0.00029033615, 0.5, 6.4839983, 21.167707
1740, 403, -0.0023999998811632395, -0.9647999522276223, False, 3.4384727, -0.13953407, -0.00014965236, -1.3282849, 0.5, 6.4836164, 21.220829
1740, 404, -0.0023999998811632395, -0.9671999521087855, False, 3.198473, -0.54495823, -0.0001257956, -2.5645216, 0.5, 6.483493, 21.35534
1740, 405, -0.0023999998811632395, -0.9695999519899487, False, 2.9584732, -1.0225008, -0.00011768937, -3.147521, 0.5, 6.4830894, 21.543291
1740, 406, -0.0023999998811632395, -0.971999951871112, False, 2.7184734, -0.78440624, -5.2407384e-05, -3.6913416, 0.5, 6.483154, 21.758307
1740, 407, -0.0023999998811632395, -0.9743999517522752, False, 2.4784737, -0.45134178, -1.5586615e-05, -2.123972, 0.5, 6.48398, 21.917261
1740, 408, -0.0023999998811632395, -0.9767999516334385, False, 2.238474, -0.22004598, -0.0019840002, -1.0355157, 0.5, 6.484706, 21.999687
1740, 409, -0.0023999998811632395, -0.9791999515146017, False, 1.998474, -0.081360586, -0.0020311624, -0.38287526, 0.5, 6.484022, 22.035624
1740, 410, -0.0023999998811632395, -0.981599951395765, False, 1.7584739, -0.3136946, -0.0005258024, -1.4762173, 0.5, 6.483475, 22.10534
1740, 411, -0.0023999998811632395, -0.9839999512769282, False, 1.5184737, -0.7175421, -0.0005352646, -2.2087803, 0.5, 6.4831686, 22.231447
1740, 412, -0.0023999998811632395, -0.9863999511580914, False, 1.2784736, -0.4322896, -0.0001925826, 0.81227946, 0.5277058, 6.4839883, 22.246738
1740, 413, -0.0023999998811632395, -0.9887999510392547, False, 1.0384735, -0.14895326, -0.0002039969, -1.83873, 0.5277484, 6.4840093, 22.308586
1740, 414, -0.0023999998811632395, -0.9911999509204179, False, 0.79847354, -0.025375068, -0.0005390346, -3.4996624, 0.5017019, 6.4829893, 22.499016
1740, 415, -0.0023999998811632395, -0.9935999508015811, False, 0.5584736, 0.0029643436, -0.00041989982, -4.4279847, 0.50001365, 6.483418, 22.738504
1740, 416, -0.0023999998811632395, -0.9959999506827444, False, 0.31847364, 6.488868e-05, -0.00026968122, -0.82346773, 0.5000002, 6.4839916, 22.858221
1740, 417, -0.0023999998811632395, -0.9983999505639076, False, 0.07847364, 0.00017917537, -0.00028808415, -3.220424, 0.5, 6.484002, 23.00452
1740, 418, -0.0007999999797903001, -0.9991999505436979, True, 0.0, 0.00017917537, -0.00028808415, -3.220424, 0.5, 6.484002, 23.00452
