episode, step, reward, cumulative reward, done, health, vx, vy, vz, px, py, pz
417, 1, 0.0, 0.0, False, 100.0, 0.0, -0.1899216, 0.0, 20.0, 1.5062015, 2.0
417, 2, 0.0, 0.0, False, 100.0, 0.0, -0.7239932, 0.0, 20.0, 1.4732119, 2.0
417, 3, 0.0, 0.0, False, 100.0, 0.0, -1.208417, 0.0, 20.0, 1.4101852, 2.0
417, 4, 0.0, 0.0, False, 100.0, 0.0, -1.6478084, 0.0, 20.0, 1.319914, 2.0
417, 5, 0.0, 0.0, False, 100.0, -0.00012526044, -0.00027485192, -1.8176215e-05, 20.000015, 1.2886056, 1.9999975
417, 6, 0.0, 0.0, False, 100.0, -0.000115717674, -0.0003219247, -1.8741532e-05, 20.000029, 1.2887926, 1.9999939
417, 7, 0.0, 0.0, False, 100.0, -0.00011501626, -0.00032536685, -1.8149158e-05, 20.000042, 1.288794, 1.9999905
417, 8, 0.0, 0.0, False, 100.0, -0.00011584939, -0.00032672286, -1.8164637e-05, 20.000057, 1.2887942, 1.9999869
417, 9, 0.0, 0.0, False, 100.0, -0.00011500926, -0.00032357872, -1.856295e-05, 20.000072, 1.2887942, 1.9999834
417, 10, 0.0, 0.0, False, 100.0, -0.00011691102, -0.0003234893, -1.8660723e-05, 20.000088, 1.2887942, 1.9999799
417, 11, 0.0, 0.0, False, 100.0, -0.00011798382, -0.0003245175, -1.8640529e-05, 20.000103, 1.2887942, 1.9999765
417, 12, 0.0, 0.0, False, 100.0, 0.0, 0.0, 0.0, 20.000103, 1.2887942, 1.9999765
417, 13, 0.0, 0.0, False, 100.0, 0.0, 0.0, 0.0, 20.000103, 1.2887942, 1.9999765
417, 14, 0.0, 0.0, False, 100.0, 0.0, 0.0, 0.0, 20.000103, 1.2887942, 1.9999765
417, 15, 0.0, 0.0, False, 100.0, 0.0, 0.0, 0.0, 20.000103, 1.2887942, 1.9999765
417, 16, 0.0, 0.0, False, 100.0, 0.0, 0.0, 0.0, 20.000103, 1.2887942, 1.9999765
417, 17, 0.0, 0.0, False, 100.0, 0.0, 0.0, 0.0, 20.000103, 1.2887942, 1.9999765
417, 18, 0.0, 0.0, False, 100.0, 0.0, 0.0, 0.0, 20.000103, 1.2887942, 1.9999765
417, 19, 0.0, 0.0, False, 100.0, 0.0, 0.0, 0.0, 20.000103, 1.2887942, 1.9999765
417, 20, 0.0, 0.0, False, 100.0, 0.0, 0.0, 0.0, 20.000103, 1.2887942, 1.9999765
417, 21, 0.0, 0.0, False, 100.0, 0.0, 0.0, 0.0, 20.000103, 1.2887942, 1.9999765
417, 22, 0.0, 0.0, False, 100.0, 0.0, 0.0, 0.0, 20.000103, 1.2887942, 1.9999765
417, 23, 0.0, 0.0, False, 100.0, 0.0, 0.0, 0.0, 20.000103, 1.2887942, 1.9999765
417, 24, 0.0, 0.0, False, 100.0, 0.0, 0.0, 0.0, 20.000103, 1.2887942, 1.9999765
417, 25, 0.0, 0.0, False, 100.0, 0.0, 0.0, 0.0, 20.000103, 1.2887942, 1.9999765
417, 26, 0.0, 0.0, False, 100.0, 0.0, 0.0, 0.0, 20.000103, 1.2887942, 1.9999765
417, 27, 0.0, 0.0, False, 100.0, 0.0, 0.0, 0.0, 20.000103, 1.2887942, 1.9999765
417, 28, 0.0, 0.0, False, 100.0, 0.0, 0.0, 0.0, 20.000103, 1.2887942, 1.9999765
417, 29, 0.0, 0.0, False, 100.0, 0.0, 0.0, 0.0, 20.000103, 1.2887942, 1.9999765
417, 30, 0.0, 0.0, False, 100.0, 0.0, 0.0, 0.0, 20.000103, 1.2887942, 1.9999765
417, 31, 0.0, 0.0, False, 100.0, 0.0, 0.0, 0.0, 20.000103, 1.2887942, 1.9999765
417, 32, 0.0, 0.0, False, 100.0, 0.0, 0.0, 0.0, 20.000103, 1.2887942, 1.9999765
417, 33, 0.0, 0.0, False, 100.0, 0.0, 0.0, 0.0, 20.000103, 1.2887942, 1.9999765
417, 34, 0.0, 0.0, False, 100.0, 0.0, 0.0, 0.0, 20.000103, 1.2887942, 1.9999765
417, 35, 0.0, 0.0, False, 100.0, 0.0, 0.0, 0.0, 20.000103, 1.2887942, 1.9999765
417, 36, 0.0, 0.0, False, 100.0, 0.0, 0.0, 0.0, 20.000103, 1.2887942, 1.9999765
417, 37, 0.0, 0.0, False, 100.0, 0.0, 0.0, 0.0, 20.000103, 1.2887942, 1.9999765
417, 38, 0.0, 0.0, False, 100.0, 0.0, 0.0, 0.0, 20.000103, 1.2887942, 1.9999765
417, 39, 0.0, 0.0, False, 100.0, 0.0, 0.0, 0.0, 20.000103, 1.2887942, 1.9999765
417, 40, 0.0, 0.0, False, 100.0, 0.0, 0.0, 0.0, 20.000103, 1.2887942, 1.9999765
417, 41, 0.0, 0.0, False, 100.0, 0.0, 0.0, 0.0, 20.000103, 1.2887942, 1.9999765
417, 42, 0.0, 0.0, False, 100.0, 0.0, 0.0, 0.0, 20.000103, 1.2887942, 1.9999765
417, 43, 0.0, 0.0, False, 100.0, 0.0, 0.0, 0.0, 20.000103, 1.2887942, 1.9999765
417, 44, 0.0, 0.0, False, 100.0, 0.0, 0.0, 0.0, 20.000103, 1.2887942, 1.9999765
417, 45, 0.0, 0.0, False, 100.0, 0.0, 0.0, 0.0, 20.000103, 1.2887942, 1.9999765
417, 46, 0.0, 0.0, False, 100.0, 0.0, 0.0, 0.0, 20.000103, 1.2887942, 1.9999765
417, 47, 0.0, 0.0, False, 100.0, 0.0, 0.0, 0.0, 20.000103, 1.2887942, 1.9999765
417, 48, 0.0, 0.0, False, 100.0, 0.0, 0.0, 0.0, 20.000103, 1.2887942, 1.9999765
417, 49, 0.0, 0.0, False, 100.0, 0.0, 0.0, 0.0, 20.000103, 1.2887942, 1.9999765
417, 50, 0.0, 0.0, False, 100.0, 0.0, 0.0, 0.0, 20.000103, 1.2887942, 1.9999765
417, 51, 0.0, 0.0, False, 100.0, 0.0, 0.0, 0.0, 20.000103, 1.2887942, 1.9999765
417, 52, 0.0, 0.0, False, 100.0, 0.0, 0.0, 0.0, 20.000103, 1.2887942, 1.9999765
417, 53, 0.0, 0.0, False, 100.0, 0.0, 0.0, 0.0, 20.000103, 1.2887942, 1.9999765
417, 54, 0.0, 0.0, False, 100.0, 0.0, 0.0, 0.0, 20.000103, 1.2887942, 1.9999765
417, 55, 0.0, 0.0, False, 100.0, 0.0, 0.0, 0.0, 20.000103, 1.2887942, 1.9999765
417, 56, 0.0, 0.0, False, 100.0, 0.0, 0.0, 0.0, 20.000103, 1.2887942, 1.9999765
417, 57, 0.0, 0.0, False, 100.0, 0.0, 0.0, 0.0, 20.000103, 1.2887942, 1.9999765
417, 58, 0.0, 0.0, False, 100.0, 0.0, 0.0, 0.0, 20.000103, 1.2887942, 1.9999765
417, 59, 0.0, 0.0, False, 100.0, 0.0, 0.0, 0.0, 20.000103, 1.2887942, 1.9999765
417, 60, 0.0, 0.0, False, 100.0, 0.0, 0.0, 0.0, 20.000103, 1.2887942, 1.9999765
417, 61, 0.0, 0.0, False, 100.0, 0.0, 0.0, 0.0, 20.000103, 1.2887942, 1.9999765
417, 62, 0.0, 0.0, False, 100.0, 0.0, 0.0, 0.0, 20.000103, 1.2887942, 1.9999765
417, 63, 0.0, 0.0, False, 100.0, 0.0, 0.0, 0.0, 20.000103, 1.2887942, 1.9999765
417, 64, 0.0, 0.0, False, 100.0, 0.0, 0.0, 0.0, 20.000103, 1.2887942, 1.9999765
417, 65, 0.0, 0.0, False, 100.0, 0.0, 0.0, 0.0, 20.000103, 1.2887942, 1.9999765
417, 66, 0.0, 0.0, False, 100.0, 0.0, 0.0, 0.0, 20.000103, 1.2887942, 1.9999765
417, 67, 0.0, 0.0, False, 100.0, 0.0, 0.0, 0.0, 20.000103, 1.2887942, 1.9999765
417, 68, 0.0, 0.0, False, 100.0, 0.0, 0.0, 0.0, 20.000103, 1.2887942, 1.9999765
417, 69, 0.0, 0.0, False, 100.0, 0.0, 0.0, 0.0, 20.000103, 1.2887942, 1.9999765
417, 70, 0.0, 0.0, False, 100.0, 0.0, 0.0, 0.0, 20.000103, 1.2887942, 1.9999765
417, 71, 0.0, 0.0, False, 100.0, 0.0, 0.0, 0.0, 20.000103, 1.2887942, 1.9999765
417, 72, 0.0, 0.0, False, 100.0, 0.0, 0.0, 0.0, 20.000103, 1.2887942, 1.9999765
417, 73, 0.0, 0.0, False, 100.0, 0.0, 0.0, 0.0, 20.000103, 1.2887942, 1.9999765
417, 74, 0.0, 0.0, False, 100.0, 0.0, 0.0, 0.0, 20.000103, 1.2887942, 1.9999765
417, 75, 0.0, 0.0, False, 100.0, 0.0, 0.0, 0.0, 20.000103, 1.2887942, 1.9999765
417, 76, 0.0, 0.0, False, 100.0, 0.0, 0.0, 0.0, 20.000103, 1.2887942, 1.9999765
417, 77, 0.0, 0.0, False, 100.0, 0.0, 0.0, 0.0, 20.000103, 1.2887942, 1.9999765
417, 78, 0.0, 0.0, False, 100.0, 0.0, 0.0, 0.0, 20.000103, 1.2887942, 1.9999765
417, 79, 0.0, 0.0, False, 100.0, 0.0, 0.0, 0.0, 20.000103, 1.2887942, 1.9999765
417, 80, 0.0, 0.0, False, 100.0, 0.0, 0.0, 0.0, 20.000103, 1.2887942, 1.9999765
417, 81, 0.0, 0.0, False, 100.0, 0.0, 0.0, 0.0, 20.000103, 1.2887942, 1.9999765
417, 82, 0.0, 0.0, False, 100.0, 0.0, 0.0, 0.0, 20.000103, 1.2887942, 1.9999765
417, 83, 0.0, 0.0, False, 100.0, 0.0, 0.0, 0.0, 20.000103, 1.2887942, 1.9999765
417, 84, 0.0, 0.0, False, 100.0, 0.0, 0.0, 0.0, 20.000103, 1.2887942, 1.9999765
417, 85, 0.0, 0.0, False, 100.0, 0.0, 0.0, 0.0, 20.000103, 1.2887942, 1.9999765
417, 86, 0.0, 0.0, False, 100.0, 0.0, 0.0, 0.0, 20.000103, 1.2887942, 1.9999765
417, 87, 0.0, 0.0, False, 100.0, 0.0, 0.0, 0.0, 20.000103, 1.2887942, 1.9999765
417, 88, 0.0, 0.0, False, 100.0, 0.0, 0.0, 0.0, 20.000103, 1.2887942, 1.9999765
417, 89, 0.0, 0.0, False, 100.0, 0.0, 0.0, 0.0, 20.000103, 1.2887942, 1.9999765
417, 90, 0.0, 0.0, False, 100.0, 0.0, 0.0, 0.0, 20.000103, 1.2887942, 1.9999765
417, 91, 0.0, 0.0, False, 100.0, 0.0, 0.0, 0.0, 20.000103, 1.2887942, 1.9999765
417, 92, 0.0, 0.0, False, 100.0, 0.0, 0.0, 0.0, 20.000103, 1.2887942, 1.9999765
417, 93, 0.0, 0.0, False, 100.0, 0.0, 0.0, 0.0, 20.000103, 1.2887942, 1.9999765
417, 94, 0.0, 0.0, False, 100.0, 0.0, 0.0, 0.0, 20.000103, 1.2887942, 1.9999765
417, 95, 0.0, 0.0, False, 100.0, 0.0, 0.0, 0.0, 20.000103, 1.2887942, 1.9999765
417, 96, 0.0, 0.0, False, 100.0, 0.0, 0.0, 0.0, 20.000103, 1.2887942, 1.9999765
417, 97, 0.0, 0.0, False, 100.0, 0.0, 0.0, 0.0, 20.000103, 1.2887942, 1.9999765
417, 98, 0.0, 0.0, False, 100.0, 0.0, 0.0, 0.0, 20.000103, 1.2887942, 1.9999765
417, 99, 0.0, 0.0, False, 100.0, 0.0, 0.0, 0.0, 20.000103, 1.2887942, 1.9999765
417, 100, 0.0, 0.0, False, 100.0, 0.0, 0.0, 0.0, 20.000103, 1.2887942, 1.9999765
417, 101, 0.0, 0.0, False, 100.0, 0.0, 0.0, 0.0, 20.000103, 1.2887942, 1.9999765
417, 102, 0.0, 0.0, False, 100.0, 0.0, 0.0, 0.0, 20.000103, 1.2887942, 1.9999765
417, 103, 0.0, 0.0, False, 100.0, 0.0, 0.0, 0.0, 20.000103, 1.2887942, 1.9999765
417, 104, 0.0, 0.0, False, 100.0, 0.0, 0.0, 0.0, 20.000103, 1.2887942, 1.9999765
417, 105, 0.0, 0.0, False, 100.0, 0.0, 0.0, 0.0, 20.000103, 1.2887942, 1.9999765
417, 106, 0.0, 0.0, False, 100.0, 0.0, 0.0, 0.0, 20.000103, 1.2887942, 1.9999765
417, 107, 0.0, 0.0, False, 100.0, 0.0, 0.0, 0.0, 20.000103, 1.2887942, 1.9999765
417, 108, 0.0, 0.0, False, 100.0, 0.0, 0.0, 0.0, 20.000103, 1.2887942, 1.9999765
417, 109, 0.0, 0.0, False, 100.0, 0.0, 0.0, 0.0, 20.000103, 1.2887942, 1.9999765
417, 110, 0.0, 0.0, False, 100.0, 0.0, 0.0, 0.0, 20.000103, 1.2887942, 1.9999765
417, 111, 0.0, 0.0, False, 100.0, 0.0, 0.0, 0.0, 20.000103, 1.2887942, 1.9999765
417, 112, 0.0, 0.0, False, 100.0, 0.0, 0.0, 0.0, 20.000103, 1.2887942, 1.9999765
417, 113, 0.0, 0.0, False, 100.0, 0.0, 0.0, 0.0, 20.000103, 1.2887942, 1.9999765
417, 114, 0.0, 0.0, False, 100.0, 0.0, 0.0, 0.0, 20.000103, 1.2887942, 1.9999765
417, 115, 0.0, 0.0, False, 100.0, 0.0, 0.0, 0.0, 20.000103, 1.2887942, 1.9999765
417, 116, 0.0, 0.0, False, 100.0, 0.0, 0.0, 0.0, 20.000103, 1.2887942, 1.9999765
417, 117, 0.0, 0.0, False, 100.0, 0.0, 0.0, 0.0, 20.000103, 1.2887942, 1.9999765
417, 118, 0.0, 0.0, False, 100.0, 0.0, 0.0, 0.0, 20.000103, 1.2887942, 1.9999765
417, 119, 0.0, 0.0, False, 100.0, 0.0, 0.0, 0.0, 20.000103, 1.2887942, 1.9999765
417, 120, 0.0, 0.0, False, 100.0, 0.0, 0.0, 0.0, 20.000103, 1.2887942, 1.9999765
417, 121, 0.0, 0.0, False, 100.0, 0.0, 0.0, 0.0, 20.000103, 1.2887942, 1.9999765
417, 122, 0.0, 0.0, False, 100.0, 0.0, 0.0, 0.0, 20.000103, 1.2887942, 1.9999765
417, 123, 0.0, 0.0, False, 100.0, 0.0, 0.0, 0.0, 20.000103, 1.2887942, 1.9999765
417, 124, 0.0, 0.0, False, 100.0, 0.0, 0.0, 0.0, 20.000103, 1.2887942, 1.9999765
417, 125, 0.0, 0.0, False, 100.0, 0.0, 0.0, 0.0, 20.000103, 1.2887942, 1.9999765
417, 126, 0.0, 0.0, False, 100.0, 0.0, 0.0, 0.0, 20.000103, 1.2887942, 1.9999765
417, 127, 0.0, 0.0, False, 100.0, 0.0, 0.0, 0.0, 20.000103, 1.2887942, 1.9999765
417, 128, 0.0, 0.0, False, 100.0, 0.0, 0.0, 0.0, 20.000103, 1.2887942, 1.9999765
417, 129, 0.0, 0.0, False, 100.0, 0.0, 0.0, 0.0, 20.000103, 1.2887942, 1.9999765
417, 130, 0.0, 0.0, False, 100.0, 0.0, 0.0, 0.0, 20.000103, 1.2887942, 1.9999765
417, 131, 0.0, 0.0, False, 100.0, 0.0, 0.0, 0.0, 20.000103, 1.2887942, 1.9999765
417, 132, 0.0, 0.0, False, 100.0, 0.0, 0.0, 0.0, 20.000103, 1.2887942, 1.9999765
417, 133, 0.0, 0.0, False, 100.0, 0.0, 0.0, 0.0, 20.000103, 1.2887942, 1.9999765
417, 134, 0.0, 0.0, False, 100.0, 0.0, 0.0, 0.0, 20.000103, 1.2887942, 1.9999765
417, 135, 0.0, 0.0, False, 100.0, 0.0, 0.0, 0.0, 20.000103, 1.2887942, 1.9999765
417, 136, 0.0, 0.0, False, 100.0, 0.0, 0.0, 0.0, 20.000103, 1.2887942, 1.9999765
417, 137, 0.0, 0.0, False, 100.0, 0.0, 0.0, 0.0, 20.000103, 1.2887942, 1.9999765
417, 138, 0.0, 0.0, False, 100.0, 0.0, 0.0, 0.0, 20.000103, 1.2887942, 1.9999765
417, 139, 0.0, 0.0, False, 100.0, 0.0, 0.0, 0.0, 20.000103, 1.2887942, 1.9999765
417, 140, 0.0, 0.0, False, 100.0, 0.0, 0.0, 0.0, 20.000103, 1.2887942, 1.9999765
417, 141, 0.0, 0.0, False, 100.0, 0.0, 0.0, 0.0, 20.000103, 1.2887942, 1.9999765
417, 142, 0.0, 0.0, False, 100.0, 0.0, 0.0, 0.0, 20.000103, 1.2887942, 1.9999765
417, 143, 0.0, 0.0, False, 100.0, 0.0, 0.0, 0.0, 20.000103, 1.2887942, 1.9999765
417, 144, 0.0, 0.0, False, 100.0, 0.0, 0.0, 0.0, 20.000103, 1.2887942, 1.9999765
417, 145, 0.0, 0.0, False, 100.0, 0.0, 0.0, 0.0, 20.000103, 1.2887942, 1.9999765
417, 146, 0.0, 0.0, False, 100.0, 0.0, 0.0, 0.0, 20.000103, 1.2887942, 1.9999765
417, 147, 0.0, 0.0, False, 100.0, 0.0, 0.0, 0.0, 20.000103, 1.2887942, 1.9999765
417, 148, 0.0, 0.0, False, 100.0, 0.0, 0.0, 0.0, 20.000103, 1.2887942, 1.9999765
417, 149, 0.0, 0.0, False, 100.0, 0.0, 0.0, 0.0, 20.000103, 1.2887942, 1.9999765
417, 150, 0.0, 0.0, False, 100.0, 0.0, 0.0, 0.0, 20.000103, 1.2887942, 1.9999765
417, 151, 0.0, 0.0, False, 100.0, 0.0, 0.0, 0.0, 20.000103, 1.2887942, 1.9999765
417, 152, 0.0, 0.0, False, 100.0, 0.0, 0.0, 0.0, 20.000103, 1.2887942, 1.9999765
417, 153, 0.0, 0.0, False, 100.0, 0.0, 0.0, 0.0, 20.000103, 1.2887942, 1.9999765
417, 154, 0.0, 0.0, False, 100.0, 0.0, 0.0, 0.0, 20.000103, 1.2887942, 1.9999765
417, 155, 0.0, 0.0, False, 100.0, 0.0, 0.0, 0.0, 20.000103, 1.2887942, 1.9999765
417, 156, 0.0, 0.0, False, 100.0, 0.0, 0.0, 0.0, 20.000103, 1.2887942, 1.9999765
417, 157, 0.0, 0.0, False, 100.0, 0.0, 0.0, 0.0, 20.000103, 1.2887942, 1.9999765
417, 158, 0.0, 0.0, False, 100.0, 0.0, 0.0, 0.0, 20.000103, 1.2887942, 1.9999765
417, 159, 0.0, 0.0, False, 100.0, 0.0, 0.0, 0.0, 20.000103, 1.2887942, 1.9999765
417, 160, 0.0, 0.0, False, 100.0, 0.0, 0.0, 0.0, 20.000103, 1.2887942, 1.9999765
417, 161, 0.0, 0.0, False, 100.0, 0.0, 0.0, 0.0, 20.000103, 1.2887942, 1.9999765
417, 162, 0.0, 0.0, False, 100.0, 0.0, 0.0, 0.0, 20.000103, 1.2887942, 1.9999765
417, 163, 0.0, 0.0, False, 100.0, 0.0, 0.0, 0.0, 20.000103, 1.2887942, 1.9999765
417, 164, 0.0, 0.0, False, 100.0, 0.0, 0.0, 0.0, 20.000103, 1.2887942, 1.9999765
417, 165, 0.0, 0.0, False, 100.0, 0.0, 0.0, 0.0, 20.000103, 1.2887942, 1.9999765
417, 166, 0.0, 0.0, False, 100.0, 0.0, 0.0, 0.0, 20.000103, 1.2887942, 1.9999765
417, 167, 0.0, 0.0, False, 100.0, 0.0, 0.0, 0.0, 20.000103, 1.2887942, 1.9999765
417, 168, -0.0007999999797903001, -0.0007999999797903001, False, 99.92, -0.00015745084, -0.00034570694, -1.6809707, 20.000092, 1.288803, 1.9492855
417, 169, -0.0011999999405816197, -0.00199999992037192, False, 99.799995, 0.03869286, -0.0003619939, 1.1699362, 19.997913, 1.2888052, 1.9682473
417, 170, -0.0011999999405816197, -0.0031999998609535396, False, 99.67999, 0.30528137, -0.0003721863, 3.5267506, 19.979984, 1.2888048, 2.133312
417, 171, -0.0011999999405816197, -0.004399999801535159, False, 99.55999, 0.7534808, -0.00036491454, 5.629515, 19.931366, 1.2888037, 2.4282534
417, 172, -0.0011999999405816197, -0.005599999742116779, False, 99.43999, 0.650805, -0.00036397576, 7.5888724, 19.841501, 1.2888023, 2.837502
417, 173, -0.0011999999405816197, -0.006799999682698399, False, 99.319984, -0.315827, -0.00036640465, 9.380781, 19.715054, 1.2888002, 3.3506207
417, 174, -0.0011999999405816197, -0.007999999623280019, False, 99.19998, -0.27735853, -0.00037944317, 10.989921, 19.567513, 1.2887971, 3.9611866
417, 175, -0.0011999999405816197, -0.009199999563861638, False, 99.07998, 2.0925155, 0.0048452616, 10.362025, 19.49974, 1.2891448, 4.6007586
417, 176, -0.0011999999405816197, -0.010399999504443258, False, 98.95998, 2.476171, -0.084977664, 11.629947, 19.499718, 1.2875085, 5.2829123
417, 177, -0.0011999999405816197, -0.011599999445024878, False, 98.83997, 2.4321878, -0.5557196, 7.4768124, 19.499903, 1.2627175, 5.827841
417, 178, -0.0011999999405816197, -0.012799999385606498, False, 98.71997, 2.8803122, -0.50584406, 8.859278, 19.499603, 1.2311571, 6.3586235
417, 179, -0.0011999999405816197, -0.013999999326188117, False, 98.59997, 4.28787, -0.43156022, 9.625377, 19.499603, 1.2034047, 6.968285
417, 180, -0.0011999999405816197, -0.015199999266769737, False, 98.479965, 5.683198, -0.35006464, 9.838409, 19.499556, 1.180734, 7.6353483
417, 181, -0.0011999999405816197, -0.016399999207351357, False, 98.35996, 6.693203, -0.4813601, 10.128286, 19.488758, 1.1585277, 8.34303
417, 182, -0.0011999999405816197, -0.017599999147932976, False, 98.23996, 6.2982173, -0.94467807, 7.651648, 19.461508, 1.1118543, 8.956921
417, 183, -0.0011999999405816197, -0.018799999088514596, False, 98.11996, 6.406901, -1.408587, 6.3051805, 19.43679, 1.036416, 9.513743
417, 184, -0.0011999999405816197, -0.019999999029096216, False, 97.999954, 5.519553, -0.12700391, 3.511522, 19.430243, 0.99012405, 9.973783
417, 185, -0.0011999999405816197, -0.021199998969677836, False, 97.87995, 4.728394, -0.0012235343, -0.22367024, 19.541384, 0.98949146, 10.26
417, 186, -0.0011999999405816197, -0.022399998910259455, False, 97.75995, 3.7699263, -0.00039173663, -3.284068, 19.774567, 0.9894769, 10.421272
417, 187, -0.0011999999405816197, -0.023599998850841075, False, 97.639946, 2.7310898, -0.00042015314, -5.8378434, 20.121456, 0.98946095, 10.492922
417, 188, -0.0011999999405816197, -0.024799998791422695, False, 97.51994, 1.6388566, -0.00039987266, -8.007621, 20.576708, 0.98943913, 10.504458
417, 189, -0.0011999999405816197, -0.025999998732004315, False, 97.39994, 0.504647, -0.00034089386, -9.8526745, 21.134724, 0.9894121, 10.480495
417, 190, -0.0011999999405816197, -0.027199998672585934, False, 97.27994, -0.6390974, -0.552036, -10.772463, 21.782722, 0.96708465, 10.4422655
417, 191, -0.0011999999405816197, -0.028399998613167554, False, 97.159935, 0.44484532, -1.052445, -9.778114, 22.38858, 0.9137292, 10.406324
417, 192, -0.0011999999405816197, -0.029599998553749174, False, 97.03993, 0.4034919, -1.5063357, -8.869134, 22.938116, 0.83223015, 10.373725
417, 193, -0.0011999999405816197, -0.030799998494330794, False, 96.91993, 0.36598313, -1.9180325, -8.044652, 23.436567, 0.72520363, 10.344155
417, 194, -0.0011999999405816197, -0.03199999843491241, False, 96.79993, 0.33196092, -2.2914574, -7.296815, 23.888681, 0.5950228, 10.317335
417, 195, -0.0011999999405816197, -0.03319999837549403, False, 96.679924, -0.30807024, -0.25774002, -5.1927557, 24.270348, 0.49128866, 10.294694
417, 196, -0.0011999999405816197, -0.03439999831607565, False, 96.55992, -0.89670014, -0.0020599365, -6.994075, 24.654732, 0.49001038, 10.280976
417, 197, -0.0011999999405816197, -0.03559999825665727, False, 96.43992, -1.6003238, -1.4305115e-05, -8.702787, 25.150486, 0.49000007, 10.286423
417, 198, -0.0011999999405816197, -0.03679999819723889, False, 96.319916, -2.3812356, 0.0, -10.182197, 25.74519, 0.49000007, 10.32561
417, 199, -0.0011999999405816197, -0.03799999813782051, False, 96.19991, -2.096486, 0.0, -11.722833, 26.426048, 0.49000007, 10.408795
417, 200, -0.0011999999405816197, -0.03919999807840213, False, 96.07991, -1.8516991, 0.0, -13.117892, 27.184443, 0.49000007, 10.533416
417, 201, -0.0011999999405816197, -0.04039999801898375, False, 95.95991, -1.6393964, 0.0, -14.381923, 28.013271, 0.49000007, 10.69497
417, 202, -0.0011999999405816197, -0.04159999795956537, False, 95.839905, -1.4540987, 0.0, -15.527637, 28.906084, 0.49000007, 10.88955
417, 203, -0.0011999999405816197, -0.04279999790014699, False, 95.7199, -1.2916095, 0.0, -16.566336, 29.857012, 0.49000007, 11.113726
417, 204, -0.0011999999405816197, -0.04399999784072861, False, 95.5999, -2.8732824, 0.0, -17.299583, 30.859825, 0.49000007, 11.366975
417, 205, -0.0011999999405816197, -0.04519999778131023, False, 95.4799, -2.55753, 0.0, -18.17603, 31.905352, 0.49000007, 11.6577835
417, 206, -0.0011999999405816197, -0.04639999772189185, False, 95.35989, -2.2782335, 0.0, -18.970024, 32.988766, 0.49000007, 11.984579
417, 207, -0.0011999999405816197, -0.04759999766247347, False, 95.23989, -2.0307612, 0.0, -19.689514, 34.10666, 0.49000007, 12.343655
417, 208, -0.0011999999405816197, -0.04879999760305509, False, 95.11989, 0.22578382, 0.0, -20.42707, 35.256943, 0.49000007, 12.729252
417, 209, -0.0011999999405816197, -0.04999999754363671, False, 94.999886, 0.20146704, 0.0, -21.009203, 36.441082, 0.49000007, 13.127217
417, 210, -0.0011999999405816197, -0.05119999748421833, False, 94.87988, 0.17984724, 0.0, -21.53721, 37.656773, 0.49000007, 13.534016
417, 211, -0.0011999999405816197, -0.05239999742479995, False, 94.75988, 0.160604, 0.0, -22.01613, 38.90108, 0.49000007, 13.948849
417, 212, -0.0011999999405816197, -0.05359999736538157, False, 94.63988, 0.0, 0.0, 0.0, 39.549038, 0.49, 14.230632
417, 213, -0.0011999999405816197, -0.05479999730596319, False, 94.519875, 2.4243661e-08, 0.0, 5.445144e-08, 39.500393, 0.49, 14.230843
417, 214, -0.0011999999405816197, -0.05599999724654481, False, 94.39987, 0.0, 0.0, 0.0, 39.500004, 0.49, 14.230987
417, 215, -0.0011999999405816197, -0.05719999718712643, False, 94.27987, 0.0, 0.0, 0.0, 39.5, 0.49, 14.231144
417, 216, -0.0011999999405816197, -0.05839999712770805, False, 94.15987, 0.0, 0.0, 0.0, 39.5, 0.49, 14.231301
417, 217, -0.0011999999405816197, -0.05959999706828967, False, 94.03986, 0.0, 0.0, 0.0, 39.5, 0.49, 14.231459
417, 218, -0.0011999999405816197, -0.06079999700887129, False, 93.91986, 2.424364e-08, 0.0, 5.4451448e-08, 39.5, 0.49, 14.231603
417, 219, -0.0011999999405816197, -0.06199999694945291, False, 93.79986, 2.5809504e-08, 0.0, -1.4901282e-08, 39.5, 0.49, 14.231733
417, 220, -0.0011999999405816197, -0.06319999689003453, False, 93.679855, 0.0, 0.0, 0.0, 39.5, 0.49, 14.231877
417, 221, -0.0011999999405816197, -0.06439999683061615, False, 93.55985, 0.0, 0.0, 0.0, 39.5, 0.49, 14.232008
417, 222, -0.0011999999405816197, -0.06559999677119777, False, 93.43985, 0.0, 0.0, 0.0, 39.5, 0.49, 14.232165
417, 223, -0.0011999999405816197, -0.06679999671177939, False, 93.31985, 0.0, 0.0, 0.0, 39.5, 0.49, 14.232309
417, 224, -0.0011999999405816197, -0.067999996652361, False, 93.199844, 0.0, 0.0, 0.0, 39.5, 0.49, 14.232408
417, 225, -0.0011999999405816197, -0.06919999659294263, False, 93.07984, 0.0, 0.0, 0.0, 39.5, 0.49, 14.23249
417, 226, -0.0011999999405816197, -0.07039999653352425, False, 92.95984, 0.0, 0.0, 0.0, 39.5, 0.49, 14.232607
417, 227, -0.0011999999405816197, -0.07159999647410586, False, 92.839836, 0.0, 0.0, 0.0, 39.5, 0.49, 14.232738
417, 228, -0.0011999999405816197, -0.07279999641468748, False, 92.71983, 2.5809513e-08, 0.0, -1.4901257e-08, 39.5, 0.49, 14.232895
417, 229, -0.0011999999405816197, -0.0739999963552691, False, 92.59983, 0.0, 0.0, 0.0, 39.5, 0.49, 14.233066
417, 230, -0.0011999999405816197, -0.07519999629585072, False, 92.47983, 0.0, 0.0, 0.0, 39.5, 0.49, 14.23325
417, 231, -0.0011999999405816197, -0.07639999623643234, False, 92.359825, 2.722574e-08, 1.4901161e-08, -1.21217845e-08, 39.5, 0.49, 14.233394
417, 232, -0.0011999999405816197, -0.07759999617701396, False, 92.23982, 2.5809518e-08, -1.4901161e-08, -1.4901246e-08, 39.5, 0.49, 14.233524
417, 233, -0.0011999999405816197, -0.07879999611759558, False, 92.11982, -2.5809518e-08, 1.4901161e-08, 1.4901246e-08, 39.5, 0.49, 14.233682
417, 234, -0.0011999999405816197, -0.0799999960581772, False, 91.99982, 0.0, 0.0, 0.0, 39.5, 0.49, 14.233839
417, 235, -0.0011999999405816197, -0.08119999599875882, False, 91.879814, 0.0, 0.0, 0.0, 39.5, 0.49, 14.233983
417, 236, -0.0011999999405816197, -0.08239999593934044, False, 91.75981, 0.0, 0.0, 0.0, 39.5, 0.49, 14.234081
417, 237, -0.0011999999405816197, -0.08359999587992206, False, 91.63981, -2.4243533e-08, 0.0, -5.4451494e-08, 39.5, 0.49, 14.234163
417, 238, -0.0011999999405816197, -0.08479999582050368, False, 91.519806, 0.0, 0.0, 0.0, 39.5, 0.49, 14.234294
417, 239, -0.0011999999405816197, -0.0859999957610853, False, 91.3998, 0.0, 0.0, 0.0, 39.5, 0.49, 14.234451
417, 240, -0.0011999999405816197, -0.08719999570166692, False, 91.2798, 0.0, 0.0, 0.0, 39.5, 0.49, 14.234609
417, 241, -0.0011999999405816197, -0.08839999564224854, False, 91.1598, 0.0, 0.0, 0.0, 39.5, 0.49, 14.234753
417, 242, -0.0011999999405816197, -0.08959999558283016, False, 91.039795, -3.992925e-09, 0.0, -6.652029e-08, 39.5, 0.49, 14.234883
417, 243, -0.0011999999405816197, -0.09079999552341178, False, 90.91979, 0.0, 0.0, 0.0, 39.5, 0.49, 14.235041
417, 244, -0.0011999999405816197, -0.0919999954639934, False, 90.79979, 0.0, 0.0, 0.0, 39.5, 0.49, 14.235211
417, 245, -0.0011999999405816197, -0.09319999540457502, False, 90.67979, 0.0, 0.0, 0.0, 39.5, 0.49, 14.235395
417, 246, -0.0011999999405816197, -0.09439999534515664, False, 90.559784, 0.0, 0.0, 0.0, 39.5, 0.49, 14.235539
417, 247, -0.0011999999405816197, -0.09559999528573826, False, 90.43978, 0.0, 0.0, 0.0, 39.5, 0.49, 14.235657
417, 248, -0.0011999999405816197, -0.09679999522631988, False, 90.31978, 0.0, 0.0, 0.0, 39.5, 0.49, 14.235787
417, 249, -0.0011999999405816197, -0.0979999951669015, False, 90.199776, 0.0, 0.0, 0.0, 39.5, 0.49, 14.235931
417, 250, -0.0011999999405816197, -0.09919999510748312, False, 90.07977, 0.0, 0.0, 0.0, 39.5, 0.49, 14.23603
417, 251, -0.0011999999405816197, -0.10039999504806474, False, 89.95977, 0.0, 0.0, 0.0, 39.5, 0.49, 14.236112
417, 252, -0.0011999999405816197, -0.10159999498864636, False, 89.83977, 3.9928594e-09, 1.4901161e-08, 6.65203e-08, 39.5, 0.49, 14.236242
417, 253, -0.0011999999405816197, -0.10279999492922798, False, 89.719765, 4.822111e-08, -1.4901161e-08, -3.5034823e-08, 39.5, 0.49, 14.236413
417, 254, -0.0011999999405816197, -0.1039999948698096, False, 89.59976, 4.822111e-08, -1.4901161e-08, -3.5034823e-08, 39.5, 0.49, 14.23661
417, 255, -0.0011999999405816197, -0.10519999481039122, False, 89.47976, 4.822111e-08, -1.4901161e-08, -3.5034823e-08, 39.5, 0.49, 14.236808
417, 256, -0.0011999999405816197, -0.10639999475097284, False, 89.35976, 4.822111e-08, -1.4901161e-08, -3.5034823e-08, 39.5, 0.49, 14.237005
417, 257, -0.0011999999405816197, -0.10759999469155446, False, 89.23975, 4.822111e-08, -1.4901161e-08, -3.5034823e-08, 39.5, 0.49, 14.237203
417, 258, -0.0011999999405816197, -0.10879999463213608, False, 89.11975, 4.822111e-08, -1.4901161e-08, -3.5034823e-08, 39.5, 0.49, 14.2374
417, 259, -0.0011999999405816197, -0.1099999945727177, False, 88.99975, 4.822111e-08, -1.4901161e-08, -3.5034823e-08, 39.5, 0.49, 14.237597
417, 260, -0.0011999999405816197, -0.11119999451329932, False, 88.879745, 5.1619104e-08, -1.4901161e-08, -2.9802408e-08, 39.5, 0.49, 14.237782
417, 261, -0.0011999999405816197, -0.11239999445388094, False, 88.75974, 0.0, 0.0, 0.0, 39.5, 0.49, 14.237939
417, 262, -0.0011999999405816197, -0.11359999439446256, False, 88.63974, 0.0, 0.0, 0.0, 39.5, 0.49, 14.238096
417, 263, -0.0011999999405816197, -0.11479999433504418, False, 88.51974, 0.0, 0.0, 0.0, 39.5, 0.49, 14.238267
417, 264, -0.0011999999405816197, -0.1159999942756258, False, 88.399734, 0.00014599573, -4.7266483e-05, -0.00013145566, 39.5, 0.48999098, 14.238505
417, 265, -0.0011999999405816197, -0.11719999421620741, False, 88.27973, 0.00044113208, -0.00013713539, -0.00039719872, 39.5, 0.48974824, 14.239843
417, 266, -0.0011999999405816197, -0.11839999415678903, False, 88.15973, 0.0, 0.0, 0.0, 39.5, 0.48981416, 14.240157
417, 267, -0.0011999999405816197, -0.11959999409737065, False, 88.03973, 0.0, 0.0, 0.0, 39.5, 0.48988986, 14.240291
417, 268, -0.0011999999405816197, -0.12079999403795227, False, 87.91972, 0.0, 0.0, 0.0, 39.5, 0.4899347, 14.24045
417, 269, -0.0011999999405816197, -0.1219999939785339, False, 87.79972, 0.0, 0.0, 0.0, 39.5, 0.4899613, 14.240624
417, 270, -0.0011999999405816197, -0.12319999391911551, False, 87.67972, 1.0323821e-07, -2.9802322e-08, -5.960479e-08, 39.5, 0.48997706, 14.240795
417, 271, -0.0011999999405816197, -0.12439999385969713, False, 87.559715, 0.0, 0.0, 0.0, 39.5, 0.4899864, 14.240945
417, 272, -0.0011999999405816197, -0.12559999380027875, False, 87.43971, 3.503481e-08, 0.0, 4.8221118e-08, 39.5, 0.48999196, 14.241111
417, 273, -0.0011999999405816197, -0.12679999374086037, False, 87.31971, 0.00013311034, -4.312396e-05, -0.00011993371, 39.5, 0.48998958, 14.241336
417, 274, -0.0011999999405816197, -0.127999993681442, False, 87.19971, 0.0, 1.4901161e-08, 0.0, 39.5, 0.48988846, 14.242087
417, 275, -0.0011999999405816197, -0.1291999936220236, False, 87.079704, 4.822112e-08, -2.9802322e-08, -3.503481e-08, 39.5, 0.4899339, 14.242247
417, 276, -0.0011999999405816197, -0.13039999356260523, False, 86.9597, 1.5773367e-05, -5.1259995e-06, -1.4282656e-05, 39.5, 0.48996082, 14.242433
417, 277, -0.0011999999405816197, -0.13159999350318685, False, 86.8397, 0.00042952242, -0.0001335293, -0.00038666476, 39.5, 0.48974603, 14.243685
417, 278, -0.0011999999405816197, -0.13279999344376847, False, 86.719696, 0.0, 0.0, 0.0, 39.5, 0.4898135, 14.243995
417, 279, -0.0011999999405816197, -0.1339999933843501, False, 86.59969, 0.0, 0.0, 0.0, 39.5, 0.48988947, 14.244141
417, 280, -0.0011999999405816197, -0.1351999933249317, False, 86.47969, 0.0004012225, -0.00012475252, -0.00036126346, 39.5, 0.48974064, 14.245193
417, 281, -0.0011999999405816197, -0.13639999326551333, False, 86.35969, 0.00034075565, -0.000105917454, -0.00030673854, 39.5, 0.48972917, 14.245828
417, 282, -0.0011999999405816197, -0.13759999320609495, False, 86.239685, 8.325594e-08, -2.9802322e-08, 1.3186316e-08, 39.5, 0.48980856, 14.246105
417, 283, -0.0011999999405816197, -0.13879999314667657, False, 86.11968, 4.822113e-08, -2.9802322e-08, -3.503481e-08, 39.5, 0.48988655, 14.246237
417, 284, -0.0011999999405816197, -0.1399999930872582, False, 85.99968, 4.822113e-08, -2.9802322e-08, -3.503481e-08, 39.5, 0.48993272, 14.246394
417, 285, -0.0011999999405816197, -0.1411999930278398, False, 85.87968, 5.1619114e-08, -1.4901161e-08, -2.980238e-08, 39.5, 0.48996016, 14.246554
417, 286, -0.0011999999405816197, -0.14239999296842143, False, 85.759674, 0.0, 0.0, 0.0, 39.5, 0.48997644, 14.246712
417, 287, -0.0011999999405816197, -0.14359999290900305, False, 85.63967, 0.0, 0.0, 0.0, 39.5, 0.48998603, 14.246887
417, 288, -0.0011999999405816197, -0.14479999284958467, False, 85.51967, 0.0, 0.0, 0.0, 39.5, 0.48999175, 14.247026
417, 289, -0.0011999999405816197, -0.1459999927901663, False, 85.399666, 0.0, 0.0, 0.0, 39.5, 0.48999512, 14.247141
417, 290, -0.0011999999405816197, -0.1471999927307479, False, 85.27966, 2.8343695e-08, -1.4901161e-08, -9.209426e-09, 39.5, 0.48999712, 14.247236
417, 291, -0.0011999999405816197, -0.14839999267132953, False, 85.15966, 0.0, 0.0, 0.0, 39.5, 0.4899983, 14.247316
417, 292, -0.0011999999405816197, -0.14959999261191115, False, 85.03966, 0.0, 1.4901161e-08, 0.0, 39.5, 0.489999, 14.247446
417, 293, -0.0011999999405816197, -0.15079999255249277, False, 84.919655, -3.9927777e-09, -1.4901161e-08, -6.65203e-08, 39.5, 0.4899994, 14.247603
417, 294, -0.0011999999405816197, -0.1519999924930744, False, 84.79965, 0.0, 0.0, 0.0, 39.5, 0.48999965, 14.247774
417, 295, -0.0011999999405816197, -0.153199992433656, False, 84.67965, 1.3186391e-08, -1.4901161e-08, -8.325591e-08, 39.5, 0.4899998, 14.247972
417, 296, -0.0011999999405816197, -0.15439999237423763, False, 84.55965, 0.0, 0.0, 0.0, 39.5, 0.4899998, 14.248156
417, 297, -0.0011999999405816197, -0.15559999231481925, False, 84.439644, -3.992776e-09, -1.4901161e-08, -6.652031e-08, 39.5, 0.4899998, 14.248313
417, 298, -0.0011999999405816197, -0.15679999225540087, False, 84.31964, 2.5809568e-08, -1.4901161e-08, -1.4901172e-08, 39.5, 0.4899998, 14.24847
417, 299, -0.0011999999405816197, -0.15799999219598249, False, 84.19964, -3.503476e-08, 0.0, -4.8221157e-08, 39.5, 0.4899998, 14.248641
417, 300, -0.0011999999405816197, -0.1591999921365641, False, 84.079636, 4.8221157e-08, -1.4901161e-08, -3.503476e-08, 39.5, 0.4899998, 14.248838
417, 301, -0.0011999999405816197, -0.16039999207714573, False, 83.95963, 0.00014533143, -4.7042966e-05, -0.0001308572, 39.5, 0.48999095, 14.249077
417, 302, -0.0011999999405816197, -0.16159999201772735, False, 83.83963, 0.00044139827, -0.0001372248, -0.00039743737, 39.5, 0.48974827, 14.250415
417, 303, -0.0011999999405816197, -0.16279999195830896, False, 83.71963, 0.00034390527, -0.00010693073, -0.00030965416, 39.5, 0.48972973, 14.251071
417, 304, -0.0011999999405816197, -0.16399999189889058, False, 83.599625, 0.0003365479, -0.000104635954, -0.00030294934, 39.5, 0.48972836, 14.251675
417, 305, -0.0011999999405816197, -0.1651999918394722, False, 83.47962, 0.00033606507, -0.00010447204, -0.0003025948, 39.5, 0.48972827, 14.252275
417, 306, -0.0011999999405816197, -0.16639999178005382, False, 83.35962, 0.00033597648, -0.00010447204, -0.000302515, 39.5, 0.48972827, 14.252876
417, 307, -0.0011999999405816197, -0.16759999172063544, False, 83.23962, 4.822116e-08, -1.4901161e-08, -3.503476e-08, 39.5, 0.48980826, 14.253153
417, 308, -0.0011999999405816197, -0.16879999166121706, False, 83.11961, 4.822116e-08, -1.4901161e-08, -3.503476e-08, 39.5, 0.48988637, 14.253284
417, 309, -0.0011999999405816197, -0.16999999160179868, False, 82.99961, 4.429486e-08, -1.4901161e-08, -3.9883325e-08, 39.5, 0.48993266, 14.253455
417, 310, -0.0011999999405816197, -0.1711999915423803, False, 82.87961, 0.00041854216, -0.00013011694, -0.00037685753, 39.5, 0.48974392, 14.254629
417, 311, -0.0011999999405816197, -0.17239999148296192, False, 82.759605, 0.0015819694, -0.00050777197, -0.0017569582, 39.5, 0.48947027, 14.256571
417, 312, -0.0011999999405816197, -0.17359999142354354, False, 82.6396, 0.00016357651, -4.8935413e-05, -0.00014720493, 39.5, 0.48943675, 14.258248
417, 313, -0.0011999999405816197, -0.17479999136412516, False, 82.5196, 4.822116e-08, -1.4901161e-08, -3.503476e-08, 39.5, 0.48966616, 14.258291
417, 314, -0.0011999999405816197, -0.17599999130470678, False, 82.3996, 1.3288458e-07, -2.9802322e-08, -1.1964997e-07, 39.5, 0.48980215, 14.258387
417, 315, -0.0011999999405816197, -0.1771999912452884, False, 82.279594, 3.5034745e-08, 0.0, 4.8221157e-08, 39.5, 0.48983154, 14.258794
417, 316, -0.0011999999405816197, -0.17839999118587002, False, 82.15959, 0.0, 0.0, 0.0, 39.5, 0.48990017, 14.258945
417, 317, -0.0011999999405816197, -0.17959999112645164, False, 82.03959, 0.0016542778, -0.0005309433, -0.0018372643, 39.5, 0.48948294, 14.261331
417, 318, -0.0011999999405816197, -0.18079999106703326, False, 81.919586, 0.0001715097, -5.13196e-05, -0.00015442824, 39.5, 0.48943886, 14.263042
417, 319, -0.0011999999405816197, -0.18199999100761488, False, 81.79958, 4.8221157e-08, -1.4901161e-08, -3.5034745e-08, 39.5, 0.48966742, 14.263085
417, 320, -0.0011999999405816197, -0.1831999909481965, False, 81.67958, 0.0, 0.0, 0.0, 39.5, 0.4898029, 14.263168
417, 321, -0.0011999999405816197, -0.18439999088877812, False, 81.55958, 0.0, 0.0, 0.0, 39.5, 0.48988315, 14.26331
417, 322, -0.0011999999405816197, -0.18559999082935974, False, 81.439575, 0.00039834372, -0.00012384355, -0.00035867072, 39.5, 0.48974016, 14.264345
417, 323, -0.0011999999405816197, -0.18679999076994136, False, 81.31957, 0.0003406275, -0.00010588765, -0.00030670274, 39.5, 0.48972914, 14.264979
417, 324, -0.0011999999405816197, -0.18799999071052298, False, 81.19957, 0.0, 0.0, 0.0, 39.5, 0.48980856, 14.265257
417, 325, -0.0011999999405816197, -0.1891999906511046, False, 81.07957, 8.142146e-08, -1.4901161e-08, 2.1816817e-08, 39.5, 0.48988655, 14.265376
417, 326, -0.0011999999405816197, -0.19039999059168622, False, 80.959564, 2.1816813e-08, -2.9802322e-08, -8.142146e-08, 39.5, 0.48993272, 14.265495
417, 327, -0.0011999999405816197, -0.19159999053226784, False, 80.83956, 0.0, 0.0, 0.0, 39.5, 0.48996016, 14.265617
417, 328, -0.0011999999405816197, -0.19279999047284946, False, 80.71956, 0.0, 0.0, 0.0, 39.5, 0.48997644, 14.265703
417, 329, -0.0011999999405816197, -0.19399999041343108, False, 80.599556, 2.4243363e-08, 0.0, 5.445157e-08, 39.5, 0.48998603, 14.265779
417, 330, -0.0011999999405816197, -0.1951999903540127, False, 80.47955, 3.9927297e-09, 1.4901161e-08, 6.6520315e-08, 39.5, 0.48999178, 14.265904
417, 331, -0.0011999999405816197, -0.19639999029459432, False, 80.35955, 0.0, 1.4901161e-08, 0.0, 39.5, 0.48999512, 14.266072
417, 332, -0.0011999999405816197, -0.19759999023517594, False, 80.23955, 1.3186465e-08, -1.4901161e-08, -8.32559e-08, 39.5, 0.48999712, 14.266267
417, 333, -0.0011999999405816197, -0.19879999017575756, False, 80.119545, 0.0, 0.0, 0.0, 39.5, 0.4899983, 14.266461
417, 334, -0.0011999999405816197, -0.19999999011633918, False, 79.99954, 0.00014333826, -4.6417117e-05, -0.00012906236, 39.5, 0.4899907, 14.266698
417, 335, -0.0011999999405816197, -0.2011999900569208, False, 79.87954, 0.0, 0.0, 0.0, 39.5, 0.48988882, 14.267451
417, 336, -0.0011999999405816197, -0.20239998999750242, False, 79.75954, 0.0, 0.0, 0.0, 39.5, 0.48993406, 14.267611
417, 337, -0.0011999999405816197, -0.20359998993808404, False, 79.639534, 0.0, 0.0, 0.0, 39.5, 0.48996094, 14.267784
417, 338, -0.0011999999405816197, -0.20479998987866566, False, 79.51953, 0.0, 0.0, 0.0, 39.5, 0.48997682, 14.267955
417, 339, -0.0011999999405816197, -0.20599998981924728, False, 79.39953, 0.0, 0.0, 0.0, 39.5, 0.48998627, 14.268105
417, 340, -0.0011999999405816197, -0.2071999897598289, False, 79.279526, 2.5809582e-08, -1.4901161e-08, -1.4901147e-08, 39.5, 0.48999184, 14.268257
417, 341, -0.0011999999405816197, -0.20839998970041052, False, 79.15952, -3.503471e-08, 1.4901161e-08, -4.8221196e-08, 39.5, 0.4899952, 14.268425
417, 342, -0.0011999999405816197, -0.20959998964099213, False, 79.03952, 0.0, 0.0, 0.0, 39.5, 0.48999715, 14.26862
417, 343, -0.0011999999405816197, -0.21079998958157375, False, 78.91952, 0.0, 0.0, 0.0, 39.5, 0.4899983, 14.268814
417, 344, -0.0011999999405816197, -0.21199998952215537, False, 78.799515, 0.0, 0.0, 0.0, 39.5, 0.489999, 14.2690115
417, 345, -0.0011999999405816197, -0.213199989462737, False, 78.67951, 0.0, 0.0, 0.0, 39.5, 0.4899994, 14.269209
417, 346, -0.0011999999405816197, -0.2143999894033186, False, 78.55951, 0.0, 0.0, 0.0, 39.5, 0.48999965, 14.269393
417, 347, -0.0011999999405816197, -0.21559998934390023, False, 78.43951, 0.0, 0.0, 0.0, 39.5, 0.4899998, 14.26955
417, 348, -0.0011999999405816197, -0.21679998928448185, False, 78.3195, 0.0, 1.4901161e-08, 0.0, 39.5, 0.4899998, 14.269694
417, 349, -0.0011999999405816197, -0.21799998922506347, False, 78.1995, 2.580959e-08, 0.0, -1.4901136e-08, 39.5, 0.4899998, 14.269825
417, 350, -0.0011999999405816197, -0.2191999891656451, False, 78.0795, 0.0, 0.0, 0.0, 39.5, 0.4899998, 14.269982
417, 351, -0.0011999999405816197, -0.2203999891062267, False, 77.959496, 0.0, 0.0, 0.0, 39.5, 0.48999986, 14.270153
417, 352, -0.0011999999405816197, -0.22159998904680833, False, 77.83949, 5.1619185e-08, -1.4901161e-08, -2.9802258e-08, 39.5, 0.48999992, 14.270337
417, 353, -0.0011999999405816197, -0.22279998898738995, False, 77.71949, 0.0, 0.0, 0.0, 39.5, 0.48999992, 14.270508
417, 354, -0.0011999999405816197, -0.22399998892797157, False, 77.59949, 0.0, 0.0, 0.0, 39.5, 0.48999992, 14.270705
417, 355, -0.0011999999405816197, -0.2251999888685532, False, 77.479485, 0.0, 0.0, 0.0, 39.5, 0.48999992, 14.270903
417, 356, -0.0011999999405816197, -0.2263999888091348, False, 77.35948, 0.0, 0.0, 0.0, 39.5, 0.48999992, 14.2711
417, 357, -0.0011999999405816197, -0.22759998874971643, False, 77.23948, 0.0, 0.0, 0.0, 39.5, 0.48999992, 14.271297
417, 358, -0.0011999999405816197, -0.22879998869029805, False, 77.11948, 0.0, 0.0, 0.0, 39.5, 0.48999992, 14.271495
417, 359, -0.0011999999405816197, -0.22999998863087967, False, 76.99947, 0.0, 0.0, 0.0, 39.5, 0.48999992, 14.271692
417, 360, -0.0011999999405816197, -0.2311999885714613, False, 76.87947, 0.0001457259, -4.7162175e-05, -0.0001311317, 39.5, 0.489991, 14.271931
417, 361, -0.0011999999405816197, -0.2323999885120429, False, 76.75947, 0.0, 0.0, 0.0, 39.5, 0.48988888, 14.272684
417, 362, -0.0011999999405816197, -0.23359998845262453, False, 76.639465, 4.8221228e-08, -1.4901161e-08, -3.503468e-08, 39.5, 0.48993412, 14.272843
417, 363, -0.0011999999405816197, -0.23479998839320615, False, 76.51946, 0.0, 0.0, 0.0, 39.5, 0.48996094, 14.273005
417, 364, -0.0011999999405816197, -0.23599998833378777, False, 76.39946, 0.0, 0.0, 0.0, 39.5, 0.48997682, 14.2731495
417, 365, -0.0011999999405816197, -0.2371999882743694, False, 76.27946, 0.0, 0.0, 0.0, 39.5, 0.48998627, 14.273299
417, 366, -0.0011999999405816197, -0.238399988214951, False, 76.159454, 0.0, 0.0, 0.0, 39.5, 0.48999184, 14.273438
417, 367, -0.0011999999405816197, -0.23959998815553263, False, 76.03945, 0.0, 0.0, 0.0, 39.5, 0.4899952, 14.273567
417, 368, -0.0011999999405816197, -0.24079998809611425, False, 75.91945, 0.0, 0.0, 0.0, 39.5, 0.48999715, 14.273736
417, 369, -0.0011999999405816197, -0.24199998803669587, False, 75.799446, 0.0, 0.0, 0.0, 39.5, 0.4899983, 14.273931
417, 370, -0.0011999999405816197, -0.2431999879772775, False, 75.67944, 0.0, 0.0, 0.0, 39.5, 0.489999, 14.274128
417, 371, -0.0011999999405816197, -0.2443999879178591, False, 75.55944, 0.0, 0.0, 0.0, 39.5, 0.4899994, 14.274312
417, 372, -0.0011999999405816197, -0.24559998785844073, False, 75.43944, 0.0, 1.4901161e-08, 0.0, 39.5, 0.48999965, 14.274483
417, 373, -0.0011999999405816197, -0.24679998779902235, False, 75.319435, 4.822124e-08, -2.9802322e-08, -3.503463e-08, 39.5, 0.4899998, 14.27468
417, 374, -0.0011999999405816197, -0.24799998773960397, False, 75.19943, 0.00014551335, -4.7132373e-05, -0.00013110053, 39.5, 0.48999098, 14.274919
417, 375, -0.0011999999405816197, -0.2491999876801856, False, 75.07943, 0.0016948838, -0.0005439669, -0.0018823529, 39.5, 0.48949012, 14.277562
417, 376, -0.0011999999405816197, -0.2503999876207672, False, 74.95943, 0.00017576243, -5.2586198e-05, -0.00015825662, 39.5, 0.48944005, 14.279293
417, 377, -0.0011999999405816197, -0.2515999875613488, False, 74.839424, 4.38079e-06, -1.3411045e-06, -3.86426e-06, 39.5, 0.48966816, 14.2793455
417, 378, -0.0011999999405816197, -0.25279998750193045, False, 74.71942, 0.0, 1.4901161e-08, 0.0, 39.5, 0.48979193, 14.279504
417, 379, -0.0011999999405816197, -0.25399998744251207, False, 74.59942, 0.0, 0.0, 0.0, 39.5, 0.4898767, 14.27963
417, 380, -0.0011999999405816197, -0.2551999873830937, False, 74.479416, 2.9802194e-08, 0.0, 5.161921e-08, 39.5, 0.4899269, 14.279772
417, 381, -0.0011999999405816197, -0.2563999873236753, False, 74.35941, 2.9802194e-08, 0.0, 5.161921e-08, 39.5, 0.4899567, 14.279905
417, 382, -0.0011999999405816197, -0.2575999872642569, False, 74.23941, 2.424325e-08, 0.0, 5.4451625e-08, 39.5, 0.48997438, 14.280035
417, 383, -0.0011999999405816197, -0.25879998720483854, False, 74.11941, -2.424325e-08, 1.4901161e-08, -5.4451625e-08, 39.5, 0.48998484, 14.280143
417, 384, -0.0011999999405816197, -0.25999998714542016, False, 73.999405, 5.5611793e-08, -1.4901161e-08, 3.6718134e-08, 39.5, 0.489991, 14.280269
417, 385, -0.0011999999405816197, -0.2611999870860018, False, 73.8794, 0.0, 0.0, 0.0, 39.5, 0.4899947, 14.280423
417, 386, -0.0011999999405816197, -0.2623999870265834, False, 73.7594, 4.8221267e-08, -1.4901161e-08, -3.5034603e-08, 39.5, 0.48999685, 14.280592
417, 387, -0.0011999999405816197, -0.263599986967165, False, 73.6394, 0.0, 0.0, 0.0, 39.5, 0.48999816, 14.280774
417, 388, -0.0011999999405816197, -0.26479998690774664, False, 73.519394, 0.0, 0.0, 0.0, 39.5, 0.4899989, 14.280917
417, 389, -0.0011999999405816197, -0.26599998684832826, False, 73.39939, 0.0, -1.4901161e-08, 0.0, 39.5, 0.4899994, 14.281034
417, 390, -0.0011999999405816197, -0.2671999867889099, False, 73.27939, 2.5809621e-08, -1.4901161e-08, -1.49010795e-08, 39.5, 0.48999965, 14.281165
417, 391, -0.0011999999405816197, -0.2683999867294915, False, 73.159386, 0.0, 0.0, 0.0, 39.5, 0.4899998, 14.281309
417, 392, -0.0011999999405816197, -0.2695999866700731, False, 73.03938, 5.5611764e-08, -1.4901161e-08, 3.6718184e-08, 39.5, 0.4899998, 14.28144
417, 393, -0.0011999999405816197, -0.27079998661065474, False, 72.91938, 0.0, 0.0, 0.0, 39.5, 0.4899998, 14.281597
417, 394, -0.0011999999405816197, -0.27199998655123636, False, 72.79938, 0.0, 0.0, 0.0, 39.5, 0.4899998, 14.281741
417, 395, -0.0011999999405816197, -0.273199986491818, False, 72.679375, 2.8343736e-08, -1.4901161e-08, -9.209298e-09, 39.5, 0.4899998, 14.281839
417, 396, -0.0011999999405816197, -0.2743999864323996, False, 72.55937, 5.1468994e-08, -1.4901161e-08, 4.233008e-08, 39.5, 0.48999983, 14.281921
417, 397, -0.0011999999405816197, -0.2755999863729812, False, 72.43937, 2.5809635e-08, -1.4901161e-08, -1.4901055e-08, 39.5, 0.48999992, 14.282052
417, 398, -0.0011999999405816197, -0.27679998631356284, False, 72.31937, 0.0, 0.0, 0.0, 39.5, 0.48999992, 14.282196
417, 399, -0.0011999999405816197, -0.27799998625414446, False, 72.19936, 0.0, 0.0, 0.0, 39.5, 0.48999992, 14.282327
417, 400, -0.0011999999405816197, -0.2791999861947261, False, 72.07936, 0.0, 0.0, 0.0, 39.5, 0.48999992, 14.282484
417, 401, -0.0011999999405816197, -0.2803999861353077, False, 71.95936, 0.0, 0.0, 0.0, 39.5, 0.48999992, 14.282655
417, 402, -0.0011999999405816197, -0.2815999860758893, False, 71.839355, 0.0, 0.0, 0.0, 39.5, 0.48999992, 14.282852
417, 403, -0.0011999999405816197, -0.28279998601647094, False, 71.71935, 0.0, 0.0, 0.0, 39.5, 0.48999992, 14.28305
417, 404, -0.0011999999405816197, -0.28399998595705256, False, 71.59935, 0.00014555352, -4.711747e-05, -0.00013105592, 39.5, 0.489991, 14.283288
417, 405, -0.0011999999405816197, -0.2851999858976342, False, 71.47935, 0.00044131154, -0.00013719499, -0.00039735553, 39.5, 0.48974827, 14.284626
417, 406, -0.0011999999405816197, -0.2863999858382158, False, 71.359344, 0.0, 0.0, 0.0, 39.5, 0.48981416, 14.28494
417, 407, -0.0011999999405816197, -0.2875999857787974, False, 71.23934, 0.0, 0.0, 0.0, 39.5, 0.48988986, 14.285073
417, 408, -0.0011999999405816197, -0.28879998571937904, False, 71.11934, 0.0, 0.0, 0.0, 39.5, 0.4899347, 14.285219
417, 409, -0.0011999999405816197, -0.28999998565996066, False, 70.99934, 8.325585e-08, -2.9802322e-08, 1.3186813e-08, 39.5, 0.4899613, 14.285368
417, 410, -0.0011999999405816197, -0.2911999856005423, False, 70.87933, 7.6408964e-05, -2.4735928e-05, -6.8798356e-05, 39.5, 0.48997706, 14.285564
417, 411, -0.0011999999405816197, -0.2923999855411239, False, 70.75933, 0.0016888656, -0.00054204464, -0.0018756604, 39.5, 0.48948905, 14.288168
417, 412, -0.0011999999405816197, -0.2935999854817055, False, 70.63933, 0.0014766811, -0.00045850873, -0.0016400965, 39.5, 0.48920798, 14.29111
417, 413, -0.0011999999405816197, -0.29479998542228714, False, 70.519325, 0.0013212154, -0.00041030347, -0.0014674356, 39.5, 0.48917934, 14.293226
417, 414, -0.0011999999405816197, -0.29599998536286876, False, 70.39932, 0.0, 0.0, 0.0, 39.5, 0.48938683, 14.294144
417, 415, -0.0011999999405816197, -0.2971999853034504, False, 70.27932, 4.822133e-08, -2.9802322e-08, -3.5034518e-08, 39.5, 0.4896365, 14.294183
417, 416, -0.0011999999405816197, -0.298399985244032, False, 70.15932, 0.0, 0.0, 0.0, 39.5, 0.4897846, 14.294257
417, 417, -0.0011999999405816197, -0.2995999851846136, False, 70.039314, 0.0, 0.0, 0.0, 39.5, 0.48987234, 14.294368
417, 418, -0.0011999999405816197, -0.30079998512519524, False, 69.91931, 0.0, 0.0, 0.0, 39.5, 0.48992434, 14.294471
417, 419, -0.0011999999405816197, -0.30199998506577685, False, 69.79931, 2.5809651e-08, 0.0, -1.490103e-08, 39.5, 0.48995516, 14.294577
417, 420, -0.0011999999405816197, -0.3031999850063585, False, 69.679306, 0.0, 0.0, 0.0, 39.5, 0.48997343, 14.29472
417, 421, -0.0011999999405816197, -0.3043999849469401, False, 69.5593, 0.0, 0.0, 0.0, 39.5, 0.48998427, 14.294882
417, 422, -0.0011999999405816197, -0.3055999848875217, False, 69.4393, 0.00012123562, -3.924966e-05, -0.00010915997, 39.5, 0.48998824, 14.295094
417, 423, -0.0011999999405816197, -0.30679998482810333, False, 69.3193, 0.0, 0.0, 0.0, 39.5, 0.4898881, 14.295842
417, 424, -0.0011999999405816197, -0.30799998476868495, False, 69.199295, 0.0, 0.0, 0.0, 39.5, 0.4899336, 14.296001
417, 425, -0.0011999999405816197, -0.3091999847092666, False, 69.07929, 4.822135e-08, -2.9802322e-08, -3.5034482e-08, 39.5, 0.48996067, 14.296175
417, 426, -0.0011999999405816197, -0.3103999846498482, False, 68.95929, 0.0, 0.0, 0.0, 39.5, 0.48997667, 14.296358
417, 427, -0.0011999999405816197, -0.3115999845904298, False, 68.83929, 4.822135e-08, -1.4901161e-08, -3.5034482e-08, 39.5, 0.48998618, 14.296546
417, 428, -0.0011999999405816197, -0.31279998453101143, False, 68.719284, 0.0, 0.0, 0.0, 39.5, 0.48999178, 14.296738
417, 429, -0.0011999999405816197, -0.31399998447159305, False, 68.59928, 2.1817264e-08, -1.4901161e-08, -8.1421355e-08, 39.5, 0.48999512, 14.296919
417, 430, -0.0011999999405816197, -0.31519998441217467, False, 68.47928, 0.0, 0.0, 0.0, 39.5, 0.48999712, 14.297088
417, 431, -0.0011999999405816197, -0.3163999843527563, False, 68.359276, 0.0, 0.0, 0.0, 39.5, 0.4899983, 14.297282
417, 432, -0.0011999999405816197, -0.3175999842933379, False, 68.23927, 0.0, 0.0, 0.0, 39.5, 0.489999, 14.29748
417, 433, -0.0011999999405816197, -0.31879998423391953, False, 68.11927, 0.00014426911, -4.671514e-05, -0.00012989918, 39.5, 0.48999086, 14.297717
417, 434, -0.0011999999405816197, -0.31999998417450115, False, 67.99927, 0.0004411747, -0.00013715029, -0.00039715128, 39.5, 0.48974827, 14.299055
417, 435, -0.0011999999405816197, -0.32119998411508277, False, 67.879265, 1.3186892e-08, -1.4901161e-08, -8.325583e-08, 39.5, 0.48981416, 14.299369
417, 436, -0.0011999999405816197, -0.3223999840556644, False, 67.75926, 0.0, 0.0, 0.0, 39.5, 0.48988986, 14.29949
417, 437, -0.0011999999405816197, -0.323599983996246, False, 67.63926, 0.0, 0.0, 0.0, 39.5, 0.4899347, 14.2996235
417, 438, -0.0011999999405816197, -0.32479998393682763, False, 67.51926, 5.161932e-08, -1.4901161e-08, -2.9802024e-08, 39.5, 0.4899613, 14.299786
417, 439, -0.0011999999405816197, -0.32599998387740925, False, 67.399254, 2.580966e-08, -1.4901161e-08, -1.4901012e-08, 39.5, 0.48997706, 14.299931
417, 440, -0.0011999999405816197, -0.32719998381799087, False, 67.27925, 0.0, 0.0, 0.0, 39.5, 0.4899864, 14.300067
417, 441, -0.0011999999405816197, -0.3283999837585725, False, 67.15925, 0.0, 0.0, 0.0, 39.5, 0.48999196, 14.300193
417, 442, -0.0011999999405816197, -0.3295999836991541, False, 67.039246, 4.8221388e-08, -2.9802322e-08, -3.503444e-08, 39.5, 0.4899952, 14.300361
417, 443, -0.0011999999405816197, -0.33079998363973573, False, 66.91924, 0.0, 0.0, 0.0, 39.5, 0.48999715, 14.300555
417, 444, -0.0011999999405816197, -0.33199998358031735, False, 66.79924, 0.00014125714, -4.5761466e-05, -0.00012718697, 39.5, 0.48999056, 14.300789
417, 445, -0.0011999999405816197, -0.33319998352089897, False, 66.67924, 4.822139e-08, -1.4901161e-08, -3.503444e-08, 39.5, 0.48988876, 14.301542
417, 446, -0.0011999999405816197, -0.3343999834614806, False, 66.559235, 5.1619327e-08, -1.4901161e-08, -2.9801988e-08, 39.5, 0.48993406, 14.301688
417, 447, -0.0011999999405816197, -0.3355999834020622, False, 66.43923, 2.5809664e-08, -1.4901161e-08, -1.4900994e-08, 39.5, 0.48996094, 14.301824
417, 448, -0.0011999999405816197, -0.3367999833426438, False, 66.31923, 0.0, 0.0, 0.0, 39.5, 0.48997682, 14.301969
417, 449, -0.0011999999405816197, -0.33799998328322545, False, 66.19923, 2.7225864e-08, -1.4901161e-08, -1.21215145e-08, 39.5, 0.48998627, 14.302105
417, 450, -0.0011999999405816197, -0.33919998322380707, False, 66.07922, 0.0, 0.0, 0.0, 39.5, 0.48999184, 14.302231
417, 451, -0.0011999999405816197, -0.3403999831643887, False, 65.95922, 8.325582e-08, 0.0, 1.3186984e-08, 39.5, 0.48999518, 14.302399
417, 452, -0.0011999999405816197, -0.3415999831049703, False, 65.83922, 0.00013828943, -4.476309e-05, -0.00012451477, 39.5, 0.4899902, 14.302629
417, 453, -0.0011999999405816197, -0.3427999830455519, False, 65.719215, -3.5034425e-08, 0.0, -4.8221413e-08, 39.5, 0.48988867, 14.303382
417, 454, -0.0011999999405816197, -0.34399998298613355, False, 65.59921, 0.0, 0.0, 0.0, 39.5, 0.48993403, 14.303528
417, 455, -0.0011999999405816197, -0.34519998292671517, False, 65.47921, 0.0, 0.0, 0.0, 39.5, 0.4899609, 14.303677
417, 456, -0.0011999999405816197, -0.3463999828672968, False, 65.35921, 7.526187e-05, -2.43783e-05, -6.784542e-05, 39.5, 0.48997682, 14.303873
417, 457, -0.0011999999405816197, -0.3475999828078784, False, 65.239204, 0.00043551432, -0.00013542175, -0.000392214, 39.5, 0.4897473, 14.305171
417, 458, -0.0011999999405816197, -0.34879998274846, False, 65.1192, 0.000343469, -0.00010681152, -0.00030933705, 39.5, 0.4897297, 14.305825
417, 459, -0.0011999999405816197, -0.34999998268904164, False, 64.9992, 0.00033655454, -0.000104665756, -0.00030303112, 39.5, 0.4897284, 14.306429
417, 460, -0.0011999999405816197, -0.35119998262962326, False, 64.879196, 0.001575042, -0.0005055517, -0.0017492394, 39.5, 0.4894691, 14.308325
417, 461, -0.0011999999405816197, -0.3523999825702049, False, 64.75919, 0.002597076, -0.0008649975, -0.0035745231, 39.5, 0.48901802, 14.312302
417, 462, -0.0011999999405816197, -0.3535999825107865, False, 64.63919, 0.00131014, -0.00039437413, -0.0014549505, 39.5, 0.4889522, 14.31548
417, 463, -0.0011999999405816197, -0.3547999824513681, False, 64.51919, 4.429515e-08, -2.9802322e-08, -3.9883012e-08, 39.5, 0.48934343, 14.3158245
417, 464, -0.0011999999405816197, -0.35599998239194974, False, 64.399185, 0.0, 0.0, 0.0, 39.5, 0.4896108, 14.315865
417, 465, -0.0011999999405816197, -0.35719998233253136, False, 64.27918, 0.0, 0.0, 0.0, 39.5, 0.4897693, 14.315951
417, 466, -0.0011999999405816197, -0.358399982273113, False, 64.15918, 0.0, 0.0, 0.0, 39.5, 0.48986328, 14.316056
417, 467, -0.0011999999405816197, -0.3595999822136946, False, 64.03918, 0.0, 0.0, 0.0, 39.5, 0.48991895, 14.316181
417, 468, -0.0011999999405816197, -0.3607999821542762, False, 63.919174, 0.0, 0.0, 0.0, 39.5, 0.48995194, 14.31635
417, 469, -0.0011999999405816197, -0.36199998209485784, False, 63.79917, 5.704775e-05, -1.8462539e-05, -5.1285126e-05, 39.5, 0.48997158, 14.316543
417, 470, -0.0011999999405816197, -0.36319998203543946, False, 63.67917, 0.0, 0.0, 0.0, 39.5, 0.48988315, 14.31726
417, 471, -0.0011999999405816197, -0.3643999819760211, False, 63.559166, 0.0, 0.0, 0.0, 39.5, 0.48993078, 14.317416
417, 472, -0.0011999999405816197, -0.3655999819166027, False, 63.439163, 0.0, 0.0, 0.0, 39.5, 0.48995894, 14.31759
417, 473, -0.0011999999405816197, -0.3667999818571843, False, 63.31916, -5.1619363e-08, 2.9802322e-08, 2.9801953e-08, 39.5, 0.48997566, 14.3177595
417, 474, -0.0011999999405816197, -0.36799998179776594, False, 63.199158, 0.0, 0.0, 0.0, 39.5, 0.4899856, 14.317909
417, 475, -0.0011999999405816197, -0.36919998173834756, False, 63.079155, 0.0, 0.0, 0.0, 39.5, 0.4899914, 14.3180485
417, 476, -0.0011999999405816197, -0.3703999816789292, False, 62.959152, 0.0, 0.0, 0.0, 39.5, 0.4899949, 14.318177
417, 477, -0.0011999999405816197, -0.3715999816195108, False, 62.83915, 0.0, 0.0, 0.0, 39.5, 0.489997, 14.318346
417, 478, -0.0011999999405816197, -0.3727999815600924, False, 62.719147, 0.0, 0.0, 0.0, 39.5, 0.48999822, 14.318541
417, 479, -0.0011999999405816197, -0.37399998150067404, False, 62.599144, 0.00014303355, -4.631281e-05, -0.00012886626, 39.5, 0.48999074, 14.318776
417, 480, -0.0011999999405816197, -0.37519998144125566, False, 62.47914, 0.0004411357, -0.00013716519, -0.0003971944, 39.5, 0.4897483, 14.320114
417, 481, -0.0011999999405816197, -0.3763999813818373, False, 62.35914, 0.001583455, -0.0005082786, -0.0017586688, 39.5, 0.48947066, 14.322067
417, 482, -0.0011999999405816197, -0.3775999813224189, False, 62.239136, 0.0025979902, -0.00086532533, -0.0035757748, 39.5, 0.4890182, 14.326049
417, 483, -0.0011999999405816197, -0.3787999812630005, False, 62.119133, 0.0024956877, -0.00080913305, -0.00343497, 39.5, 0.48876786, 14.330321
417, 484, -0.0011999999405816197, -0.37999998120358214, False, 61.99913, 0.0011503632, -0.0003463477, -0.0012775895, 39.5, 0.48892534, 14.332725
417, 485, -0.0011999999405816197, -0.38119998114416376, False, 61.879128, 0.0, 0.0, 0.0, 39.5, 0.48933464, 14.333016
417, 486, -0.0011999999405816197, -0.3823999810847454, False, 61.759125, 4.822144e-08, -1.4901161e-08, -3.503437e-08, 39.5, 0.4896056, 14.333052
417, 487, -0.0011999999405816197, -0.383599981025327, False, 61.639122, 0.0, 0.0, 0.0, 39.5, 0.4897663, 14.333117
417, 488, -0.0011999999405816197, -0.3847999809659086, False, 61.51912, 5.161938e-08, -2.9802322e-08, -2.980191e-08, 39.5, 0.48986146, 14.333221
417, 489, -0.0011999999405816197, -0.38599998090649024, False, 61.399117, 0.0, 0.0, 0.0, 39.5, 0.4899179, 14.333346
417, 490, -0.0011999999405816197, -0.38719998084707186, False, 61.279114, 0.0, 0.0, 0.0, 39.5, 0.48995134, 14.333503
417, 491, -0.0011999999405816197, -0.3883999807876535, False, 61.15911, 0.0, 0.0, 0.0, 39.5, 0.48997116, 14.333656
417, 492, -0.0011999999405816197, -0.3895999807282351, False, 61.03911, 4.822146e-08, -1.4901161e-08, -3.503434e-08, 39.5, 0.48998293, 14.333843
417, 493, -0.0011999999405816197, -0.3907999806688167, False, 60.919106, 0.00011888833, -3.84897e-05, -0.00010704584, 39.5, 0.48998806, 14.334052
417, 494, -0.0011999999405816197, -0.39199998060939834, False, 60.799103, 0.0016937383, -0.00054357946, -0.0018810583, 39.5, 0.4894899, 14.336688
417, 495, -0.0011999999405816197, -0.39319998054997995, False, 60.6791, 0.002608538, -0.000868842, -0.0035902886, 39.5, 0.48902017, 14.340726
417, 496, -0.0011999999405816197, -0.3943999804905616, False, 60.559097, 0.0013112589, -0.00039473176, -0.0014561885, 39.5, 0.48895243, 14.343911
417, 497, -0.0011999999405816197, -0.3955999804311432, False, 60.439095, 0.0, 0.0, 0.0, 39.5, 0.48934352, 14.344255
417, 498, -0.0011999999405816197, -0.3967999803717248, False, 60.31909, 0.0, 0.0, 0.0, 39.5, 0.48961088, 14.344291
417, 499, -0.0011999999405816197, -0.39799998031230643, False, 60.19909, 0.0, 0.0, 0.0, 39.5, 0.4897694, 14.344346
417, 500, -0.0011999999405816197, -0.39919998025288805, False, 60.079086, 0.0, 0.0, 0.0, 39.5, 0.48986334, 14.344426
417, 501, -0.0011999999405816197, -0.4003999801934697, False, 59.959084, 0.0, 0.0, 0.0, 39.5, 0.489919, 14.344538
417, 502, -0.0011999999405816197, -0.4015999801340513, False, 59.83908, 4.8221473e-08, -1.4901161e-08, -3.5034326e-08, 39.5, 0.489952, 14.344681
417, 503, -0.0011999999405816197, -0.4027999800746329, False, 59.719078, 0.0, 0.0, 0.0, 39.5, 0.48997158, 14.344861
417, 504, -0.0011999999405816197, -0.40399998001521453, False, 59.599075, 9.771525e-05, -3.1650066e-05, -8.798175e-05, 39.5, 0.4899832, 14.345061
417, 505, -0.0011999999405816197, -0.40519997995579615, False, 59.479073, 0.0004382082, -0.00013622642, -0.00039447768, 39.5, 0.48974773, 14.346378
417, 506, -0.0011999999405816197, -0.40639997989637777, False, 59.35907, 0.0, 0.0, 0.0, 39.5, 0.48981404, 14.346691
417, 507, -0.0011999999405816197, -0.4075999798369594, False, 59.239067, 0.0, 0.0, 0.0, 39.5, 0.48988977, 14.346825
417, 508, -0.0011999999405816197, -0.408799979777541, False, 59.119064, -2.980186e-08, 0.0, -5.1619406e-08, 39.5, 0.48993462, 14.346971
417, 509, -0.0011999999405816197, -0.40999997971812263, False, 58.99906, 0.0, 0.0, 0.0, 39.5, 0.48996124, 14.347119
417, 510, -0.0011999999405816197, -0.41119997965870425, False, 58.87906, 7.636498e-05, -2.4735928e-05, -6.875815e-05, 39.5, 0.48997706, 14.347316
417, 511, -0.0011999999405816197, -0.41239997959928587, False, 58.759056, 0.00043577648, -0.00013549626, -0.00039236818, 39.5, 0.48974732, 14.348615
417, 512, -0.0011999999405816197, -0.4135999795398675, False, 58.639053, 0.0, 0.0, 0.0, 39.5, 0.48981392, 14.348927
417, 513, -0.0011999999405816197, -0.4147999794804491, False, 58.51905, -2.980186e-08, 0.0, -5.1619416e-08, 39.5, 0.48988977, 14.349048
417, 514, -0.0011999999405816197, -0.41599997942103073, False, 58.399048, 0.0, 0.0, 0.0, 39.5, 0.48993462, 14.349181
417, 515, -0.0011999999405816197, -0.41719997936161235, False, 58.279045, 4.8221487e-08, -1.4901161e-08, -3.5034304e-08, 39.5, 0.48996124, 14.349356
417, 516, -0.0011999999405816197, -0.41839997930219397, False, 58.159042, 0.0, 0.0, 0.0, 39.5, 0.48997706, 14.349526
417, 517, -0.0011999999405816197, -0.4195999792427756, False, 58.03904, 0.0, 0.0, 0.0, 39.5, 0.4899864, 14.3496895
417, 518, -0.0011999999405816197, -0.4207999791833572, False, 57.919037, 0.00012455822, -4.0322542e-05, -0.00011215071, 39.5, 0.48998865, 14.349905
417, 519, -0.0011999999405816197, -0.42199997912393883, False, 57.799034, 0.00169386, -0.00054363906, -0.0018811892, 39.5, 0.48948997, 14.352542
417, 520, -0.0011999999405816197, -0.42319997906452045, False, 57.67903, 0.00017558635, -5.2571297e-05, -0.00015809588, 39.5, 0.48944005, 14.354272
417, 521, -0.0011999999405816197, -0.42439997900510207, False, 57.55903, 3.8979815e-06, -1.2218952e-06, -3.5096964e-06, 39.5, 0.48966816, 14.354324
417, 522, -0.0011999999405816197, -0.4255999789456837, False, 57.439026, 0.0, 1.4901161e-08, 0.0, 39.5, 0.48979193, 14.354483
417, 523, -0.0011999999405816197, -0.4267999788862653, False, 57.319023, 0.0, 0.0, 0.0, 39.5, 0.4898767, 14.354608
417, 524, -0.0011999999405816197, -0.4279999788268469, False, 57.19902, 0.0, 0.0, 0.0, 39.5, 0.4899269, 14.35475
417, 525, -0.0011999999405816197, -0.42919997876742855, False, 57.079018, 4.82215e-08, -1.4901161e-08, -3.5034276e-08, 39.5, 0.4899567, 14.354896
417, 526, -0.0011999999405816197, -0.43039997870801017, False, 56.959015, 6.6885834e-05, -2.1651387e-05, -6.022316e-05, 39.5, 0.48997438, 14.35509
417, 527, -0.0011999999405816197, -0.4315999786485918, False, 56.839012, 0.0, 0.0, 0.0, 39.5, 0.48988396, 14.355813
417, 528, -0.0011999999405816197, -0.4327999785891734, False, 56.71901, 0.0, 0.0, 0.0, 39.5, 0.48993123, 14.355957
417, 529, -0.0011999999405816197, -0.433999978529755, False, 56.599007, 0.0, 0.0, 0.0, 39.5, 0.48995924, 14.356105
417, 530, -0.0011999999405816197, -0.43519997847033665, False, 56.479004, 0.0, 0.0, 0.0, 39.5, 0.48997587, 14.356288
417, 531, -0.0011999999405816197, -0.43639997841091827, False, 56.359, 0.00010635292, -3.440678e-05, -9.5758776e-05, 39.5, 0.4899857, 14.356488
417, 532, -0.0011999999405816197, -0.4375999783514999, False, 56.239, 0.0016928596, -0.00054332614, -0.0018801654, 39.5, 0.48948973, 14.3591175
417, 533, -0.0011999999405816197, -0.4387999782920815, False, 56.118996, 0.000175768, -5.2645802e-05, -0.00015833948, 39.5, 0.48944005, 14.360847
417, 534, -0.0011999999405816197, -0.4399999782326631, False, 55.998993, 4.8221512e-08, -1.4901161e-08, -3.5034276e-08, 39.5, 0.48966816, 14.36089
417, 535, -0.0011999999405816197, -0.44119997817324474, False, 55.87899, 0.0, 0.0, 0.0, 39.5, 0.48980334, 14.360986
417, 536, -0.0011999999405816197, -0.44239997811382636, False, 55.758987, 0.00036685335, -0.00011406839, -0.0003303099, 39.5, 0.4897342, 14.361794
417, 537, -0.0011999999405816197, -0.443599978054408, False, 55.638985, 0.0, 0.0, 0.0, 39.5, 0.48981005, 14.362082
417, 538, -0.0011999999405816197, -0.4447999779949896, False, 55.518982, 0.0, 0.0, 0.0, 39.5, 0.48988745, 14.362226
417, 539, -0.0011999999405816197, -0.4459999779355712, False, 55.39898, 0.0, 0.0, 0.0, 39.5, 0.48985755, 14.362788
417, 540, -0.0011999999405816197, -0.44719997787615284, False, 55.278976, 0.0, 0.0, 0.0, 39.5, 0.48991558, 14.362925
417, 541, -0.0011999999405816197, -0.44839997781673446, False, 55.158974, 0.0, 0.0, 0.0, 39.5, 0.48994994, 14.363041
417, 542, -0.0011999999405816197, -0.4495999777573161, False, 55.03897, 0.0, 0.0, 0.0, 39.5, 0.48997033, 14.363123
417, 543, -0.0011999999405816197, -0.4507999776978977, False, 54.91897, 0.0, 0.0, 0.0, 39.5, 0.48998243, 14.363196
417, 544, -0.0011999999405816197, -0.4519999776384793, False, 54.798965, 0.0, 0.0, 0.0, 39.5, 0.48998958, 14.363321
417, 545, -0.0011999999405816197, -0.45319997757906094, False, 54.678963, 0.0, 0.0, 0.0, 39.5, 0.4899938, 14.363476
417, 546, -0.0011999999405816197, -0.45439997751964256, False, 54.55896, 2.5809728e-08, -1.4901161e-08, -1.4900884e-08, 39.5, 0.4899963, 14.36363
417, 547, -0.0011999999405816197, -0.4555999774602242, False, 54.438957, -3.5034226e-08, 1.4901161e-08, -4.8221544e-08, 39.5, 0.4899978, 14.3638
417, 548, -0.0011999999405816197, -0.4567999774008058, False, 54.318954, 0.0, 0.0, 0.0, 39.5, 0.4899987, 14.363996
417, 549, -0.0011999999405816197, -0.4579999773413874, False, 54.19895, 4.8221544e-08, -1.4901161e-08, -3.5034226e-08, 39.5, 0.48999926, 14.364193
417, 550, -0.0011999999405816197, -0.45919997728196904, False, 54.07895, 4.8221544e-08, -1.4901161e-08, -3.5034226e-08, 39.5, 0.4899996, 14.36439
417, 551, -0.0011999999405816197, -0.46039997722255066, False, 53.958946, 0.0001451114, -4.698336e-05, -0.00013065618, 39.5, 0.48999098, 14.364629
417, 552, -0.0011999999405816197, -0.4615999771631323, False, 53.838943, 0.0004408711, -0.00013707578, -0.0003969539, 39.5, 0.48974833, 14.365967
417, 553, -0.0011999999405816197, -0.4627999771037139, False, 53.71894, 0.0003437758, -0.00010687113, -0.0003095307, 39.5, 0.4897298, 14.366623
417, 554, -0.0011999999405816197, -0.4639999770442955, False, 53.598938, 0.0003363785, -0.00010459125, -0.00030287023, 39.5, 0.48972845, 14.367227
417, 555, -0.0011999999405816197, -0.46519997698487714, False, 53.478935, 0.00033589124, -0.00010441244, -0.00030243152, 39.5, 0.48972836, 14.367827
417, 556, -0.0011999999405816197, -0.46639997692545876, False, 53.358932, 0.00033589124, -0.00010444224, -0.00030243152, 39.5, 0.48972836, 14.368428
417, 557, -0.0011999999405816197, -0.4675999768660404, False, 53.23893, 0.0, 0.0, 0.0, 39.5, 0.48980835, 14.368705
417, 558, -0.0011999999405816197, -0.468799976806622, False, 53.118927, 0.0, 0.0, 0.0, 39.5, 0.48988637, 14.368836
417, 559, -0.0011999999405816197, -0.4699999767472036, False, 52.998924, 0.0, 0.0, 0.0, 39.5, 0.48993266, 14.368982
417, 560, -0.0011999999405816197, -0.47119997668778524, False, 52.87892, 4.822156e-08, -2.9802322e-08, -3.5034226e-08, 39.5, 0.4899601, 14.369131
417, 561, -0.0011999999405816197, -0.47239997662836686, False, 52.75892, 4.822156e-08, -1.4901161e-08, -3.5034226e-08, 39.5, 0.48997638, 14.369314
417, 562, -0.0011999999405816197, -0.4735999765689485, False, 52.638916, 0.000107686305, -3.4868717e-05, -9.7039316e-05, 39.5, 0.48998603, 14.369514
417, 563, -0.0011999999405816197, -0.4747999765095301, False, 52.518913, 0.0, 0.0, 0.0, 39.5, 0.48988748, 14.370259
417, 564, -0.0011999999405816197, -0.4759999764501117, False, 52.39891, 0.0, 0.0, 0.0, 39.5, 0.4899333, 14.370418
417, 565, -0.0011999999405816197, -0.47719997639069334, False, 52.278908, 8.142122e-08, -1.4901161e-08, 2.1817712e-08, 39.5, 0.48996046, 14.370578
417, 566, -0.0011999999405816197, -0.47839997633127496, False, 52.158905, 4.822156e-08, -1.4901161e-08, -3.5034212e-08, 39.5, 0.48997658, 14.370735
417, 567, -0.0011999999405816197, -0.4795999762718566, False, 52.038902, 0.0001078635, -3.4928322e-05, -9.719885e-05, 39.5, 0.48998615, 14.370935
417, 568, -0.0011999999405816197, -0.4807999762124382, False, 51.9189, 0.00043896656, -0.00013647974, -0.00039523875, 39.5, 0.489748, 14.37226
417, 569, -0.0011999999405816197, -0.4819999761530198, False, 51.798897, 0.00034373163, -0.00010685623, -0.00030949072, 39.5, 0.48972976, 14.372915
417, 570, -0.0011999999405816197, -0.48319997609360144, False, 51.678894, 4.822156e-08, -1.4901161e-08, -3.5034198e-08, 39.5, 0.48980874, 14.373194
417, 571, -0.0011999999405816197, -0.48439997603418306, False, 51.55889, 4.822156e-08, -1.4901161e-08, -3.5034198e-08, 39.5, 0.48988664, 14.373325
417, 572, -0.0011999999405816197, -0.4855999759747647, False, 51.43889, 3.988282e-08, 0.0, 4.4295316e-08, 39.5, 0.4899328, 14.373496
417, 573, -0.0011999999405816197, -0.4867999759153463, False, 51.318886, 0.0016687723, -0.00053562224, -0.0018534095, 39.5, 0.4894856, 14.375974
417, 574, -0.0011999999405816197, -0.4879999758559279, False, 51.198883, 0.00017306619, -5.184114e-05, -0.00015590637, 39.5, 0.48943934, 14.377692
417, 575, -0.0011999999405816197, -0.48919997579650953, False, 51.07888, 0.0, 0.0, 0.0, 39.5, 0.4896677, 14.377735
417, 576, -0.0011999999405816197, -0.49039997573709115, False, 50.958878, -2.980174e-08, 0.0, -5.1619473e-08, 39.5, 0.48980305, 14.377806
417, 577, -0.0011999999405816197, -0.4915999756776728, False, 50.838875, 2.5809737e-08, -1.4901161e-08, -1.490087e-08, 39.5, 0.48988327, 14.377897
417, 578, -0.0011999999405816197, -0.4927999756182544, False, 50.718872, 0.0, 0.0, 0.0, 39.5, 0.4899308, 14.378016
417, 579, -0.0011999999405816197, -0.493999975558836, False, 50.59887, 0.0, 0.0, 0.0, 39.5, 0.489959, 14.378138
417, 580, -0.0011999999405816197, -0.49519997549941763, False, 50.478867, 0.0, 0.0, 0.0, 39.5, 0.4899757, 14.378254
417, 581, -0.0011999999405816197, -0.49639997543999925, False, 50.358864, 0.0, 0.0, 0.0, 39.5, 0.4899856, 14.378417
417, 582, -0.0011999999405816197, -0.4975999753805809, False, 50.23886, 0.00012279105, -3.9756298e-05, -0.00011063932, 39.5, 0.48998854, 14.378631
417, 583, -0.0011999999405816197, -0.4987999753211625, False, 50.11886, 0.00044007407, -0.00013680756, -0.00039623573, 39.5, 0.48974815, 14.379962
417, 584, -0.0011999999405816197, -0.4999999752617441, False, 49.998856, 0.0015834257, -0.0005082339, -0.001758534, 39.5, 0.48947066, 14.381915
417, 585, -0.0011999999405816197, -0.5011999752023257, False, 49.878853, 0.00016353835, -4.8965216e-05, -0.00014724731, 39.5, 0.48943686, 14.383594
417, 586, -0.0011999999405816197, -0.5023999751429074, False, 49.75885, 0.0, 0.0, 0.0, 39.5, 0.48966625, 14.383644
417, 587, -0.0011999999405816197, -0.503599975083489, False, 49.638847, 0.0015501227, -0.0004975647, -0.0017215484, 39.5, 0.48946482, 14.385363
417, 588, -0.0011999999405816197, -0.5047999750240706, False, 49.518845, 0.001463894, -0.00045454502, -0.0016257835, 39.5, 0.4892056, 14.388232
417, 589, -0.0011999999405816197, -0.5059999749646522, False, 49.39884, 0.0024427276, -0.0008137226, -0.0033620517, 39.5, 0.48899037, 14.391427
417, 590, -0.0011999999405816197, -0.5071999749052338, False, 49.27884, 0.0012926289, -0.00038915873, -0.0014356674, 39.5, 0.48894933, 14.394519
417, 591, -0.0011999999405816197, -0.5083999748458154, False, 49.158836, 0.0022937579, -0.00076417625, -0.0031570154, 39.5, 0.4889634, 14.396954
417, 592, -0.0011999999405816197, -0.5095999747863971, False, 49.038834, 0.0012764009, -0.00038427114, -0.0014175554, 39.5, 0.48894656, 14.3999605
417, 593, -0.0011999999405816197, -0.5107999747269787, False, 48.91883, 0.0011762128, -0.00036531687, -0.0013062877, 39.5, 0.48915276, 14.401308
417, 594, -0.0011999999405816197, -0.5119999746675603, False, 48.79883, 0.0, 0.0, 0.0, 39.5, 0.4893824, 14.402155
417, 595, -0.0011999999405816197, -0.5131999746081419, False, 48.678825, 0.0013096596, -0.00042046607, -0.001454581, 39.5, 0.4894226, 14.403226
417, 596, -0.0011999999405816197, -0.5143999745487235, False, 48.558823, 0.00013315177, -3.9845705e-05, -0.00011988767, 39.5, 0.48942885, 14.404776
417, 597, -0.0011999999405816197, -0.5155999744893052, False, 48.43882, 4.8221576e-08, -1.4901161e-08, -3.5034176e-08, 39.5, 0.48966148, 14.404817
417, 598, -0.0011999999405816197, -0.5167999744298868, False, 48.318817, 0.0, 0.0, 0.0, 39.5, 0.48979935, 14.404886
417, 599, -0.0011999999405816197, -0.5179999743704684, False, 48.198814, 3.9919694e-09, 0.0, 6.652036e-08, 39.5, 0.48988107, 14.404978
417, 600, -0.0011999999405816197, -0.51919997431105, False, 48.07881, -3.5034162e-08, 0.0, -4.8221583e-08, 39.5, 0.48992953, 14.405109
417, 601, -0.0011999999405816197, -0.5203999742516316, False, 47.95881, 1.6832232e-06, -5.662441e-07, -1.515546e-06, 39.5, 0.48995826, 14.405294
417, 602, -0.0011999999405816197, -0.5215999741922133, False, 47.838806, 0.0016805879, -0.00053936243, -0.0018663511, 39.5, 0.48948762, 14.407845
417, 603, -0.0011999999405816197, -0.5227999741327949, False, 47.718803, 0.0014760994, -0.00045834482, -0.0016393377, 39.5, 0.48920786, 14.410781
417, 604, -0.0011999999405816197, -0.5239999740733765, False, 47.5988, 0.0, 0.0, 0.0, 39.5, 0.4893916, 14.411774
417, 605, -0.0011999999405816197, -0.5251999740139581, False, 47.478798, 4.4295344e-08, 0.0, -3.9882792e-08, 39.5, 0.4896394, 14.4118185
417, 606, -0.0011999999405816197, -0.5263999739545397, False, 47.358795, 4.8221583e-08, -1.4901161e-08, -3.5034176e-08, 39.5, 0.48978627, 14.411916
417, 607, -0.0011999999405816197, -0.5275999738951214, False, 47.238792, 0.0, 0.0, 0.0, 39.5, 0.48987335, 14.412052
417, 608, -0.0011999999405816197, -0.528799973835703, False, 47.11879, 1.3187407e-08, -1.4901161e-08, -8.3255756e-08, 39.5, 0.48985332, 14.412589
417, 609, -0.0011999999405816197, -0.5299999737762846, False, 46.998787, 4.8221583e-08, -1.4901161e-08, -3.5034176e-08, 39.5, 0.48991308, 14.412735
417, 610, -0.0011999999405816197, -0.5311999737168662, False, 46.878784, 0.0, 0.0, 0.0, 39.5, 0.48994848, 14.412915
417, 611, -0.0011999999405816197, -0.5323999736574478, False, 46.75878, 0.0016761562, -0.0005379617, -0.0018615182, 39.5, 0.48948684, 14.415437
417, 612, -0.0011999999405816197, -0.5335999735980295, False, 46.63878, 0.00017359786, -5.199015e-05, -0.00015638483, 39.5, 0.48943955, 14.417158
417, 613, -0.0011999999405816197, -0.5347999735386111, False, 46.518776, 0.0, 0.0, 0.0, 39.5, 0.48966786, 14.417201
417, 614, -0.0011999999405816197, -0.5359999734791927, False, 46.398773, 5.1619498e-08, -1.4901161e-08, -2.9801704e-08, 39.5, 0.4898032, 14.417272
417, 615, -0.0011999999405816197, -0.5371999734197743, False, 46.27877, 0.0, 0.0, 0.0, 39.5, 0.48988336, 14.417363
417, 616, -0.0011999999405816197, -0.5383999733603559, False, 46.158768, 1.31874245e-08, -1.4901161e-08, -8.325575e-08, 39.5, 0.48993087, 14.417495
417, 617, -0.0011999999405816197, -0.5395999733009376, False, 46.038765, 6.9100743e-06, -2.2351742e-06, -6.221713e-06, 39.5, 0.48995906, 14.417681
417, 618, -0.0011999999405816197, -0.5407999732415192, False, 45.918762, 0.0016811464, -0.00053957105, -0.0018669709, 39.5, 0.48948768, 14.420233
417, 619, -0.0011999999405816197, -0.5419999731821008, False, 45.79876, 0.0026071721, -0.00086839497, -0.0035884813, 39.5, 0.48901996, 14.424264
417, 620, -0.0011999999405816197, -0.5431999731226824, False, 45.678757, 0.0013111047, -0.00039468706, -0.0014560064, 39.5, 0.48895243, 14.427448
417, 621, -0.0011999999405816197, -0.544399973063264, False, 45.558754, 0.0, 0.0, 0.0, 39.5, 0.48934352, 14.427793
417, 622, -0.0011999999405816197, -0.5455999730038457, False, 45.43875, 0.0, 0.0, 0.0, 39.5, 0.48961088, 14.427828
417, 623, -0.0011999999405816197, -0.5467999729444273, False, 45.31875, 0.0, 0.0, 0.0, 39.5, 0.4897694, 14.427894
417, 624, -0.0011999999405816197, -0.5479999728850089, False, 45.198746, 0.0, 0.0, 0.0, 39.5, 0.48986334, 14.428023
417, 625, -0.0011999999405816197, -0.5491999728255905, False, 45.078743, 0.0, 0.0, 0.0, 39.5, 0.48985025, 14.428542
417, 626, -0.0011999999405816197, -0.5503999727661721, False, 44.95874, 0.0, 0.0, 0.0, 39.5, 0.4899113, 14.428688
417, 627, -0.0011999999405816197, -0.5515999727067538, False, 44.838737, 5.1619516e-08, -2.9802322e-08, -2.9801676e-08, 39.5, 0.48994744, 14.428842
417, 628, -0.0011999999405816197, -0.5527999726473354, False, 44.718735, 0.0, 0.0, 0.0, 39.5, 0.48996887, 14.428968
417, 629, -0.0011999999405816197, -0.553999972587917, False, 44.598732, 2.5809761e-08, 0.0, -1.4900827e-08, 39.5, 0.4899816, 14.429089
417, 630, -0.0011999999405816197, -0.5551999725284986, False, 44.47873, 0.0, 0.0, 0.0, 39.5, 0.4899891, 14.429254
417, 631, -0.0011999999405816197, -0.5563999724690802, False, 44.358727, 0.0001284123, -4.157424e-05, -0.00011562006, 39.5, 0.48998916, 14.429473
417, 632, -0.0011999999405816197, -0.5575999724096619, False, 44.238724, 0.0016941056, -0.00054369867, -0.001881449, 39.5, 0.48949003, 14.432113
417, 633, -0.0011999999405816197, -0.5587999723502435, False, 44.11872, 0.0014770933, -0.00045864284, -0.0016405273, 39.5, 0.4892081, 14.435057
417, 634, -0.0011999999405816197, -0.5599999722908251, False, 43.99872, 0.0, 0.0, 0.0, 39.5, 0.48939168, 14.43605
417, 635, -0.0011999999405816197, -0.5611999722314067, False, 43.878716, 0.0, 0.0, 0.0, 39.5, 0.48963943, 14.4360895
417, 636, -0.0011999999405816197, -0.5623999721719883, False, 43.758713, 4.822162e-08, -1.4901161e-08, -3.5034134e-08, 39.5, 0.48978627, 14.436164
417, 637, -0.0011999999405816197, -0.56359997211257, False, 43.63871, 0.0, 0.0, 0.0, 39.5, 0.48987335, 14.436289
417, 638, -0.0011999999405816197, -0.5647999720531516, False, 43.518707, 4.4295373e-08, -1.4901161e-08, -3.9882742e-08, 39.5, 0.4899249, 14.436455
417, 639, -0.0011999999405816197, -0.5659999719937332, False, 43.398705, 0.0004150432, -0.00012902915, -0.0003736171, 39.5, 0.4897434, 14.437606
417, 640, -0.0011999999405816197, -0.5671999719343148, False, 43.2787, 0.0, 0.0, 0.0, 39.5, 0.48981276, 14.437911
417, 641, -0.0011999999405816197, -0.5683999718748964, False, 43.1587, 4.8221615e-08, -1.4901161e-08, -3.5034127e-08, 39.5, 0.48988903, 14.438044
417, 642, -0.0011999999405816197, -0.5695999718154781, False, 43.038696, 4.8221615e-08, -1.4901161e-08, -3.5034127e-08, 39.5, 0.4899342, 14.438203
417, 643, -0.0011999999405816197, -0.5707999717560597, False, 42.918694, 1.581345e-05, -5.1110983e-06, -1.423814e-05, 39.5, 0.48996097, 14.438389
417, 644, -0.0011999999405816197, -0.5719999716966413, False, 42.79869, 0.0016819809, -0.00053983927, -0.0018679835, 39.5, 0.48948783, 14.440947
417, 645, -0.0011999999405816197, -0.5731999716372229, False, 42.678688, 0.0014759011, -0.0004583001, -0.0016391145, 39.5, 0.4892079, 14.443884
417, 646, -0.0011999999405816197, -0.5743999715778045, False, 42.558685, 4.4295376e-08, -1.4901161e-08, -3.9882757e-08, 39.5, 0.48939162, 14.444877
417, 647, -0.0011999999405816197, -0.5755999715183862, False, 42.438683, 0.0, 0.0, 0.0, 39.5, 0.48963943, 14.444916
417, 648, -0.0011999999405816197, -0.5767999714589678, False, 42.31868, 4.822162e-08, -1.4901161e-08, -3.5034134e-08, 39.5, 0.48978627, 14.44499
417, 649, -0.0011999999405816197, -0.5779999713995494, False, 42.198677, 0.0, 1.4901161e-08, 0.0, 39.5, 0.48987335, 14.445102
417, 650, -0.0011999999405816197, -0.579199971340131, False, 42.078674, 0.0, 0.0, 0.0, 39.5, 0.4899249, 14.4452305
417, 651, -0.0011999999405816197, -0.5803999712807126, False, 41.95867, 0.0, 0.0, 0.0, 39.5, 0.48995548, 14.445401
417, 652, -0.0011999999405816197, -0.5815999712212943, False, 41.83867, 6.369676e-05, -2.0638108e-05, -5.7351383e-05, 39.5, 0.48997357, 14.445595
417, 653, -0.0011999999405816197, -0.5827999711618759, False, 41.718666, 0.00043423206, -0.00013498962, -0.00039105472, 39.5, 0.48974705, 14.446883
417, 654, -0.0011999999405816197, -0.5839999711024575, False, 41.598663, 0.00034311647, -0.000106707215, -0.00030901592, 39.5, 0.4897297, 14.447536
417, 655, -0.0011999999405816197, -0.5851999710430391, False, 41.47866, 4.8221626e-08, -1.4901161e-08, -3.5034127e-08, 39.5, 0.48980874, 14.447815
417, 656, -0.0011999999405816197, -0.5863999709836207, False, 41.358658, 4.8221626e-08, -1.4901161e-08, -3.5034127e-08, 39.5, 0.48988664, 14.447947
417, 657, -0.0011999999405816197, -0.5875999709242024, False, 41.238655, 8.142117e-08, -1.4901161e-08, 2.181789e-08, 39.5, 0.4899328, 14.448092
417, 658, -0.0011999999405816197, -0.588799970864784, False, 41.118652, 5.161953e-08, -1.4901161e-08, -2.980164e-08, 39.5, 0.48996016, 14.448228
417, 659, -0.0011999999405816197, -0.5899999708053656, False, 40.99865, 3.5034112e-08, 0.0, 4.8221626e-08, 39.5, 0.48997644, 14.448385
417, 660, -0.0011999999405816197, -0.5911999707459472, False, 40.878647, 0.00010759793, -3.4853816e-05, -9.695935e-05, 39.5, 0.48998603, 14.4485855
417, 661, -0.0011999999405816197, -0.5923999706865288, False, 40.758644, 3.5034112e-08, 0.0, 4.8221626e-08, 39.5, 0.48988748, 14.44933
417, 662, -0.0011999999405816197, -0.5935999706271105, False, 40.63864, 0.0, 0.0, 0.0, 39.5, 0.4899333, 14.449476
417, 663, -0.0011999999405816197, -0.5947999705676921, False, 40.51864, -3.5034112e-08, 0.0, -4.8221633e-08, 39.5, 0.48996046, 14.449625
417, 664, -0.0011999999405816197, -0.5959999705082737, False, 40.398636, 7.4376396e-05, -2.4095178e-05, -6.704731e-05, 39.5, 0.48997658, 14.4498205
417, 665, -0.0011999999405816197, -0.5971999704488553, False, 40.278633, 0.0016884785, -0.00054194033, -0.0018752876, 39.5, 0.48948905, 14.452422
417, 666, -0.0011999999405816197, -0.5983999703894369, False, 40.15863, 0.00017505536, -5.2407384e-05, -0.00015761654, 39.5, 0.4894399, 14.45415
417, 667, -0.0011999999405816197, -0.5995999703300186, False, 40.038628, 2.4805418e-06, -7.599592e-07, -2.233433e-06, 39.5, 0.489668, 14.454202
417, 668, -0.0011999999405816197, -0.6007999702706002, False, 39.918625, 0.00031463013, -9.782612e-05, -0.00028328702, 39.5, 0.48972437, 14.45463
417, 669, -0.0011999999405816197, -0.6019999702111818, False, 39.798622, 0.0015731782, -0.00050495565, -0.0017471476, 39.5, 0.48946887, 14.456514
417, 670, -0.0011999999405816197, -0.6031999701517634, False, 39.67862, 0.0025967832, -0.0008649081, -0.0035740742, 39.5, 0.48901805, 14.46049
417, 671, -0.0011999999405816197, -0.604399970092345, False, 39.558617, 0.0013097812, -0.00039434433, -0.0014547119, 39.5, 0.48895222, 14.463669
417, 672, -0.0011999999405816197, -0.6055999700329266, False, 39.438614, 0.0, 0.0, 0.0, 39.5, 0.48934343, 14.464013
417, 673, -0.0011999999405816197, -0.6067999699735083, False, 39.31861, 0.0, 0.0, 0.0, 39.5, 0.4896108, 14.464048
417, 674, -0.0011999999405816197, -0.6079999699140899, False, 39.19861, 0.0, 0.0, 0.0, 39.5, 0.4897693, 14.464114
417, 675, -0.0011999999405816197, -0.6091999698546715, False, 39.078606, 0.0, 0.0, 0.0, 39.5, 0.48986328, 14.464219
417, 676, -0.0011999999405816197, -0.6103999697952531, False, 38.958603, 5.1619544e-08, -1.4901161e-08, -2.980164e-08, 39.5, 0.48991895, 14.464331
417, 677, -0.0011999999405816197, -0.6115999697358347, False, 38.8386, -3.50341e-08, 0.0, -4.8221633e-08, 39.5, 0.48995194, 14.464474
417, 678, -0.0011999999405816197, -0.6127999696764164, False, 38.718597, 5.6831e-05, -1.8402934e-05, -5.116954e-05, 39.5, 0.48997158, 14.464666
417, 679, -0.0011999999405816197, -0.613999969616998, False, 38.598595, 0.001686369, -0.00054124, -0.0018728552, 39.5, 0.48948866, 14.467254
417, 680, -0.0011999999405816197, -0.6151999695575796, False, 38.478592, 0.00017479404, -5.2332878e-05, -0.00015746141, 39.5, 0.48943985, 14.46898
417, 681, -0.0011999999405816197, -0.6163999694981612, False, 38.35859, 4.8221636e-08, -2.9802322e-08, -3.5034112e-08, 39.5, 0.489668, 14.469023
417, 682, -0.0011999999405816197, -0.6175999694387428, False, 38.238586, 0.0, 0.0, 0.0, 39.5, 0.48980325, 14.469093
417, 683, -0.0011999999405816197, -0.6187999693793245, False, 38.118584, 0.0, 0.0, 0.0, 39.5, 0.48988336, 14.469198
417, 684, -0.0011999999405816197, -0.6199999693199061, False, 37.99858, 4.822164e-08, -1.4901161e-08, -3.50341e-08, 39.5, 0.48993087, 14.469355
417, 685, -0.0011999999405816197, -0.6211999692604877, False, 37.87858, 0.0, 0.0, 0.0, 39.5, 0.48995906, 14.469528
417, 686, -0.0011999999405816197, -0.6223999692010693, False, 37.758575, 7.166556e-05, -2.3201108e-05, -6.444608e-05, 39.5, 0.48997578, 14.469723
417, 687, -0.0011999999405816197, -0.623599969141651, False, 37.638573, 0.0, 0.0, 0.0, 39.5, 0.4898844, 14.4704485
417, 688, -0.0011999999405816197, -0.6247999690822326, False, 37.51857, 8.142118e-08, -1.4901161e-08, 2.1817932e-08, 39.5, 0.48993146, 14.4705925
417, 689, -0.0011999999405816197, -0.6259999690228142, False, 37.398567, 0.0, 0.0, 0.0, 39.5, 0.48995936, 14.470727
417, 690, -0.0011999999405816197, -0.6271999689633958, False, 37.278564, 0.0, 0.0, 0.0, 39.5, 0.48997587, 14.470883
417, 691, -0.0011999999405816197, -0.6283999689039774, False, 37.15856, 0.0, 0.0, 0.0, 39.5, 0.4899857, 14.471071
417, 692, -0.0011999999405816197, -0.629599968844559, False, 37.03856, 0.0, 0.0, 0.0, 39.5, 0.48999152, 14.471263
417, 693, -0.0011999999405816197, -0.6307999687851407, False, 36.918556, 0.0, 0.0, 0.0, 39.5, 0.489995, 14.4714575
417, 694, -0.0011999999405816197, -0.6319999687257223, False, 36.798553, 0.00013780304, -4.4614077e-05, -0.00012407507, 39.5, 0.4899902, 14.471687
417, 695, -0.0011999999405816197, -0.6331999686663039, False, 36.67855, 0.0004406951, -0.00013698637, -0.000396793, 39.5, 0.48974827, 14.473023
417, 696, -0.0011999999405816197, -0.6343999686068855, False, 36.558548, 0.0015836688, -0.0005083084, -0.0017587962, 39.5, 0.4894707, 14.474977
417, 697, -0.0011999999405816197, -0.6355999685474671, False, 36.438545, 0.0014671723, -0.0004555434, -0.0016293281, 39.5, 0.4892062, 14.477864
417, 698, -0.0011999999405816197, -0.6367999684880488, False, 36.318542, -4.4127013e-09, 2.9802322e-08, 8.4178126e-08, 39.5, 0.48939133, 14.478852
417, 699, -0.0011999999405816197, -0.6379999684286304, False, 36.19854, 0.0, 0.0, 0.0, 39.5, 0.48963922, 14.478897
417, 700, -0.0011999999405816197, -0.639199968369212, False, 36.078537, 0.0, 0.0, 0.0, 39.5, 0.4897862, 14.478994
417, 701, -0.0011999999405816197, -0.6403999683097936, False, 35.958534, 0.0, 0.0, 0.0, 39.5, 0.4898733, 14.479118
417, 702, -0.0011999999405816197, -0.6415999682503752, False, 35.83853, 5.161955e-08, -1.4901161e-08, -2.9801605e-08, 39.5, 0.4899249, 14.479259
417, 703, -0.0011999999405816197, -0.6427999681909569, False, 35.71853, 0.0, 0.0, 0.0, 39.5, 0.48995548, 14.479391
417, 704, -0.0011999999405816197, -0.6439999681315385, False, 35.598526, 0.0, 0.0, 0.0, 39.5, 0.48997357, 14.4795475
417, 705, -0.0011999999405816197, -0.6451999680721201, False, 35.478523, 0.00010125934, -3.2797456e-05, -9.117188e-05, 39.5, 0.4899843, 14.479748
417, 706, -0.0011999999405816197, -0.6463999680127017, False, 35.35852, 0.0, 0.0, 0.0, 39.5, 0.48988697, 14.480489
417, 707, -0.0011999999405816197, -0.6475999679532833, False, 35.238518, -3.98827e-08, 0.0, -4.4295422e-08, 39.5, 0.489933, 14.4806595
417, 708, -0.0011999999405816197, -0.648799967893865, False, 35.118515, 0.0016693795, -0.00053578615, -0.0018539848, 39.5, 0.48948562, 14.483138
417, 709, -0.0011999999405816197, -0.6499999678344466, False, 34.998512, 0.0014746664, -0.00045789778, -0.0016377396, 39.5, 0.48920766, 14.486069
417, 710, -0.0011999999405816197, -0.6511999677750282, False, 34.87851, 4.429542e-08, -1.4901161e-08, -3.98827e-08, 39.5, 0.4893916, 14.487061
417, 711, -0.0011999999405816197, -0.6523999677156098, False, 34.758507, 0.0, 1.4901161e-08, 0.0, 39.5, 0.4896394, 14.4871
417, 712, -0.0011999999405816197, -0.6535999676561914, False, 34.638504, -2.9801605e-08, 0.0, -5.161956e-08, 39.5, 0.48978627, 14.487162
417, 713, -0.0011999999405816197, -0.6547999675967731, False, 34.5185, 2.983338e-09, -1.4901161e-08, -6.657322e-08, 39.5, 0.48987335, 14.487235
417, 714, -0.0011999999405816197, -0.6559999675373547, False, 34.3985, 0.0, 0.0, 0.0, 39.5, 0.4899249, 14.487324
417, 715, -0.0011999999405816197, -0.6571999674779363, False, 34.278496, 4.822167e-08, -1.4901161e-08, -3.5034063e-08, 39.5, 0.48995548, 14.48747
417, 716, -0.0011999999405816197, -0.6583999674185179, False, 34.158493, 6.3603824e-05, -2.0578504e-05, -5.7187353e-05, 39.5, 0.48997357, 14.487663
417, 717, -0.0011999999405816197, -0.6595999673590995, False, 34.03849, 0.0004344496, -0.00013507903, -0.00039116933, 39.5, 0.48974708, 14.488953
417, 718, -0.0011999999405816197, -0.6607999672996812, False, 33.918488, 0.0003433339, -0.00010673702, -0.00030913064, 39.5, 0.48972973, 14.489606
417, 719, -0.0011999999405816197, -0.6619999672402628, False, 33.798485, 0.001575374, -0.000505656, -0.001749583, 39.5, 0.48946926, 14.491507
417, 720, -0.0011999999405816197, -0.6631999671808444, False, 33.678482, 0.002596752, -0.000864923, -0.003574023, 39.5, 0.48901808, 14.495483
417, 721, -0.0011999999405816197, -0.664399967121426, False, 33.55848, 0.0013096676, -0.00039426982, -0.0014544935, 39.5, 0.48895225, 14.498662
417, 722, -0.0011999999405816197, -0.6655999670620076, False, 33.438477, 0.0, 0.0, 0.0, 39.5, 0.48934343, 14.499006
417, 723, -0.0011999999405816197, -0.6667999670025893, False, 33.318474, 0.0, 0.0, 0.0, 39.5, 0.4896108, 14.499042
417, 724, -0.0011999999405816197, -0.6679999669431709, False, 33.19847, 0.0, 0.0, 0.0, 39.5, 0.4897693, 14.499107
417, 725, -0.0011999999405816197, -0.6691999668837525, False, 33.07847, 4.8221665e-08, -1.4901161e-08, -3.503405e-08, 39.5, 0.48986328, 14.499226
417, 726, -0.0011999999405816197, -0.6703999668243341, False, 32.958466, 4.4127617e-09, -1.4901161e-08, -8.417812e-08, 39.5, 0.48991895, 14.499389
417, 727, -0.0011999999405816197, -0.6715999667649157, False, 32.838463, 0.0, 0.0, 0.0, 39.5, 0.4898672, 14.50001
417, 728, -0.0011999999405816197, -0.6727999667054974, False, 32.71846, 5.1619576e-08, -1.4901161e-08, -2.9801583e-08, 39.5, 0.4899213, 14.500149
417, 729, -0.0011999999405816197, -0.673999966646079, False, 32.598457, 0.0, 0.0, 0.0, 39.5, 0.48995334, 14.500266
417, 730, -0.0011999999405816197, -0.6751999665866606, False, 32.478455, 0.0, 0.0, 0.0, 39.5, 0.48997235, 14.500381
417, 731, -0.0011999999405816197, -0.6763999665272422, False, 32.35845, 0.0, 0.0, 0.0, 39.5, 0.4899836, 14.500543
417, 732, -0.0011999999405816197, -0.6775999664678238, False, 32.23845, 0.0, 0.0, 0.0, 39.5, 0.48999023, 14.500733
417, 733, -0.0011999999405816197, -0.6787999664084055, False, 32.118446, 0.0, 0.0, 0.0, 39.5, 0.4899942, 14.500927
417, 734, -0.0011999999405816197, -0.6799999663489871, False, 31.998444, 0.00013647434, -4.4181943e-05, -0.00012287844, 39.5, 0.48999006, 14.501155
417, 735, -0.0011999999405816197, -0.6811999662895687, False, 31.87844, 0.0016943091, -0.0005437732, -0.001881667, 39.5, 0.4894901, 14.503796
417, 736, -0.0011999999405816197, -0.6823999662301503, False, 31.758438, 0.0014772564, -0.00045870245, -0.0016407014, 39.5, 0.48920813, 14.506741
417, 737, -0.0011999999405816197, -0.6835999661707319, False, 31.638435, 0.001321071, -0.00041027367, -0.0014672447, 39.5, 0.4891794, 14.508857
417, 738, -0.0011999999405816197, -0.6847999661113136, False, 31.518433, 4.4295458e-08, -1.4901161e-08, -3.988265e-08, 39.5, 0.4893869, 14.509773
417, 739, -0.0011999999405816197, -0.6859999660518952, False, 31.39843, 0.0, 0.0, 0.0, 39.5, 0.48963663, 14.509817
417, 740, -0.0011999999405816197, -0.6871999659924768, False, 31.278427, 0.00030546146, -9.49502e-05, -0.00027503073, 39.5, 0.4897226, 14.51016
417, 741, -0.0011999999405816197, -0.6883999659330584, False, 31.158424, 0.0003336777, -0.00010372698, -0.000300436, 39.5, 0.48972797, 14.510744
417, 742, -0.0011999999405816197, -0.68959996587364, False, 31.038422, 4.8221693e-08, -2.9802322e-08, -3.5034034e-08, 39.5, 0.48980826, 14.51102
417, 743, -0.0011999999405816197, -0.6907999658142217, False, 30.918419, 4.4295458e-08, -1.4901161e-08, -3.988265e-08, 39.5, 0.48988637, 14.511163
417, 744, -0.0011999999405816197, -0.6919999657548033, False, 30.798416, 0.0, 1.4901161e-08, 0.0, 39.5, 0.48985726, 14.5117235
417, 745, -0.0011999999405816197, -0.6931999656953849, False, 30.678413, 0.0, 0.0, 0.0, 39.5, 0.4899154, 14.51186
417, 746, -0.0011999999405816197, -0.6943999656359665, False, 30.55841, 2.9834109e-09, -1.4901161e-08, -6.657321e-08, 39.5, 0.48994985, 14.511976
417, 747, -0.0011999999405816197, -0.6955999655765481, False, 30.438408, 0.0, 0.0, 0.0, 39.5, 0.48997027, 14.512091
417, 748, -0.0011999999405816197, -0.6967999655171297, False, 30.318405, 0.0, 0.0, 0.0, 39.5, 0.4899824, 14.512251
417, 749, -0.0011999999405816197, -0.6979999654577114, False, 30.198402, 0.0, 0.0, 0.0, 39.5, 0.48998958, 14.512442
417, 750, -0.0011999999405816197, -0.699199965398293, False, 30.0784, 0.0, 0.0, 0.0, 39.5, 0.4899938, 14.512635
417, 751, -0.0011999999405816197, -0.7003999653388746, False, 29.958397, 0.00013593846, -4.3988228e-05, -0.00012231563, 39.5, 0.48999, 14.512863
417, 752, -0.0011999999405816197, -0.7015999652794562, False, 29.838394, 0.0016943503, -0.0005437881, -0.0018817107, 39.5, 0.4894901, 14.515504
417, 753, -0.0011999999405816197, -0.7027999652200378, False, 29.718391, 0.0014772177, -0.00045868754, -0.0016406565, 39.5, 0.48920813, 14.518449
417, 754, -0.0011999999405816197, -0.7039999651606195, False, 29.598389, 0.0, 0.0, 0.0, 39.5, 0.48939168, 14.519443
417, 755, -0.0011999999405816197, -0.7051999651012011, False, 29.478386, 4.4295483e-08, -1.4901161e-08, -3.988262e-08, 39.5, 0.48963943, 14.519487
417, 756, -0.0011999999405816197, -0.7063999650417827, False, 29.358383, 0.0, 0.0, 0.0, 39.5, 0.48978627, 14.519585
417, 757, -0.0011999999405816197, -0.7075999649823643, False, 29.23838, 0.0, 0.0, 0.0, 39.5, 0.48987335, 14.51971
417, 758, -0.0011999999405816197, -0.708799964922946, False, 29.118378, -2.980152e-08, 0.0, -5.161961e-08, 39.5, 0.4899249, 14.51985
417, 759, -0.0011999999405816197, -0.7099999648635276, False, 28.998375, 0.0, 0.0, 0.0, 39.5, 0.48995548, 14.519996
417, 760, -0.0011999999405816197, -0.7111999648041092, False, 28.878372, 6.3603926e-05, -2.0578504e-05, -5.7187266e-05, 39.5, 0.48997357, 14.520189
417, 761, -0.0011999999405816197, -0.7123999647446908, False, 28.75837, 4.822172e-08, -1.4901161e-08, -3.5033985e-08, 39.5, 0.48988375, 14.52091
417, 762, -0.0011999999405816197, -0.7135999646852724, False, 28.638367, 4.4295508e-08, -1.4901161e-08, -3.988262e-08, 39.5, 0.4899311, 14.521079
417, 763, -0.0011999999405816197, -0.714799964625854, False, 28.518364, 0.0016683863, -0.0005354732, -0.0018528746, 39.5, 0.48948547, 14.523551
417, 764, -0.0011999999405816197, -0.7159999645664357, False, 28.398361, 0.0026062173, -0.00086806715, -0.0035870373, 39.5, 0.48901975, 14.527576
417, 765, -0.0011999999405816197, -0.7171999645070173, False, 28.278358, 0.0013107113, -0.00039456785, -0.0014555589, 39.5, 0.48895243, 14.53076
417, 766, -0.0011999999405816197, -0.7183999644475989, False, 28.158356, 0.0, 0.0, 0.0, 39.5, 0.48934352, 14.531104
417, 767, -0.0011999999405816197, -0.7195999643881805, False, 28.038353, 0.0, 0.0, 0.0, 39.5, 0.48961088, 14.531139
417, 768, -0.0011999999405816197, -0.7207999643287621, False, 27.91835, 8.325571e-08, -2.9802322e-08, 1.3187744e-08, 39.5, 0.4897694, 14.531205
417, 769, -0.0011999999405816197, -0.7219999642693438, False, 27.798347, 0.0, 0.0, 0.0, 39.5, 0.48986334, 14.531323
417, 770, -0.0011999999405816197, -0.7231999642099254, False, 27.678345, 0.0, 0.0, 0.0, 39.5, 0.489919, 14.531474
417, 771, -0.0011999999405816197, -0.724399964150507, False, 27.558342, 3.5033985e-08, 0.0, 4.822173e-08, 39.5, 0.489952, 14.531643
417, 772, -0.0011999999405816197, -0.7255999640910886, False, 27.43834, 5.6738125e-05, -1.834333e-05, -5.1005438e-05, 39.5, 0.48997158, 14.531836
417, 773, -0.0011999999405816197, -0.7267999640316702, False, 27.318336, 0.0016865293, -0.0005412847, -0.001873112, 39.5, 0.4894887, 14.534424
417, 774, -0.0011999999405816197, -0.7279999639722519, False, 27.198334, 0.0001746572, -5.2288175e-05, -0.00015725716, 39.5, 0.48943985, 14.536151
417, 775, -0.0011999999405816197, -0.7291999639128335, False, 27.078331, 4.822173e-08, -1.4901161e-08, -3.5033985e-08, 39.5, 0.489668, 14.536194
417, 776, -0.0011999999405816197, -0.7303999638534151, False, 26.958328, 0.0, 0.0, 0.0, 39.5, 0.48980325, 14.536278
417, 777, -0.0011999999405816197, -0.7315999637939967, False, 26.838326, 0.0, 0.0, 0.0, 39.5, 0.48988336, 14.53642
417, 778, -0.0011999999405816197, -0.7327999637345783, False, 26.718323, 0.00039834942, -0.00012384355, -0.0003586642, 39.5, 0.48974028, 14.537455
417, 779, -0.0011999999405816197, -0.73399996367516, False, 26.59832, 0.0015801232, -0.0005071759, -0.0017548511, 39.5, 0.48947006, 14.539385
417, 780, -0.0011999999405816197, -0.7351999636157416, False, 26.478317, 0.0025973537, -0.0008651018, -0.003574838, 39.5, 0.48901817, 14.543364
417, 781, -0.0011999999405816197, -0.7363999635563232, False, 26.358315, 0.0013097541, -0.00039428473, -0.0014544954, 39.5, 0.48895225, 14.546542
417, 782, -0.0011999999405816197, -0.7375999634969048, False, 26.238312, 0.0, 0.0, 0.0, 39.5, 0.48934346, 14.546886
417, 783, -0.0011999999405816197, -0.7387999634374864, False, 26.118309, 0.0, 0.0, 0.0, 39.5, 0.48961088, 14.546922
417, 784, -0.0011999999405816197, -0.7399999633780681, False, 25.998306, 0.0, 0.0, 0.0, 39.5, 0.4897694, 14.546977
417, 785, -0.0011999999405816197, -0.7411999633186497, False, 25.878304, 0.0, 0.0, 0.0, 39.5, 0.48986334, 14.547057
417, 786, -0.0011999999405816197, -0.7423999632592313, False, 25.7583, 1.3187773e-08, -1.4901161e-08, -8.325571e-08, 39.5, 0.489919, 14.547182
417, 787, -0.0011999999405816197, -0.7435999631998129, False, 25.638298, -3.9882586e-08, 0.0, -4.4295515e-08, 39.5, 0.489952, 14.547363
417, 788, -0.0011999999405816197, -0.7447999631403945, False, 25.518295, 0.00042607856, -0.00013247132, -0.00038363057, 39.5, 0.48974547, 14.548591
417, 789, -0.0011999999405816197, -0.7459999630809762, False, 25.398293, 0.0015823572, -0.0005078912, -0.0017573307, 39.5, 0.48947048, 14.550536
417, 790, -0.0011999999405816197, -0.7471999630215578, False, 25.27829, 0.00016358336, -4.8950315e-05, -0.00014728645, 39.5, 0.48943684, 14.552214
417, 791, -0.0011999999405816197, -0.7483999629621394, False, 25.158287, 3.98826e-08, 0.0, 4.4295522e-08, 39.5, 0.48966625, 14.552264
417, 792, -0.0011999999405816197, -0.749599962902721, False, 25.038284, 0.0, 0.0, 0.0, 39.5, 0.48979163, 14.552419
417, 793, -0.0011999999405816197, -0.7507999628433026, False, 24.918282, 0.0, 0.0, 0.0, 39.5, 0.48987654, 14.552531
417, 794, -0.0011999999405816197, -0.7519999627838843, False, 24.798279, 0.0, 0.0, 0.0, 39.5, 0.48992682, 14.552634
417, 795, -0.0011999999405816197, -0.7531999627244659, False, 24.678276, 0.0, 0.0, 0.0, 39.5, 0.4899566, 14.552728
417, 796, -0.0011999999405816197, -0.7543999626650475, False, 24.558273, 2.5809822e-08, -1.4901161e-08, -1.4900728e-08, 39.5, 0.48997426, 14.552844
417, 797, -0.0011999999405816197, -0.7555999626056291, False, 24.43827, 4.822176e-08, -1.4901161e-08, -3.5033935e-08, 39.5, 0.48998475, 14.553007
417, 798, -0.0011999999405816197, -0.7567999625462107, False, 24.318268, 0.00012181275, -3.9428473e-05, -0.00010967709, 39.5, 0.4899884, 14.55322
417, 799, -0.0011999999405816197, -0.7579999624867924, False, 24.198265, 0.0016937101, -0.00054359436, -0.0018810832, 39.5, 0.48948997, 14.555856
417, 800, -0.0011999999405816197, -0.759199962427374, False, 24.078262, 0.0026086601, -0.0008688867, -0.003590494, 39.5, 0.4890202, 14.559894
417, 801, -0.0011999999405816197, -0.7603999623679556, False, 23.95826, 0.0013110674, -0.00039468706, -0.0014560402, 39.5, 0.4889525, 14.563078
417, 802, -0.0011999999405816197, -0.7615999623085372, False, 23.838257, 0.0, 0.0, 0.0, 39.5, 0.48934352, 14.563423
417, 803, -0.0011999999405816197, -0.7627999622491188, False, 23.718254, 4.8221764e-08, -1.4901161e-08, -3.5033935e-08, 39.5, 0.48961088, 14.563458
417, 804, -0.0011999999405816197, -0.7639999621897005, False, 23.598251, 4.8221764e-08, -1.4901161e-08, -3.5033935e-08, 39.5, 0.4897694, 14.563524
417, 805, -0.0011999999405816197, -0.7651999621302821, False, 23.478249, 0.0, 0.0, 0.0, 39.5, 0.48986334, 14.563629
417, 806, -0.0011999999405816197, -0.7663999620708637, False, 23.358246, 4.822177e-08, -1.4901161e-08, -3.503392e-08, 39.5, 0.489919, 14.563754
417, 807, -0.0011999999405816197, -0.7675999620114453, False, 23.238243, 0.0, 0.0, 0.0, 39.5, 0.489952, 14.563923
417, 808, -0.0011999999405816197, -0.7687999619520269, False, 23.11824, 5.6654015e-05, -1.834333e-05, -5.1009774e-05, 39.5, 0.48997158, 14.564116
417, 809, -0.0011999999405816197, -0.7699999618926086, False, 22.998238, 0.0004335206, -0.0001347959, -0.00039033045, 39.5, 0.48974693, 14.565399
417, 810, -0.0011999999405816197, -0.7711999618331902, False, 22.878235, 0.00034306906, -0.00010666251, -0.0003088903, 39.5, 0.48972973, 14.5660515
417, 811, -0.0011999999405816197, -0.7723999617737718, False, 22.758232, 0.00033615454, -0.00010450184, -0.00030258443, 39.5, 0.48972848, 14.566655
417, 812, -0.0011999999405816197, -0.7735999617143534, False, 22.63823, 0.0003358932, -0.00010445714, -0.0003024293, 39.5, 0.4897284, 14.567256
417, 813, -0.0011999999405816197, -0.774799961654935, False, 22.518227, 0.00033593306, -0.00010444224, -0.00030238501, 39.5, 0.4897284, 14.567857
417, 814, -0.0011999999405816197, -0.7759999615955167, False, 22.398224, 0.0, 1.4901161e-08, 0.0, 39.5, 0.48980835, 14.568133
417, 815, -0.0011999999405816197, -0.7771999615360983, False, 22.278221, 3.503392e-08, 0.0, 4.822178e-08, 39.5, 0.48988637, 14.568265
417, 816, -0.0011999999405816197, -0.7783999614766799, False, 22.158218, 0.0, 0.0, 0.0, 39.5, 0.48993266, 14.568436
417, 817, -0.0011999999405816197, -0.7795999614172615, False, 22.038216, 0.0016687036, -0.00053560734, -0.0018533103, 39.5, 0.48948562, 14.570912
417, 818, -0.0011999999405816197, -0.7807999613578431, False, 21.918213, 0.0014748716, -0.0004579425, -0.0016379561, 39.5, 0.48920768, 14.573844
417, 819, -0.0011999999405816197, -0.7819999612984248, False, 21.79821, 4.4295565e-08, -1.4901161e-08, -3.9882558e-08, 39.5, 0.4893916, 14.574836
417, 820, -0.0011999999405816197, -0.7831999612390064, False, 21.678207, 0.0, 0.0, 0.0, 39.5, 0.4896394, 14.574875
417, 821, -0.0011999999405816197, -0.784399961179588, False, 21.558205, 5.1619658e-08, -1.4901161e-08, -2.980142e-08, 39.5, 0.48978627, 14.574937
417, 822, -0.0011999999405816197, -0.7855999611201696, False, 21.438202, 2.1818238e-08, -1.4901161e-08, -8.142108e-08, 39.5, 0.48987335, 14.575023
417, 823, -0.0011999999405816197, -0.7867999610607512, False, 21.3182, 4.8221782e-08, -2.9802322e-08, -3.5033906e-08, 39.5, 0.4899249, 14.575151
417, 824, -0.0011999999405816197, -0.7879999610013328, False, 21.198196, 0.0, 0.0, 0.0, 39.5, 0.48995548, 14.575335
417, 825, -0.0011999999405816197, -0.7891999609419145, False, 21.078194, 0.0016793576, -0.000538975, -0.0018650526, 39.5, 0.4894874, 14.577876
417, 826, -0.0011999999405816197, -0.7903999608824961, False, 20.95819, 0.00017398859, -5.207956e-05, -0.00015657445, 39.5, 0.48943964, 14.579599
417, 827, -0.0011999999405816197, -0.7915999608230777, False, 20.838188, 1.2845716e-06, -4.0233135e-07, -1.1565937e-06, 39.5, 0.48966786, 14.579651
417, 828, -0.0011999999405816197, -0.7927999607636593, False, 20.718185, 0.0, 0.0, 0.0, 39.5, 0.48979193, 14.579808
417, 829, -0.0011999999405816197, -0.793999960704241, False, 20.598183, -2.980142e-08, 0.0, -5.161967e-08, 39.5, 0.4898767, 14.579921
417, 830, -0.0011999999405816197, -0.7951999606448226, False, 20.47818, 0.0, 0.0, 0.0, 39.5, 0.4899269, 14.5800495
417, 831, -0.0011999999405816197, -0.7963999605854042, False, 20.358177, -3.5033885e-08, 0.0, -4.8221782e-08, 39.5, 0.4899567, 14.580221
417, 832, -0.0011999999405816197, -0.7975999605259858, False, 20.238174, 6.653197e-05, -2.156198e-05, -5.990357e-05, 39.5, 0.48997438, 14.580416
417, 833, -0.0011999999405816197, -0.7987999604665674, False, 20.118172, 0.00043453966, -0.00013509393, -0.00039124768, 39.5, 0.48974714, 14.581707
417, 834, -0.0011999999405816197, -0.799999960407149, False, 19.998169, 0.00034315788, -0.000106707215, -0.00030897, 39.5, 0.48972976, 14.58236
417, 835, -0.0011999999405816197, -0.8011999603477307, False, 19.878166, 0.0015752207, -0.0005055964, -0.0017494, 39.5, 0.4894693, 14.58426
417, 836, -0.0011999999405816197, -0.8023999602883123, False, 19.758163, 0.0014659782, -0.00045520067, -0.001628078, 39.5, 0.48920608, 14.587143
417, 837, -0.0011999999405816197, -0.8035999602288939, False, 19.63816, 0.0013199584, -0.00040993094, -0.0014660009, 39.5, 0.4891792, 14.589252
417, 838, -0.0011999999405816197, -0.8047999601694755, False, 19.518158, 0.0, 0.0, 0.0, 39.5, 0.4893869, 14.590169
417, 839, -0.0011999999405816197, -0.8059999601100571, False, 19.398155, 1.3187893e-08, -4.4703484e-08, -8.325569e-08, 39.5, 0.48963663, 14.590208
417, 840, -0.0011999999405816197, -0.8071999600506388, False, 19.278152, 3.50339e-08, 0.0, 4.8221793e-08, 39.5, 0.48978463, 14.590282
417, 841, -0.0011999999405816197, -0.8083999599912204, False, 19.15815, 0.0, 0.0, 0.0, 39.5, 0.48987234, 14.5904045
417, 842, -0.0011999999405816197, -0.809599959931802, False, 19.038147, 4.4295582e-08, -1.4901161e-08, -3.9882536e-08, 39.5, 0.48992434, 14.59057
417, 843, -0.0011999999405816197, -0.8107999598723836, False, 18.918144, 0.0016648802, -0.00053434074, -0.0018489733, 39.5, 0.48948494, 14.593024
417, 844, -0.0011999999405816197, -0.8119999598129652, False, 18.798141, 0.00017257113, -5.1617622e-05, -0.00015529813, 39.5, 0.48943925, 14.594741
417, 845, -0.0011999999405816197, -0.8131999597535469, False, 18.678139, 1.3187893e-08, -1.4901161e-08, -8.325569e-08, 39.5, 0.48966765, 14.594784
417, 846, -0.0011999999405816197, -0.8143999596941285, False, 18.558136, 8.142108e-08, -1.4901161e-08, 2.1818266e-08, 39.5, 0.48980305, 14.594854
417, 847, -0.0011999999405816197, -0.8155999596347101, False, 18.438133, 1.3187908e-08, -1.4901161e-08, -8.325568e-08, 39.5, 0.48988327, 14.594959
417, 848, -0.0011999999405816197, -0.8167999595752917, False, 18.31813, 4.4295586e-08, -1.4901161e-08, -3.9882522e-08, 39.5, 0.4899308, 14.595128
417, 849, -0.0011999999405816197, -0.8179999595158733, False, 18.198128, 0.001667792, -0.0005352944, -0.0018522069, 39.5, 0.48948547, 14.5976
417, 850, -0.0011999999405816197, -0.819199959456455, False, 18.078125, 0.0026062601, -0.00086805224, -0.003587082, 39.5, 0.48901975, 14.601625
417, 851, -0.0011999999405816197, -0.8203999593970366, False, 17.958122, 0.0013109936, -0.00039464235, -0.0014558663, 39.5, 0.48895243, 14.604809
417, 852, -0.0011999999405816197, -0.8215999593376182, False, 17.83812, 0.0, 0.0, 0.0, 39.5, 0.48934352, 14.605153
417, 853, -0.0011999999405816197, -0.8227999592781998, False, 17.718117, 0.0, 0.0, 0.0, 39.5, 0.48961088, 14.605188
417, 854, -0.0011999999405816197, -0.8239999592187814, False, 17.598114, 4.4295593e-08, -1.4901161e-08, -3.9882522e-08, 39.5, 0.4897694, 14.605267
417, 855, -0.0011999999405816197, -0.8251999591593631, False, 17.478111, 0.00035321305, -0.00010980666, -0.00031802326, 39.5, 0.48973167, 14.605979
417, 856, -0.0011999999405816197, -0.8263999590999447, False, 17.358109, 0.00033699645, -0.00010475516, -0.00030334207, 39.5, 0.48972863, 14.606588
417, 857, -0.0011999999405816197, -0.8275999590405263, False, 17.238106, 0.0, 0.0, 0.0, 39.5, 0.4898084, 14.606865
417, 858, -0.0011999999405816197, -0.8287999589811079, False, 17.118103, 4.4295593e-08, -1.4901161e-08, -3.9882508e-08, 39.5, 0.48988646, 14.607008
417, 859, -0.0011999999405816197, -0.8299999589216895, False, 16.9981, 0.0, 0.0, 0.0, 39.5, 0.48985726, 14.607569
417, 860, -0.0011999999405816197, -0.8311999588622712, False, 16.878098, 4.4295597e-08, -1.4901161e-08, -3.9882508e-08, 39.5, 0.4899154, 14.607729
417, 861, -0.0011999999405816197, -0.8323999588028528, False, 16.758095, 0.0016610122, -0.00053311884, -0.0018446757, 39.5, 0.48948425, 14.610156
417, 862, -0.0011999999405816197, -0.8335999587434344, False, 16.638092, 0.00017226115, -5.1558018e-05, -0.0001550189, 39.5, 0.48943913, 14.611871
417, 863, -0.0011999999405816197, -0.834799958684016, False, 16.51809, 1.3187936e-08, -1.4901161e-08, -8.325568e-08, 39.5, 0.48966756, 14.611914
417, 864, -0.0011999999405816197, -0.8359999586245976, False, 16.398087, 0.0, 0.0, 0.0, 39.5, 0.48980296, 14.611984
417, 865, -0.0011999999405816197, -0.8371999585651793, False, 16.278084, 0.0, 0.0, 0.0, 39.5, 0.48988324, 14.612076
417, 866, -0.0011999999405816197, -0.8383999585057609, False, 16.158081, 0.0, 0.0, 0.0, 39.5, 0.4899308, 14.612207
417, 867, -0.0011999999405816197, -0.8395999584463425, False, 16.038078, 6.1615015e-06, -1.9967556e-06, -5.627845e-06, 39.5, 0.489959, 14.612393
417, 868, -0.0011999999405816197, -0.8407999583869241, False, 15.918078, 0.0016807949, -0.00053945184, -0.0018666452, 39.5, 0.4894877, 14.614944
417, 869, -0.0011999999405816197, -0.8419999583275057, False, 15.798079, 0.0014757464, -0.0004582256, -0.001639013, 39.5, 0.4892079, 14.617882
417, 870, -0.0011999999405816197, -0.8431999582680874, False, 15.678079, 0.0013211956, -0.00041033328, -0.001467373, 39.5, 0.48917937, 14.619997
417, 871, -0.0011999999405816197, -0.844399958208669, False, 15.558079, 4.42956e-08, -2.9802322e-08, -3.9882508e-08, 39.5, 0.4893869, 14.6209135
417, 872, -0.0011999999405816197, -0.8455999581492506, False, 15.438079, 0.0, 0.0, 0.0, 39.5, 0.48963663, 14.620953
417, 873, -0.0011999999405816197, -0.8467999580898322, False, 15.318079, 0.0, 0.0, 0.0, 39.5, 0.48978463, 14.621027
417, 874, -0.0011999999405816197, -0.8479999580304138, False, 15.198079, 0.0, 0.0, 0.0, 39.5, 0.48987234, 14.621149
417, 875, -0.0011999999405816197, -0.8491999579709955, False, 15.078079, 0.0, 0.0, 0.0, 39.5, 0.48992434, 14.621303
417, 876, -0.0011999999405816197, -0.8503999579115771, False, 14.958079, 0.0, 0.0, 0.0, 39.5, 0.48995516, 14.62146
417, 877, -0.0011999999405816197, -0.8515999578521587, False, 14.838079, 0.0, 0.0, 0.0, 39.5, 0.48997343, 14.621615
417, 878, -0.0011999999405816197, -0.8527999577927403, False, 14.71808, 0.0, 0.0, 0.0, 39.5, 0.48998427, 14.62179
417, 879, -0.0011999999405816197, -0.8539999577333219, False, 14.59808, 9.644364e-08, -2.9802322e-08, -7.0067685e-08, 39.5, 0.48999068, 14.621956
417, 880, -0.0011999999405816197, -0.8551999576739036, False, 14.47808, 0.00013097773, -4.2393804e-05, -0.000117848365, 39.5, 0.48998946, 14.622178
417, 881, -0.0011999999405816197, -0.8563999576144852, False, 14.35808, 0.00044034273, -0.00013689697, -0.00039647182, 39.5, 0.48974827, 14.623512
417, 882, -0.0011999999405816197, -0.8575999575550668, False, 14.23808, 0.0, 0.0, 0.0, 39.5, 0.48981422, 14.623826
417, 883, -0.0011999999405816197, -0.8587999574956484, False, 14.11808, 0.0, 0.0, 0.0, 39.5, 0.48988992, 14.623947
417, 884, -0.0011999999405816197, -0.85999995743623, False, 13.99808, 0.0, 0.0, 0.0, 39.5, 0.4899347, 14.624055
417, 885, -0.0011999999405816197, -0.8611999573768117, False, 13.87808, 0.0, 0.0, 0.0, 39.5, 0.4899613, 14.624164
417, 886, -0.0011999999405816197, -0.8623999573173933, False, 13.7580805, 4.8221843e-08, -1.4901161e-08, -3.503382e-08, 39.5, 0.48997706, 14.624321
417, 887, -0.0011999999405816197, -0.8635999572579749, False, 13.638081, 0.00010861289, -3.516674e-05, -9.779178e-05, 39.5, 0.4899864, 14.624522
417, 888, -0.0011999999405816197, -0.8647999571985565, False, 13.518081, 0.0016927974, -0.00054328144, -0.0018800606, 39.5, 0.48948982, 14.627152
417, 889, -0.0011999999405816197, -0.8659999571391381, False, 13.398081, 0.002608647, -0.0008688569, -0.0035903556, 39.5, 0.48902023, 14.63119
417, 890, -0.0011999999405816197, -0.8671999570797198, False, 13.278081, 0.0024966733, -0.000809446, -0.0034362432, 39.5, 0.48876813, 14.635469
417, 891, -0.0011999999405816197, -0.8683999570203014, False, 13.158081, 0.0011503379, -0.0003463626, -0.0012775313, 39.5, 0.48892543, 14.637873
417, 892, -0.0011999999405816197, -0.869599956960883, False, 13.038081, 0.0, 1.4901161e-08, 0.0, 39.5, 0.48933476, 14.6381645
417, 893, -0.0011999999405816197, -0.8707999569014646, False, 12.918081, 0.0, 0.0, 0.0, 39.5, 0.48960572, 14.638205
417, 894, -0.0011999999405816197, -0.8719999568420462, False, 12.798081, 0.0, 0.0, 0.0, 39.5, 0.48976636, 14.63829
417, 895, -0.0011999999405816197, -0.8731999567826279, False, 12.6780815, 4.4295643e-08, -2.9802322e-08, -3.9882465e-08, 39.5, 0.48986152, 14.638419
417, 896, -0.0011999999405816197, -0.8743999567232095, False, 12.558082, 0.00039006743, -0.00012126565, -0.000351205, 39.5, 0.48973867, 14.639392
417, 897, -0.0011999999405816197, -0.8755999566637911, False, 12.438082, 0.0, 0.0, 0.0, 39.5, 0.48981136, 14.639688
417, 898, -0.0011999999405816197, -0.8767999566043727, False, 12.318082, 4.4295643e-08, -1.4901161e-08, -3.9882465e-08, 39.5, 0.48988822, 14.6398325
417, 899, -0.0011999999405816197, -0.8779999565449543, False, 12.198082, 0.00040060538, -0.0001245588, -0.00036061282, 39.5, 0.48974064, 14.640882
417, 900, -0.0011999999405816197, -0.879199956485536, False, 12.078082, 0.0015800849, -0.0005071759, -0.0017548853, 39.5, 0.48947012, 14.642812
417, 901, -0.0011999999405816197, -0.8803999564261176, False, 11.958082, 0.00016331358, -4.889071e-05, -0.00014696244, 39.5, 0.4894368, 14.644488
417, 902, -0.0011999999405816197, -0.8815999563666992, False, 11.838082, 1.3188021e-08, -1.4901161e-08, -8.3255664e-08, 39.5, 0.4896662, 14.644531
417, 903, -0.0011999999405816197, -0.8827999563072808, False, 11.718082, 0.0, 0.0, 0.0, 39.5, 0.48980215, 14.644614
417, 904, -0.0011999999405816197, -0.8839999562478624, False, 11.598083, 4.8221843e-08, -1.4901161e-08, -3.503382e-08, 39.5, 0.4898827, 14.644743
417, 905, -0.0011999999405816197, -0.885199956188444, False, 11.478083, 0.0, 0.0, 0.0, 39.5, 0.4899305, 14.644887
417, 906, -0.0011999999405816197, -0.8863999561290257, False, 11.358083, 6.1409885e-08, -2.9802322e-08, -1.18289464e-07, 39.5, 0.4899588, 14.645035
417, 907, -0.0011999999405816197, -0.8875999560696073, False, 11.238083, 0.0, 1.4901161e-08, 0.0, 39.5, 0.48997557, 14.645218
417, 908, -0.0011999999405816197, -0.8887999560101889, False, 11.118083, 4.8221846e-08, -1.4901161e-08, -3.5033807e-08, 39.5, 0.48998553, 14.645406
417, 909, -0.0011999999405816197, -0.8899999559507705, False, 10.998083, 0.0, 0.0, 0.0, 39.5, 0.4899914, 14.645597
417, 910, -0.0011999999405816197, -0.8911999558913521, False, 10.878083, -2.9801313e-08, 0.0, -5.161972e-08, 39.5, 0.4899949, 14.645779
417, 911, -0.0011999999405816197, -0.8923999558319338, False, 10.758083, 0.0, 0.0, 0.0, 39.5, 0.489997, 14.645934
417, 912, -0.0011999999405816197, -0.8935999557725154, False, 10.638083, 4.822185e-08, -1.4901161e-08, -3.5033793e-08, 39.5, 0.48999822, 14.646104
417, 913, -0.0011999999405816197, -0.894799955713097, False, 10.518084, 1.3188057e-08, -2.9802322e-08, -8.325564e-08, 39.5, 0.48999897, 14.646301
417, 914, -0.0011999999405816197, -0.8959999556536786, False, 10.398084, 0.00014400514, -4.6625733e-05, -0.00012965783, 39.5, 0.48999092, 14.646539
417, 915, -0.0011999999405816197, -0.8971999555942602, False, 10.278084, 0.0016949916, -0.0005440116, -0.001882497, 39.5, 0.48949018, 14.649182
417, 916, -0.0011999999405816197, -0.8983999555348419, False, 10.158084, 0.0014775477, -0.00045874715, -0.001640921, 39.5, 0.48920816, 14.652127
417, 917, -0.0011999999405816197, -0.8995999554754235, False, 10.038084, 0.0, 0.0, 0.0, 39.5, 0.48939168, 14.653121
417, 918, -0.0011999999405816197, -0.9007999554160051, False, 9.918084, 0.0, 0.0, 0.0, 39.5, 0.48963943, 14.65316
417, 919, -0.0011999999405816197, -0.9019999553565867, False, 9.798084, 0.0, 0.0, 0.0, 39.5, 0.48978627, 14.6532345
417, 920, -0.0011999999405816197, -0.9031999552971683, False, 9.678084, 0.0, 0.0, 0.0, 39.5, 0.48987335, 14.653346
417, 921, -0.0011999999405816197, -0.90439995523775, False, 9.5580845, -3.5033807e-08, 0.0, -4.822186e-08, 39.5, 0.4899249, 14.653475
417, 922, -0.0011999999405816197, -0.9055999551783316, False, 9.438085, 3.5033807e-08, 0.0, 4.822186e-08, 39.5, 0.48995548, 14.6536455
417, 923, -0.0011999999405816197, -0.9067999551189132, False, 9.318085, 0.0, 0.0, 0.0, 39.5, 0.48997357, 14.653826
417, 924, -0.0011999999405816197, -0.9079999550594948, False, 9.198085, 5.1619725e-08, -1.4901161e-08, -2.98013e-08, 39.5, 0.4899843, 14.654
417, 925, -0.0011999999405816197, -0.9091999550000764, False, 9.078085, 4.8221857e-08, -1.4901161e-08, -3.5033786e-08, 39.5, 0.48999068, 14.654166
417, 926, -0.0011999999405816197, -0.9103999549406581, False, 8.958085, 1.3188071e-08, -1.4901161e-08, -8.325564e-08, 39.5, 0.4899945, 14.65436
417, 927, -0.0011999999405816197, -0.9115999548812397, False, 8.838085, 0.00013669638, -4.425645e-05, -0.00012307719, 39.5, 0.48999014, 14.654588
417, 928, -0.0011999999405816197, -0.9127999548218213, False, 8.718085, 0.00044043167, -0.00013692677, -0.00039655098, 39.5, 0.48974833, 14.655923
417, 929, -0.0011999999405816197, -0.9139999547624029, False, 8.598085, 0.0015834004, -0.0005082339, -0.0017584767, 39.5, 0.48947072, 14.657876
417, 930, -0.0011999999405816197, -0.9151999547029845, False, 8.4780855, 0.0014668988, -0.0004554689, -0.0016290934, 39.5, 0.48920622, 14.660764
417, 931, -0.0011999999405816197, -0.9163999546435662, False, 8.358086, 0.002443176, -0.0008138418, -0.0033626095, 39.5, 0.48899046, 14.6639595
417, 932, -0.0011999999405816197, -0.9175999545841478, False, 8.238086, 0.0012930798, -0.00038929284, -0.0014361438, 39.5, 0.4889494, 14.667051
417, 933, -0.0011999999405816197, -0.9187999545247294, False, 8.118086, 0.0, 0.0, 0.0, 39.5, 0.48934254, 14.667391
417, 934, -0.0011999999405816197, -0.919999954465311, False, 7.998086, -3.5033786e-08, 1.4901161e-08, -4.822187e-08, 39.5, 0.48961037, 14.667426
417, 935, -0.0011999999405816197, -0.9211999544058926, False, 7.878086, 0.0, 0.0, 0.0, 39.5, 0.4897691, 14.667492
417, 936, -0.0011999999405816197, -0.9223999543464743, False, 7.758086, 0.0, 0.0, 0.0, 39.5, 0.48986313, 14.667597
417, 937, -0.0011999999405816197, -0.9235999542870559, False, 7.6380863, 2.1818462e-08, -1.4901161e-08, -8.1421035e-08, 39.5, 0.4899189, 14.667708
417, 938, -0.0011999999405816197, -0.9247999542276375, False, 7.5180864, 0.0, 0.0, 0.0, 39.5, 0.48995194, 14.667851
417, 939, -0.0011999999405816197, -0.9259999541682191, False, 7.3980865, 0.0, 0.0, 0.0, 39.5, 0.48997158, 14.668032
417, 940, -0.0011999999405816197, -0.9271999541088007, False, 7.2780867, 0.0, 0.0, 0.0, 39.5, 0.4899832, 14.668206
417, 941, -0.0011999999405816197, -0.9283999540493824, False, 7.158087, 0.0, 0.0, 0.0, 39.5, 0.48999006, 14.668372
417, 942, -0.0011999999405816197, -0.929599953989964, False, 7.038087, 0.0, 0.0, 0.0, 39.5, 0.4899941, 14.668566
417, 943, -0.0011999999405816197, -0.9307999539305456, False, 6.918087, 0.00013612062, -4.4077635e-05, -0.00012255867, 39.5, 0.48999012, 14.668794
417, 944, -0.0011999999405816197, -0.9319999538711272, False, 6.798087, 0.00044042754, -0.00013692677, -0.00039646664, 39.5, 0.48974833, 14.670129
417, 945, -0.0011999999405816197, -0.9331999538117088, False, 6.678087, 0.0015834013, -0.0005082339, -0.0017584758, 39.5, 0.48947072, 14.672082
417, 946, -0.0011999999405816197, -0.9343999537522905, False, 6.5580873, 0.0014668996, -0.0004554689, -0.001629093, 39.5, 0.48920622, 14.67497
417, 947, -0.0011999999405816197, -0.9355999536928721, False, 6.4380875, 0.0, 0.0, 0.0, 39.5, 0.4893914, 14.675958
417, 948, -0.0011999999405816197, -0.9367999536334537, False, 6.3180876, 0.0, 1.4901161e-08, 0.0, 39.5, 0.48963922, 14.675997
417, 949, -0.0011999999405816197, -0.9379999535740353, False, 6.1980877, 0.0, 0.0, 0.0, 39.5, 0.4897862, 14.676071
417, 950, -0.0011999999405816197, -0.9391999535146169, False, 6.078088, 0.0, 0.0, 0.0, 39.5, 0.4898733, 14.676183
417, 951, -0.0011999999405816197, -0.9403999534551986, False, 5.958088, 2.9837786e-09, -1.4901161e-08, -6.657319e-08, 39.5, 0.4899249, 14.676286
417, 952, -0.0011999999405816197, -0.9415999533957802, False, 5.838088, 2.980125e-08, 0.0, 5.1619757e-08, 39.5, 0.48995548, 14.676392
417, 953, -0.0011999999405816197, -0.9427999533363618, False, 5.718088, 0.0, 0.0, 0.0, 39.5, 0.48997357, 14.676548
417, 954, -0.0011999999405816197, -0.9439999532769434, False, 5.5980883, 0.0, 0.0, 0.0, 39.5, 0.4899843, 14.676736
417, 955, -0.0011999999405816197, -0.945199953217525, False, 5.4780884, 9.644378e-08, -2.9802322e-08, -7.0067486e-08, 39.5, 0.48999068, 14.676928
417, 956, -0.0011999999405816197, -0.9463999531581067, False, 5.3580885, 0.00013097796, -4.2378902e-05, -0.000117848074, 39.5, 0.4899895, 14.67715
417, 957, -0.0011999999405816197, -0.9475999530986883, False, 5.2380886, 0.00044025492, -0.00013688207, -0.00039639114, 39.5, 0.48974827, 14.678483
417, 958, -0.0011999999405816197, -0.9487999530392699, False, 5.1180887, 0.0015834417, -0.000508219, -0.00175852, 39.5, 0.48947072, 14.680436
417, 959, -0.0011999999405816197, -0.9499999529798515, False, 4.998089, 0.00016358397, -4.8980117e-05, -0.0001472857, 39.5, 0.4894369, 14.682115
417, 960, -0.0011999999405816197, -0.9511999529204331, False, 4.878089, 0.0, 0.0, 0.0, 39.5, 0.48966625, 14.6821575
417, 961, -0.0011999999405816197, -0.9523999528610148, False, 4.758089, 4.8221892e-08, -1.4901161e-08, -3.5033757e-08, 39.5, 0.48980215, 14.6822405
417, 962, -0.0011999999405816197, -0.9535999528015964, False, 4.638089, 0.0, 0.0, 0.0, 39.5, 0.4898827, 14.682357
417, 963, -0.0011999999405816197, -0.954799952742178, False, 4.5180893, 0.0, 0.0, 0.0, 39.5, 0.4899305, 14.682462
417, 964, -0.0011999999405816197, -0.9559999526827596, False, 4.3980894, 0.0, 0.0, 0.0, 39.5, 0.4899588, 14.682539
417, 965, -0.0011999999405816197, -0.9571999526233412, False, 4.2780895, 0.0, 0.0, 0.0, 39.5, 0.48997557, 14.682598
417, 966, -0.0011999999405816197, -0.9583999525639229, False, 4.1580896, 0.0, -1.4901161e-08, 0.0, 39.5, 0.48998553, 14.682673
417, 967, -0.0011999999405816197, -0.9595999525045045, False, 4.0380898, 0.0, 0.0, 0.0, 39.5, 0.4899914, 14.682799
417, 968, -0.0011999999405816197, -0.9607999524450861, False, 3.9180899, 0.0, 0.0, 0.0, 39.5, 0.48999998, 14.682799
417, 969, -0.0011999999405816197, -0.9619999523856677, False, 3.79809, 0.0, 0.0, 0.0, 39.5, 0.49, 14.682917
417, 970, -0.0011999999405816197, -0.9631999523262493, False, 3.67809, 0.0, 0.0, 0.0, 39.5, 0.49, 14.683047
417, 971, -0.0011999999405816197, -0.964399952266831, False, 3.5580902, 4.8221928e-08, -2.9802322e-08, -3.5033693e-08, 39.5, 0.49, 14.683218
417, 972, -0.0011999999405816197, -0.9655999522074126, False, 3.4380903, 0.0001454229, -4.708767e-05, -0.00013093377, 39.5, 0.48999113, 14.683456
417, 973, -0.0011999999405816197, -0.9667999521479942, False, 3.3180904, 0.00044105266, -0.00013713539, -0.0003971086, 39.5, 0.4897484, 14.684794
417, 974, -0.0011999999405816197, -0.9679999520885758, False, 3.1980906, 0.00034373492, -0.00010688603, -0.00030948705, 39.5, 0.48972985, 14.685451
417, 975, -0.0011999999405816197, -0.9691999520291574, False, 3.0780907, 0.0015753916, -0.0005056411, -0.0017494869, 39.5, 0.4894693, 14.687351
417, 976, -0.0011999999405816197, -0.970399951969739, False, 2.9580908, 0.0014658695, -0.00045517087, -0.0016278552, 39.5, 0.48920608, 14.690234
417, 977, -0.0011999999405816197, -0.9715999519103207, False, 2.838091, 0.0013200085, -0.00040994585, -0.001465956, 39.5, 0.48917922, 14.692344
417, 978, -0.0011999999405816197, -0.9727999518509023, False, 2.718091, 0.0013054906, -0.0004054308, -0.0014498329, 39.5, 0.48917657, 14.694374
417, 979, -0.0011999999405816197, -0.9739999517914839, False, 2.5980911, 0.0, 0.0, 0.0, 39.5, 0.48938644, 14.695283
417, 980, -0.0011999999405816197, -0.9751999517320655, False, 2.4780912, 0.0, 0.0, 0.0, 39.5, 0.48963633, 14.695327
417, 981, -0.0011999999405816197, -0.9763999516726471, False, 2.3580914, 0.0003048388, -9.4756484e-05, -0.00027438614, 39.5, 0.4897226, 14.695668
417, 982, -0.0011999999405816197, -0.9775999516132288, False, 2.2380915, 0.00033380822, -0.00010377169, -0.00030046923, 39.5, 0.489728, 14.696252
417, 983, -0.0011999999405816197, -0.9787999515538104, False, 2.1180916, 0.0003357572, -0.00010436773, -0.00030222407, 39.5, 0.48972836, 14.69685
417, 984, -0.0011999999405816197, -0.979999951494392, False, 1.9980917, 0.0003358458, -0.000104397535, -0.00030230382, 39.5, 0.4897284, 14.69745
417, 985, -0.0011999999405816197, -0.9811999514349736, False, 1.8780918, -3.5033707e-08, 0.0, -4.822193e-08, 39.5, 0.48980835, 14.697726
417, 986, -0.0011999999405816197, -0.9823999513755552, False, 1.7580919, 0.0, 0.0, 0.0, 39.5, 0.48988637, 14.697858
417, 987, -0.0011999999405816197, -0.9835999513161369, False, 1.638092, 0.0, 0.0, 0.0, 39.5, 0.48993266, 14.698004
417, 988, -0.0011999999405816197, -0.9847999512567185, False, 1.5180922, 0.0, 0.0, 0.0, 39.5, 0.4899601, 14.698153
417, 989, -0.0011999999405816197, -0.9859999511973001, False, 1.3980923, 4.8221935e-08, -1.4901161e-08, -3.5033693e-08, 39.5, 0.48997638, 14.698336
417, 990, -0.0011999999405816197, -0.9871999511378817, False, 1.2780924, 0.0, 0.0, 0.0, 39.5, 0.48998603, 14.698511
417, 991, -0.0011999999405816197, -0.9883999510784633, False, 1.1580925, 0.0, 0.0, 0.0, 39.5, 0.48999178, 14.698677
417, 992, -0.0011999999405816197, -0.989599951019045, False, 1.0380926, 0.0, 0.0, 0.0, 39.5, 0.48999512, 14.698872
417, 993, -0.0011999999405816197, -0.9907999509596266, False, 0.91809255, 0.00013780408, -4.4614077e-05, -0.00012407397, 39.5, 0.48999026, 14.699101
417, 994, -0.0011999999405816197, -0.9919999509002082, False, 0.7980925, 4.8221942e-08, -2.9802322e-08, -3.503368e-08, 39.5, 0.48988876, 14.699853
417, 995, -0.0011999999405816197, -0.9931999508407898, False, 0.6780924, 0.0, 0.0, 0.0, 39.5, 0.48993406, 14.700012
417, 996, -0.0011999999405816197, -0.9943999507813714, False, 0.55809236, 8.325562e-08, -1.4901161e-08, 1.3188263e-08, 39.5, 0.48996094, 14.700186
417, 997, -0.0011999999405816197, -0.9955999507219531, False, 0.43809235, 0.0, 0.0, 0.0, 39.5, 0.48997682, 14.700369
417, 998, -0.0011999999405816197, -0.9967999506625347, False, 0.31809238, 5.1619807e-08, -1.4901161e-08, -2.9801186e-08, 39.5, 0.48998627, 14.700544
417, 999, -0.0011999999405816197, -0.9979999506031163, False, 0.1980924, 0.0, 0.0, 0.0, 39.5, 0.48999184, 14.70071
417, 1000, -0.0011999999405816197, -0.9991999505436979, False, 0.07809241, 0.0, 0.0, 0.0, 39.5, 0.4899952, 14.700905
417, 1001, -0.0007999999797903001, -0.9999999505234882, True, 0.0, 0.0, 0.0, 0.0, 39.5, 0.489996, 14.70097
