episode, step, reward, cumulative reward, done, health, vx, vy, vz, px, py, pz
605, 1, 0.0, 0.0, False, 99.96, 0.0, -0.1899216, 0.0, 20.0, 0.50620157, 15.0
605, 2, -0.0011999999405816197, -0.0011999999405816197, False, 99.84, 0.0, -0.06980896, 1.5125134, 20.0, 0.49034908, 15.047178
605, 3, -0.0011999999405816197, -0.0023999998811632395, False, 99.71999, -0.054273702, -0.0005579144, -1.3444685, 20.002277, 0.4900028, 15.017155
605, 4, -0.0011999999405816197, -0.0035999998217448592, False, 99.59999, 0.040318877, -4.7683716e-06, 1.4756892, 19.99422, 0.49000004, 15.054346
605, 5, -0.0011999999405816197, -0.004799999762326479, False, 99.47999, 0.33572346, 0.0, 3.802371, 19.955647, 0.49000004, 15.233482
605, 6, -0.0011999999405816197, -0.005999999702908099, False, 99.359985, 0.4261622, 0.0, 2.183104, 19.91924, 0.49000004, 15.391746
605, 7, -0.0011999999405816197, -0.0071999996434897184, False, 99.23998, 0.7203764, 0.0, 4.4086986, 19.846647, 0.49000004, 15.603647
605, 8, -0.0011999999405816197, -0.008399999584071338, False, 99.11998, 1.1927857, 0.0, 6.38919, 19.703947, 0.49000004, 15.923426
605, 9, -0.0011999999405816197, -0.009599999524652958, False, 98.99998, 1.7968655, 0.0, 8.133183, 19.48428, 0.49000004, 16.332077
605, 10, -0.0011999999405816197, -0.010799999465234578, False, 98.879974, 2.4959412, 0.0, 9.652066, 19.182323, 0.49000004, 16.810902
605, 11, -0.0011999999405816197, -0.011999999405816197, False, 98.75997, 3.2591677, 0.0, 10.959369, 18.79441, 0.49000004, 17.341629
605, 12, -0.0011999999405816197, -0.013199999346397817, False, 98.63997, 2.7857492, 0.0, 6.704936, 18.483496, 0.49000004, 17.747725
605, 13, -0.0011999999405816197, -0.014399999286979437, False, 98.519966, 3.2109501, 0.0, 8.284897, 18.144417, 0.49000004, 18.116467
605, 14, -0.0011999999405816197, -0.015599999227561057, False, 98.39996, 3.7462964, 0.0, 9.668903, 17.697283, 0.49000004, 18.505821
605, 15, -0.0011999999405816197, -0.016799999168142676, False, 98.27996, 4.357864, 0.0, 10.867697, 17.147121, 0.49000004, 18.898912
605, 16, -0.0011999999405816197, -0.017999999108724296, False, 98.15996, 5.0183053, 0.0, 11.893277, 16.49998, 0.49000004, 19.279825
605, 17, -0.0011999999405816197, -0.019199999049305916, False, 98.039955, 5.705219, 0.0, 12.758646, 15.762973, 0.49000004, 19.633736
605, 18, -0.0011999999405816197, -0.020399998989887536, False, 97.91995, 6.40026, 0.0, 13.477423, 14.944232, 0.49000004, 19.947023
605, 19, -0.0011999999405816197, -0.021599998930469155, False, 97.79995, 7.0885344, 0.0, 14.063498, 14.052852, 0.49000004, 20.207365
605, 20, -0.0011999999405816197, -0.022799998871050775, False, 97.67995, 7.7581387, 0.0, 14.530692, 13.09879, 0.49000004, 20.403805
605, 21, -0.0011999999405816197, -0.023999998811632395, False, 97.559944, 5.9381227, 0.0, 8.771104, 12.367938, 0.49000004, 20.533964
605, 22, -0.0011999999405816197, -0.025199998752214015, False, 97.43994, 6.19428, 0.0, 9.881098, 11.692049, 0.49000004, 20.58846
605, 23, -0.0011999999405816197, -0.026399998692795634, False, 97.31994, 6.5368676, 0.0, 10.853821, 10.952894, 0.49000004, 20.553604
605, 24, -0.0011999999405816197, -0.027599998633377254, False, 97.199936, 6.9408565, 0.0, 11.696991, 10.165828, 0.49000004, 20.425255
605, 25, -0.0011999999405816197, -0.028799998573958874, False, 97.07993, 7.3855715, 0.0, 12.419052, 9.346039, 0.49000004, 20.20052
605, 26, -0.0011999999405816197, -0.029999998514540493, False, 96.95993, 6.548439, 0.0, 13.781923, 8.50646, 0.49000004, 19.879549
605, 27, -0.0011999999405816197, -0.031199998455122113, False, 96.83993, 4.311728, 0.0, 15.540227, 7.6482253, 0.49000004, 19.472952
605, 28, -0.0011999999405816197, -0.03239999839570373, False, 96.719925, 2.1764421, 0.0, 16.903545, 6.7620525, 0.49000004, 19.000544
605, 29, -0.0011999999405816197, -0.03359999833628535, False, 96.59992, 0.16265202, 0.0, 17.927753, 5.839169, 0.49000004, 18.482687
605, 30, -0.0011999999405816197, -0.03479999827686697, False, 96.47992, -1.7158785, 0.0, 18.662167, 4.873312, 0.49000004, 17.938547
605, 31, -0.0011999999405816197, -0.03599999821744859, False, 96.35992, -3.4502764, 0.0, 19.150745, 3.8605618, 0.49000004, 17.386143
605, 32, -0.0011999999405816197, -0.03719999815803021, False, 96.239914, -5.0357304, 0.0, 19.432846, 2.7991745, 0.49000004, 16.842335
605, 33, -0.0011999999405816197, -0.03839999809861183, False, 96.11991, -6.470825, 0.0, 19.54373, 1.689407, 0.49000004, 16.322794
605, 34, -0.0011999999405816197, -0.03959999803919345, False, 95.99991, -7.7570343, 0.0, 19.51487, 0.5333489, 0.49000004, 15.841953
605, 35, -0.0011999999405816197, -0.04079999797977507, False, 95.879906, 0.0, 0.0, 0.0, 0.46766266, 0.49, 15.691436
605, 36, -0.0011999999405816197, -0.04199999792035669, False, 95.7599, 0.16571921, 0.0, -2.474432, 0.5759826, 0.49, 15.68016
605, 37, -0.0011999999405816197, -0.04319999786093831, False, 95.6399, 0.08737388, 0.0, 0.6682059, 0.5946595, 0.49, 15.684858
605, 38, -0.0011999999405816197, -0.04439999780151993, False, 95.5199, -0.16044068, 0.0, 3.0847332, 0.4657016, 0.49, 15.734038
605, 39, -0.0011999999405816197, -0.04559999774210155, False, 95.399895, 0.0, 0.0, 0.0, 0.49972558, 0.49, 15.734458
605, 40, -0.0011999999405816197, -0.04679999768268317, False, 95.27989, 0.0, 0.0, 0.0, 0.49999776, 0.49, 15.734633
605, 41, -0.0011999999405816197, -0.04799999762326479, False, 95.15989, 0.00014595197, -4.7251582e-05, 0.00013141509, 0.5, 0.48999104, 15.734872
605, 42, -0.0011999999405816197, -0.04919999756384641, False, 95.03989, 0.0016949247, -0.0005439818, 0.0018823956, 0.5, 0.48949012, 15.737516
605, 43, -0.0011999999405816197, -0.05039999750442803, False, 94.91988, 0.0012136698, -1.4901161e-08, -2.4790237, 0.56689775, 0.4899959, 15.663337
605, 44, -0.0011999999405816197, -0.05159999744500965, False, 94.79988, 0.0010099411, -1.4901161e-08, -4.7295985, 0.7273618, 0.48999998, 15.48522
605, 45, -0.0011999999405816197, -0.05279999738559127, False, 94.67988, -0.20877528, -1.4901161e-08, -1.134503, 0.81858927, 0.48999998, 15.380333
605, 46, -0.0011999999405816197, -0.05399999732617289, False, 94.559875, -0.16029584, -1.4901161e-08, 1.6060321, 0.7817963, 0.48999998, 15.409202
605, 47, -0.0011999999405816197, -0.05519999726675451, False, 94.43987, 0.18600345, -1.4901161e-08, 3.9375086, 0.6461502, 0.48999998, 15.543536
605, 48, -0.0011999999405816197, -0.05639999720733613, False, 94.31987, 0.65051895, -0.033332348, 0.67003906, 0.5003133, 0.4890222, 15.710266
605, 49, -0.0011999999405816197, -0.05759999714791775, False, 94.19987, -0.00033182802, 0.0, 0.00036853433, 0.50000256, 0.4883697, 15.722876
605, 50, -0.0011999999405816197, -0.05879999708849937, False, 94.079865, -3.1906538e-06, 0.0, 3.5435994e-06, 0.5, 0.4890337, 15.7229
605, 51, -0.0011999999405816197, -0.05999999702908099, False, 93.95986, 0.0, 0.0, 0.0, 0.5, 0.4894273, 15.722934
605, 52, -0.0011999999405816197, -0.06119999696966261, False, 93.83986, 4.822127e-08, -1.4901161e-08, 3.5034596e-08, 0.5, 0.48966056, 15.722975
605, 53, -0.0011999999405816197, -0.062399996910244226, False, 93.71986, 0.0, 0.0, 0.0, 0.5, 0.48979884, 15.723043
605, 54, -0.0011999999405816197, -0.06359999685082585, False, 93.59985, 0.0, 0.0, 0.0, 0.5, 0.48988077, 15.723121
605, 55, -0.0011999999405816197, -0.06479999679140747, False, 93.47985, -3.9925148e-09, -1.4901161e-08, 6.6520315e-08, 0.5, 0.48992932, 15.723212
605, 56, -0.0011999999405816197, -0.06599999673198909, False, 93.35985, 0.0, 0.0, 0.0, 0.5, 0.48995814, 15.723358
605, 57, -0.0011999999405816197, -0.0671999966725707, False, 93.239845, 6.9583046e-05, -2.2515655e-05, 6.2572246e-05, 0.5, 0.48997518, 15.723553
605, 58, -0.0011999999405816197, -0.06839999661315233, False, 93.11984, -4.8221292e-08, 1.4901161e-08, -3.5034564e-08, 0.5, 0.48988417, 15.7242775
605, 59, -0.0011999999405816197, -0.06959999655373394, False, 92.99984, -4.4118664e-09, 1.4901161e-08, -8.417816e-08, 0.5, 0.48993132, 15.724446
605, 60, -0.0011999999405816197, -0.07079999649431556, False, 92.87984, 4.8221295e-08, -1.4901161e-08, 3.503456e-08, 0.5, 0.489871, 15.72509
605, 61, -0.0011999999405816197, -0.07199999643489718, False, 92.759834, 4.4295017e-08, -1.4901161e-08, 3.9883147e-08, 0.5, 0.48992354, 15.725256
605, 62, -0.0011999999405816197, -0.0731999963754788, False, 92.63983, -4.82213e-08, 2.9802322e-08, -3.503456e-08, 0.5, 0.48986858, 15.725885
605, 63, -0.0011999999405816197, -0.07439999631606042, False, 92.51983, 0.0, 0.0, 0.0, 0.5, 0.4899221, 15.726025
605, 64, -0.0011999999405816197, -0.07559999625664204, False, 92.399826, 0.0, 0.0, 0.0, 0.5, 0.48995385, 15.726142
605, 65, -0.0011999999405816197, -0.07679999619722366, False, 92.27982, 0.0, 0.0, 0.0, 0.5, 0.48997268, 15.726226
605, 66, -0.0011999999405816197, -0.07799999613780528, False, 92.15982, 2.7225832e-08, -1.4901161e-08, 1.2121575e-08, 0.5, 0.4899838, 15.726299
605, 67, -0.0011999999405816197, -0.0791999960783869, False, 92.03982, 0.0, 0.0, 0.0, 0.5, 0.4899904, 15.726425
605, 68, -0.0011999999405816197, -0.08039999601896852, False, 91.919815, 0.0, 0.0, 0.0, 0.5, 0.48999432, 15.726593
605, 69, -0.0011999999405816197, -0.08159999595955014, False, 91.79981, 0.00013678307, -4.428625e-05, 0.00012315907, 0.5, 0.48999003, 15.726821
605, 70, -0.0011999999405816197, -0.08279999590013176, False, 91.67981, 0.0004407356, -0.00013703108, 0.00039683707, 0.5, 0.4897482, 15.728156
605, 71, -0.0011999999405816197, -0.08399999584071338, False, 91.55981, 4.8221313e-08, -1.4901161e-08, 3.503453e-08, 0.5, 0.48981416, 15.72847
605, 72, -0.0011999999405816197, -0.085199995781295, False, 91.439804, 0.0, 0.0, 0.0, 0.5, 0.48988986, 15.728591
605, 73, -0.0011999999405816197, -0.08639999572187662, False, 91.3198, 0.0, 0.0, 0.0, 0.5, 0.4899347, 15.7287245
605, 74, -0.0011999999405816197, -0.08759999566245824, False, 91.1998, 0.0, 0.0, 0.0, 0.5, 0.4899613, 15.728887
605, 75, -0.0011999999405816197, -0.08879999560303986, False, 91.079796, 4.822133e-08, -1.4901161e-08, 3.503451e-08, 0.5, 0.48997706, 15.729044
605, 76, -0.0011999999405816197, -0.08999999554362148, False, 90.95979, 0.00010905442, -3.5315752e-05, 9.8192206e-05, 0.5, 0.4899864, 15.729245
605, 77, -0.0011999999405816197, -0.0911999954842031, False, 90.83979, 0.0, 0.0, 0.0, 0.5, 0.48988757, 15.729991
605, 78, -0.0011999999405816197, -0.09239999542478472, False, 90.71979, 0.0, 0.0, 0.0, 0.5, 0.4899334, 15.730162
605, 79, -0.0011999999405816197, -0.09359999536536634, False, 90.599785, 0.00041863255, -0.00013014674, 0.00037693523, 0.5, 0.489744, 15.731337
605, 80, -0.0011999999405816197, -0.09479999530594796, False, 90.47978, 0.0, 0.0, 0.0, 0.5, 0.48981294, 15.731643
605, 81, -0.0011999999405816197, -0.09599999524652958, False, 90.35978, 0.0, 0.0, 0.0, 0.5, 0.48988917, 15.731788
605, 82, -0.0011999999405816197, -0.0971999951871112, False, 90.23978, -3.503451e-08, 0.0, 4.822133e-08, 0.5, 0.48985812, 15.732353
605, 83, -0.0011999999405816197, -0.09839999512769282, False, 90.119774, 0.0, 0.0, 0.0, 0.5, 0.48991594, 15.73249
605, 84, -0.0011999999405816197, -0.09959999506827444, False, 89.99977, 0.0, -1.4901161e-08, 0.0, 0.5, 0.48995024, 15.732607
605, 85, -0.0011999999405816197, -0.10079999500885606, False, 89.87977, 0.0, 0.0, 0.0, 0.5, 0.48997048, 15.732689
605, 86, -0.0011999999405816197, -0.10199999494943768, False, 89.759766, 1.4575556e-08, 1.4901161e-08, 3.0980338e-09, 0.5, 0.4899825, 15.732741
605, 87, -0.0011999999405816197, -0.1031999948900193, False, 89.63976, 0.0, 1.4901161e-08, 0.0, 0.5, 0.4899896, 15.7327585
605, 88, -0.0011999999405816197, -0.10439999483060092, False, 89.51976, 0.0, 0.0, 0.0, 0.5, 0.4899939, 15.7327585
605, 89, -0.0011999999405816197, -0.10559999477118254, False, 89.39976, 0.0, 0.0, 0.0, 0.5, 0.4899964, 15.7327585
605, 90, -0.0011999999405816197, -0.10679999471176416, False, 89.279755, -1.4575557e-08, 2.9802322e-08, -3.098032e-09, 0.5, 0.4899979, 15.732766
605, 91, -0.0011999999405816197, -0.10799999465234578, False, 89.15975, 0.0, 0.0, 0.0, 0.5, 0.48999876, 15.732815
605, 92, -0.0011999999405816197, -0.1091999945929274, False, 89.03975, 0.0, 0.0, 0.0, 0.5, 0.48999926, 15.732896
605, 93, -0.0011999999405816197, -0.11039999453350902, False, 88.91975, 0.0, 0.0, 0.0, 0.5, 0.4899996, 15.7330265
605, 94, -0.0011999999405816197, -0.11159999447409064, False, 88.79974, 3.5034454e-08, 0.0, -4.8221374e-08, 0.5, 0.48999977, 15.733197
605, 95, -0.0011999999405816197, -0.11279999441467226, False, 88.67974, 0.00014523926, -4.7028065e-05, 0.00013069232, 0.5, 0.489991, 15.733436
605, 96, -0.0011999999405816197, -0.11399999435525388, False, 88.55974, 0.0004410464, -0.00013713539, 0.00039711548, 0.5, 0.4897483, 15.734774
605, 97, -0.0011999999405816197, -0.1151999942958355, False, 88.439735, 0.0, 0.0, 0.0, 0.5, 0.48981422, 15.735087
605, 98, -0.0011999999405816197, -0.11639999423641711, False, 88.31973, 0.0, 0.0, 0.0, 0.5, 0.48988992, 15.735233
605, 99, -0.0011999999405816197, -0.11759999417699873, False, 88.19973, 0.0, 0.0, 0.0, 0.5, 0.48985833, 15.735801
605, 100, -0.0011999999405816197, -0.11879999411758035, False, 88.07973, 0.0, 0.0, 0.0, 0.5, 0.48991603, 15.735961
605, 101, -0.0011999999405816197, -0.11999999405816197, False, 87.959724, 0.0, 0.0, 0.0, 0.5, 0.4898663, 15.736577
605, 102, -0.0011999999405816197, -0.1211999939987436, False, 87.83972, 4.8221377e-08, -1.4901161e-08, 3.5034446e-08, 0.5, 0.4899207, 15.736728
605, 103, -0.0011999999405816197, -0.12239999393932521, False, 87.71972, 0.0, 0.0, 0.0, 0.5, 0.48995298, 15.736885
605, 104, -0.0011999999405816197, -0.12359999387990683, False, 87.59972, 0.0, 0.0, 0.0, 0.5, 0.4899721, 15.7370405
605, 105, -0.0011999999405816197, -0.12479999382048845, False, 87.47971, 4.8221384e-08, -2.9802322e-08, 3.503444e-08, 0.5, 0.4899835, 15.737227
605, 106, -0.0011999999405816197, -0.12599999376107007, False, 87.35971, 0.000119995464, -3.8847327e-05, 0.00010804315, 0.5, 0.48998812, 15.737437
605, 107, -0.0011999999405816197, -0.1271999937016517, False, 87.23971, 0.0, 0.0, 0.0, 0.5, 0.48988807, 15.738186
605, 108, -0.0011999999405816197, -0.1283999936422333, False, 87.119705, 5.161933e-08, -1.4901161e-08, 2.9801988e-08, 0.5, 0.48993364, 15.738332
605, 109, -0.0011999999405816197, -0.12959999358281493, False, 86.9997, -2.5809666e-08, 1.4901161e-08, -1.4900994e-08, 0.5, 0.48996067, 15.738467
605, 110, -0.0011999999405816197, -0.13079999352339655, False, 86.8797, 0.0, 0.0, 0.0, 0.5, 0.48997667, 15.738599
605, 111, -0.0011999999405816197, -0.13199999346397817, False, 86.7597, 2.8343763e-08, -1.4901161e-08, 9.2092165e-09, 0.5, 0.48998618, 15.738689
605, 112, -0.0011999999405816197, -0.1331999934045598, False, 86.639694, 0.0, 0.0, 0.0, 0.5, 0.48999178, 15.738768
605, 113, -0.0011999999405816197, -0.1343999933451414, False, 86.51969, -3.9922767e-09, -1.4901161e-08, 6.652033e-08, 0.5, 0.48999512, 15.738896
605, 114, -0.0011999999405816197, -0.13559999328572303, False, 86.39969, 0.0, 0.0, 0.0, 0.5, 0.48999712, 15.739065
605, 115, -0.0011999999405816197, -0.13679999322630465, False, 86.279686, 0.00014121295, -4.5716763e-05, 0.00012714698, 0.5, 0.48999056, 15.739299
605, 116, -0.0011999999405816197, -0.13799999316688627, False, 86.15968, 0.0, 0.0, 0.0, 0.5, 0.48988876, 15.740052
605, 117, -0.0011999999405816197, -0.1391999931074679, False, 86.03968, 0.0, 0.0, 0.0, 0.5, 0.48993406, 15.740198
605, 118, -0.0011999999405816197, -0.1403999930480495, False, 85.91968, 2.7225875e-08, 0.0, 1.2121479e-08, 0.5, 0.48996094, 15.74032
605, 119, -0.0011999999405816197, -0.14159999298863113, False, 85.799675, 0.0, 0.0, 0.0, 0.5, 0.48997682, 15.740406
605, 120, -0.0011999999405816197, -0.14279999292921275, False, 85.67967, 0.0, 0.0, 0.0, 0.5, 0.48998627, 15.74046
605, 121, -0.0011999999405816197, -0.14399999286979437, False, 85.55967, 6.229836e-09, 0.0, -5.927819e-08, 0.5, 0.48999184, 15.7404785
605, 122, -0.0011999999405816197, -0.145199992810376, False, 85.43967, -5.6132876e-13, 0.0, -5.9604645e-08, 0.5, 0.4899952, 15.7404785
605, 123, -0.0011999999405816197, -0.1463999927509576, False, 85.319664, 6.230948e-09, 0.0, 5.9278065e-08, 0.5, 0.48999715, 15.7404785
605, 124, -0.0011999999405816197, -0.14759999269153923, False, 85.19966, 0.0, 0.0, 0.0, 0.5, 0.4899983, 15.740471
605, 125, -0.0011999999405816197, -0.14879999263212085, False, 85.07966, -1.84194e-08, 0.0, -5.6687213e-08, 0.5, 0.489999, 15.740422
605, 126, -0.0011999999405816197, -0.14999999257270247, False, 84.959656, 0.0, 0.0, 0.0, 0.5, 0.48999998, 15.740422
605, 127, -0.0011999999405816197, -0.1511999925132841, False, 84.83965, 0.0, 0.0, 0.0, 0.5, 0.48999998, 15.740422
605, 128, -0.0011999999405816197, -0.1523999924538657, False, 84.71965, 0.0, 0.0, 0.0, 0.5, 0.48999998, 15.740422
605, 129, -0.0011999999405816197, -0.15359999239444733, False, 84.59965, -0.16571951, 0.0, -2.474433, 0.57962734, 0.48999998, 15.801378
605, 130, -0.0011999999405816197, -0.15479999233502895, False, 84.479645, 0.2600944, 0.0, -4.7215557, 0.7651633, 0.48999998, 15.953136
605, 131, -0.0011999999405816197, -0.15599999227561057, False, 84.35964, 0.22307968, 0.0, -6.763917, 1.0528834, 0.48999998, 16.179586
605, 132, -0.0011999999405816197, -0.15719999221619219, False, 84.23964, -0.60956097, 0.0, -8.596773, 1.4330304, 0.48999998, 16.474112
605, 133, -0.0011999999405816197, -0.1583999921567738, False, 84.11964, -0.94270825, 0.0, -5.3160696, 1.7346141, 0.48999998, 16.709267
605, 134, -0.0011999999405816197, -0.15959999209735543, False, 83.99963, -1.4739335, 0.0, -7.187826, 2.037937, 0.48999998, 16.973528
605, 135, -0.0011999999405816197, -0.16079999203793705, False, 83.87963, -2.120366, 0.0, -8.828442, 2.3977225, 0.48999998, 17.335943
605, 136, -0.0011999999405816197, -0.16199999197851866, False, 83.75963, -0.8511138, 0.0, -10.639537, 2.7995079, 0.48999998, 17.793379
605, 137, -0.0011999999405816197, -0.16319999191910028, False, 83.639626, 0.42374325, 0.0, -12.151685, 3.2502866, 0.48999998, 18.329462
605, 138, -0.0011999999405816197, -0.1643999918596819, False, 83.51962, 1.6850109, 0.0, -13.397533, 3.7592285, 0.48999998, 18.92575
605, 139, -0.0011999999405816197, -0.16559999180026352, False, 83.39962, 2.9150553, 0.0, -14.40626, 4.333094, 0.48999998, 19.56442
605, 140, -0.0011999999405816197, -0.16679999174084514, False, 83.27962, 4.0987864, 0.0, -15.204937, 4.976446, 0.48999998, 20.22827
605, 141, -0.0011999999405816197, -0.16799999168142676, False, 83.159615, 4.812454, 0.0, -10.219856, 5.492896, 0.48999998, 20.79119
605, 142, -0.0011999999405816197, -0.16919999162200838, False, 83.03961, 5.352538, 0.0, -11.272802, 6.0034785, 0.48999998, 21.306393
605, 143, -0.0011999999405816197, -0.17039999156259, False, 82.91961, 5.505914, 0.0, -6.5917554, 6.3954873, 0.48999998, 21.746181
605, 144, -0.0011999999405816197, -0.17159999150317162, False, 82.79961, 4.303036, 0.0, -3.4305258, 6.5766034, 0.48999998, 22.088278
605, 145, -0.0011999999405816197, -0.17279999144375324, False, 82.6796, 3.1841917, 0.0, -6.028886, 6.7855673, 0.48999998, 22.404345
605, 146, -0.0011999999405816197, -0.17399999138433486, False, 82.5596, 2.0160995, 0.0, -8.226416, 7.1160254, 0.48999998, 22.744791
605, 147, -0.0011999999405816197, -0.17519999132491648, False, 82.4396, 1.1637549, 0.0, -4.4841595, 7.3538437, 0.48999998, 23.005375
605, 148, -0.0011999999405816197, -0.1763999912654981, False, 82.319595, 0.69656575, 0.0, -1.0476849, 7.4224577, 0.48999998, 23.126085
605, 149, -0.0011999999405816197, -0.17759999120607972, False, 82.19959, 0.3558287, 0.0, 1.7104082, 7.3643703, 0.48999998, 23.117105
605, 150, -0.0011999999405816197, -0.17879999114666134, False, 82.07959, 0.6142068, 0.0, 3.988581, 7.19599, 0.48999998, 23.014528
605, 151, -0.0011999999405816197, -0.17999999108724296, False, 81.95959, -0.019876719, 0.0, 6.1294184, 6.930835, 0.48999998, 22.823822
605, 152, -0.0011999999405816197, -0.18119999102782458, False, 81.839584, -0.7595005, 0.0, 8.002175, 6.5699363, 0.48999998, 22.563522
605, 153, -0.0011999999405816197, -0.1823999909684062, False, 81.71958, -1.5799017, 0.0, 9.624819, 6.112845, 0.48999998, 22.254553
605, 154, -0.0011999999405816197, -0.18359999090898782, False, 81.59958, -2.4544268, 0.0, 11.014831, 5.56095, 0.48999998, 21.91649
605, 155, -0.0011999999405816197, -0.18479999084956944, False, 81.479576, -3.358591, 0.0, 12.190226, 4.9172683, 0.48999998, 21.567657
605, 156, -0.0011999999405816197, -0.18599999079015106, False, 81.35957, -4.271079, 0.0, 13.169472, 4.1863055, 0.48999998, 21.225105
605, 157, -0.0011999999405816197, -0.18719999073073268, False, 81.23957, -5.173952, 0.0, 13.97116, 3.3739305, 0.48999998, 20.904573
605, 158, -0.0011999999405816197, -0.1883999906713143, False, 81.11957, -6.0525208, 0.0, 14.613705, 2.487259, 0.48999998, 20.62044
605, 159, -0.0011999999405816197, -0.18959999061189592, False, 80.999565, -6.8951035, 0.0, 15.115052, 1.5345281, 0.48999998, 20.385654
605, 160, -0.0011999999405816197, -0.19079999055247754, False, 80.87956, -7.6927605, 0.0, 15.492443, 0.52496916, 0.48999998, 20.2117
605, 161, -0.0011999999405816197, -0.19199999049305916, False, 80.75956, 0.0, 0.0, 0.0, 0.47550854, 0.49, 20.168787
605, 162, -0.0011999999405816197, -0.19319999043364078, False, 80.63956, 0.0, 0.0, 0.0, 0.49980408, 0.49, 20.169033
605, 163, -0.0011999999405816197, -0.1943999903742224, False, 80.519554, 4.8221374e-08, -2.9802322e-08, 3.5034454e-08, 0.49999845, 0.49, 20.169205
605, 164, -0.0011999999405816197, -0.19559999031480402, False, 80.39955, 0.0001458195, -4.722178e-05, 0.00013129499, 0.5, 0.48999104, 20.169443
605, 165, -0.0011999999405816197, -0.19679999025538564, False, 80.27955, 0.00010442734, 0.0, -2.4808824, 0.5745442, 0.48999992, 20.102331
605, 166, -0.0011999999405816197, -0.19799999019596726, False, 80.159546, -0.14008725, 0.0, -1.3333809, 0.6497217, 0.49, 20.034649
605, 167, -0.0011999999405816197, -0.19919999013654888, False, 80.03954, -0.0011889935, 0.0, 1.4841874, 0.61480147, 0.49, 20.051321
605, 168, -0.0011999999405816197, -0.2003999900771305, False, 79.91954, 0.3031355, 0.0, 3.8135629, 0.45437628, 0.49, 20.140896
605, 169, -0.0011999999405816197, -0.20159999001771212, False, 79.79954, 0.0, 0.0, 0.0, 0.49963504, 0.49, 20.141397
605, 170, -0.0011999999405816197, -0.20279998995829374, False, 79.679535, 1.4575559e-08, 1.4901161e-08, 3.098016e-09, 0.49999708, 0.49, 20.141478
605, 171, -0.0011999999405816197, -0.20399998989887536, False, 79.55953, 0.0, 1.4901161e-08, 0.0, 0.49999997, 0.49, 20.141499
605, 172, -0.0011999999405816197, -0.20519998983945698, False, 79.43953, 0.0, 0.0, 0.0, 0.49999997, 0.49, 20.141499
605, 173, -0.0011999999405816197, -0.2063999897800386, False, 79.31953, -0.16571955, 0.0, -2.4744322, 0.60024875, 0.49, 20.144009
605, 174, -0.0011999999405816197, -0.20759998972062021, False, 79.199524, -0.08737396, 0.0, 0.6682059, 0.61833227, 0.49, 20.137383
605, 175, -0.0011999999405816197, -0.20879998966120183, False, 79.07952, 0.16044086, 0.0, 3.0847335, 0.48494044, 0.49, 20.101948
605, 176, -0.0011999999405816197, -0.20999998960178345, False, 78.95952, 0.0, 0.0, 0.0, 0.49987954, 0.49, 20.101706
605, 177, -0.0011999999405816197, -0.21119998954236507, False, 78.839516, 0.16571918, 0.0, -2.4744325, 0.5984593, 0.49, 20.120094
605, 178, -0.0011999999405816197, -0.2123999894829467, False, 78.71951, 0.087373964, 0.0, 0.668206, 0.61477, 0.49, 20.130333
605, 179, -0.0011999999405816197, -0.2135999894235283, False, 78.59951, 0.14912795, 0.0, -1.8702388, 0.6776553, 0.49, 20.130861
605, 180, -0.0011999999405816197, -0.21479998936410993, False, 78.47951, 0.038527057, 0.0, 1.019982, 0.66961, 0.49, 20.139084
605, 181, -0.0011999999405816197, -0.21599998930469155, False, 78.359505, 0.03052497, 0.0, 3.4062233, 0.51578057, 0.49, 20.17379
605, 182, -0.0011999999405816197, -0.21719998924527317, False, 78.2395, -0.006828178, -1.4901161e-08, 0.024324244, 0.5001263, 0.49, 20.174314
605, 183, -0.0011999999405816197, -0.2183999891858548, False, 78.1195, -7.062371e-05, 2.9802322e-08, 0.00018771556, 0.500001, 0.49, 20.174389
605, 184, -0.0011999999405816197, -0.2195999891264364, False, 77.9995, 0.0, 0.0, 0.0, 0.50000006, 0.49, 20.174519
605, 185, -0.0011999999405816197, -0.22079998906701803, False, 77.87949, 0.0, 0.0, 0.0, 0.50000006, 0.49, 20.17469
605, 186, -0.0011999999405816197, -0.22199998900759965, False, 77.75949, 0.0, 0.0, -2.4810271, 0.5811584, 0.49, 20.115726
605, 187, -0.0011999999405816197, -0.22319998894818127, False, 77.63949, 0.00577724, 0.0, 0.6662116, 0.5961225, 0.49, 20.107246
605, 188, -0.0011999999405816197, -0.2243999888887629, False, 77.519485, -0.22310662, 0.0, 3.075982, 0.49567646, 0.49, 20.201506
605, 189, -0.0011999999405816197, -0.2255999888293445, False, 77.39948, -0.04541862, 0.0, -1.630023, 0.5343227, 0.48998573, 20.171423
605, 190, -0.0011999999405816197, -0.22679998876992613, False, 77.27948, -0.10291177, 0.0, -0.77169126, 0.5793577, 0.4899999, 20.128542
605, 191, -0.0011999999405816197, -0.22799998871050775, False, 77.15948, 0.05502081, 0.0, 1.7922943, 0.52980655, 0.48999998, 20.158081
605, 192, -0.0011999999405816197, -0.22919998865108937, False, 77.039474, 2.4243029e-08, 0.0, -5.4451718e-08, 0.49941894, 0.49, 20.185406
605, 193, -0.0011999999405816197, -0.230399988591671, False, 76.91947, 2.8343758e-08, -1.4901161e-08, 9.209224e-09, 0.49999535, 0.49, 20.185528
605, 194, -0.0011999999405816197, -0.2315999885322526, False, 76.79947, 1.4575559e-08, 0.0, 3.0980143e-09, 0.49999994, 0.49, 20.185587
605, 195, -0.0011999999405816197, -0.23279998847283423, False, 76.67947, 0.0, 0.0, 0.0, 0.5, 0.49, 20.185606
605, 196, -0.0011999999405816197, -0.23399998841341585, False, 76.55946, 0.0, 0.0, 0.0, 0.5, 0.49, 20.185606
605, 197, -0.0011999999405816197, -0.23519998835399747, False, 76.43946, 0.0, 0.0, 0.0, 0.5, 0.49, 20.185606
605, 198, -0.0011999999405816197, -0.2363999882945791, False, 76.31946, 0.0, 0.0, 0.0, 0.5, 0.49, 20.185598
605, 199, -0.0011999999405816197, -0.2375999882351607, False, 76.199455, 0.0, 0.0, 0.0, 0.5, 0.49, 20.18555
605, 200, -0.0011999999405816197, -0.23879998817574233, False, 76.07945, 0.0, 0.0, 0.0, 0.5, 0.49, 20.18547
605, 201, -0.0011999999405816197, -0.23999998811632395, False, 75.95945, 0.16571915, 0.0, -2.4744325, 0.5926022, 0.49, 20.223955
605, 202, -0.0011999999405816197, -0.24119998805690557, False, 75.83945, -0.26009393, 0.0, -4.7215548, 0.81679547, 0.49, 20.30876
605, 203, -0.0011999999405816197, -0.2423999879974872, False, 75.719444, -0.22307992, 0.0, -6.763915, 1.156764, 0.49, 20.444714
605, 204, -0.0011999999405816197, -0.2435999879380688, False, 75.59944, -0.9952676, 0.0, -8.556148, 1.5997552, 0.49, 20.631493
605, 205, -0.0011999999405816197, -0.24479998787865043, False, 75.47944, -1.8391106, 0.0, -10.103316, 2.129377, 0.49, 20.877192
605, 206, -0.0011999999405816197, -0.24599998781923205, False, 75.359436, -1.6185021, 0.0, -11.648893, 2.7299464, 0.49, 21.188242
605, 207, -0.0011999999405816197, -0.24719998775981367, False, 75.23943, -0.15611267, 0.0, -13.134806, 3.3952656, 0.49, 21.557838
605, 208, -0.0011999999405816197, -0.24839998770039529, False, 75.11943, 1.268302, 0.0, -14.337885, 4.1274734, 0.49, 21.967548
605, 209, -0.0011999999405816197, -0.2495999876409769, False, 74.99943, 2.6384802, 0.0, -15.292019, 4.928249, 0.49, 22.398102
605, 210, -0.0011999999405816197, -0.2507999875815585, False, 74.879425, 2.3433738, 0.0, -16.35527, 5.796533, 0.49, 22.834099
605, 211, -0.0011999999405816197, -0.25199998752214015, False, 74.75942, 0.7390189, 0.0, -11.841028, 6.5114555, 0.49, 23.199955
605, 212, -0.0011999999405816197, -0.25319998746272177, False, 74.63942, -0.25074506, 0.0, -7.616446, 6.988393, 0.49, 23.453846
605, 213, -0.0011999999405816197, -0.2543999874033034, False, 74.51942, -0.7008903, 0.0, -3.7159414, 7.2574344, 0.49, 23.590572
605, 214, -0.0011999999405816197, -0.255599987343885, False, 74.399414, -0.59223706, 0.0, -0.24282983, 7.3467216, 0.49, 23.61021
605, 215, -0.0011999999405816197, -0.2567999872844666, False, 74.27941, -0.41861546, 0.0, 2.2901328, 7.2995086, 0.49, 23.530684
605, 216, -0.0011999999405816197, -0.25799998722504824, False, 74.15941, -0.7250886, 0.0, 4.5056734, 7.142297, 0.49, 23.362871
605, 217, -0.0011999999405816197, -0.25919998716562986, False, 74.039406, -0.028439283, 0.0, 6.6064115, 6.8806953, 0.49, 23.121098
605, 218, -0.0011999999405816197, -0.2603999871062115, False, 73.9194, -0.8120675, 0.0, 8.431683, 6.529359, 0.49, 22.806202
605, 219, -0.0011999999405816197, -0.2615999870467931, False, 73.7994, -0.71091604, 0.0, 10.129896, 6.09074, 0.49, 22.432396
605, 220, -0.0011999999405816197, -0.2627999869873747, False, 73.6794, -1.7431893, 0.0, 11.547861, 5.570184, 0.49, 22.009027
605, 221, -0.0011999999405816197, -0.26399998692795634, False, 73.559395, -2.7861753, 0.0, 12.733555, 4.9676394, 0.49, 21.553017
605, 222, -0.0011999999405816197, -0.26519998686853796, False, 73.43939, -3.8205247, 0.0, 13.709255, 4.2832294, 0.49, 21.082453
605, 223, -0.0011999999405816197, -0.2663999868091196, False, 73.31939, -4.829785, 0.0, 14.496645, 3.5188131, 0.49, 20.614328
605, 224, -0.0011999999405816197, -0.2675999867497012, False, 73.19939, -5.8005247, 0.0, 15.11669, 2.6778514, 0.49, 20.164503
605, 225, -0.0011999999405816197, -0.2687999866902828, False, 73.079384, -6.722224, 0.0, 15.589487, 1.7652739, 0.49, 19.747622
605, 226, -0.0011999999405816197, -0.26999998663086444, False, 72.95938, -7.587046, 0.0, 15.9340925, 0.7873512, 0.49, 19.377068
605, 227, -0.0011999999405816197, -0.27119998657144606, False, 72.83938, 2.9151108e-08, 1.4901161e-08, 6.196087e-09, 0.49792466, 0.49, 19.265148
605, 228, -0.0011999999405816197, -0.2723999865120277, False, 72.719376, 0.0, 0.0, 0.0, 0.4999834, 0.49, 19.265245
605, 229, -0.0011999999405816197, -0.2735999864526093, False, 72.59937, 0.0, 1.4901161e-08, 0.0, 0.49999988, 0.49, 19.265326
605, 230, -0.0011999999405816197, -0.2747999863931909, False, 72.47937, 0.0, 0.0, 0.0, 0.49999997, 0.49, 19.265455
605, 231, -0.0011999999405816197, -0.27599998633377254, False, 72.35937, 4.8221356e-08, -1.4901161e-08, 3.5034482e-08, 0.49999997, 0.49, 19.265627
605, 232, -0.0011999999405816197, -0.27719998627435416, False, 72.239365, 0.00014586368, -4.723668e-05, 0.00013133498, 0.49999997, 0.48999104, 19.265865
605, 233, -0.0011999999405816197, -0.2783999862149358, False, 72.11936, -4.1825353e-26, 0.0, -3.038757e-26, 0.49999997, 0.48999992, 19.265865
605, 234, -0.0011999999405816197, -0.2795999861555174, False, 71.99936, 0.00014555364, -4.7132373e-05, 0.00013105577, 0.49999997, 0.48999104, 19.266104
605, 235, -0.0011999999405816197, -0.280799986096099, False, 71.87936, -0.16560137, 0.0, -2.4742994, 0.57617277, 0.48999992, 19.200903
605, 236, -0.0011999999405816197, -0.28199998603668064, False, 71.75935, -0.08728577, 0.0, 0.66831875, 0.58517516, 0.49, 19.183887
605, 237, -0.0011999999405816197, -0.28319998597726226, False, 71.63935, 0.03734544, -0.036862046, 0.7780547, 0.50347793, 0.489375, 19.224558
605, 238, -0.0011999999405816197, -0.2843999859178439, False, 71.51935, -0.00244245, -1.4901161e-08, 0.00501533, 0.50002784, 0.48962957, 19.224771
605, 239, -0.0011999999405816197, -0.2855999858584255, False, 71.399345, -1.6429798e-05, 0.0, 4.481604e-05, 0.5000002, 0.48978046, 19.224804
605, 240, -0.0011999999405816197, -0.2867999857990071, False, 71.27934, 0.0, 0.0, 0.0, 0.5, 0.4898699, 19.224867
605, 241, -0.0011999999405816197, -0.28799998573958874, False, 71.15934, 3.5034436e-08, 0.0, -4.8221388e-08, 0.5, 0.48992288, 19.224995
605, 242, -0.0011999999405816197, -0.28919998568017036, False, 71.03934, 0.0, 0.0, 0.0, 0.5, 0.4899543, 19.225178
605, 243, -0.0011999999405816197, -0.290399985620752, False, 70.919334, -0.16571915, 0.0, -2.474432, 0.5761587, 0.48999962, 19.15998
605, 244, -0.0011999999405816197, -0.2915999855613336, False, 70.79933, -0.08737394, 0.0, 0.6682059, 0.5851639, 0.49, 19.142958
605, 245, -0.0011999999405816197, -0.2927999855019152, False, 70.67933, 0.03730759, -0.03684351, 0.77764064, 0.50347614, 0.48937562, 19.183617
605, 246, -0.0011999999405816197, -0.29399998544249684, False, 70.559326, -0.0024403497, -1.4901161e-08, 0.005011105, 0.50002784, 0.48962992, 19.18383
605, 247, -0.0011999999405816197, -0.29519998538307846, False, 70.43932, -2.4906325e-05, 0.0, 4.07711e-05, 0.5000002, 0.4897806, 19.183882
605, 248, -0.0011999999405816197, -0.2963999853236601, False, 70.31932, 0.0, 0.0, 0.0, 0.5, 0.48986995, 19.184002
605, 249, -0.0011999999405816197, -0.2975999852642417, False, 70.19932, 0.0, 0.0, 0.0, 0.5, 0.4899229, 19.184141
605, 250, -0.0011999999405816197, -0.2987999852048233, False, 70.079315, 0.0, 0.0, 0.0, 0.5, 0.4899543, 19.18426
605, 251, -0.0011999999405816197, -0.29999998514540493, False, 69.95931, 2.5809678e-08, 0.0, 1.4900973e-08, 0.5, 0.48997292, 19.184374
605, 252, -0.0011999999405816197, -0.30119998508598655, False, 69.83931, 0.0, 0.0, 0.0, 0.5, 0.48998395, 19.184536
605, 253, -0.0011999999405816197, -0.3023999850265682, False, 69.71931, 0.00012066002, -3.9070845e-05, 0.00010864125, 0.5, 0.4899882, 19.184748
605, 254, -0.0011999999405816197, -0.3035999849671498, False, 69.599304, -0.16562152, 0.0, -2.4743228, 0.57617205, 0.48999995, 19.119547
605, 255, -0.0011999999405816197, -0.3047999849077314, False, 69.4793, -0.08730112, 0.0, 0.6682991, 0.58517504, 0.49, 19.102531
605, 256, -0.0011999999405816197, -0.30599998484831303, False, 69.3593, 0.037342638, -0.036862418, 0.7780577, 0.50347805, 0.48937503, 19.1432
605, 257, -0.0011999999405816197, -0.30719998478889465, False, 69.239296, -0.002442475, -2.9802322e-08, 0.005015452, 0.50002784, 0.48962957, 19.143414
605, 258, -0.0011999999405816197, -0.3083999847294763, False, 69.11929, -2.4809837e-05, 0.0, 4.0841205e-05, 0.5000002, 0.48978046, 19.143465
605, 259, -0.0011999999405816197, -0.3095999846700579, False, 68.99929, 0.0, 0.0, 0.0, 0.5, 0.4898699, 19.1436
605, 260, -0.0011999999405816197, -0.3107999846106395, False, 68.87929, -0.16571951, 0.0, -2.4744322, 0.57612133, 0.48999897, 19.078438
605, 261, -0.0011999999405816197, -0.31199998455122113, False, 68.759285, -0.08737393, 0.0, 0.6682058, 0.5851263, 0.48999998, 19.061415
605, 262, -0.0011999999405816197, -0.31319998449180275, False, 68.63928, 0.03722629, -0.036763355, 0.7759491, 0.50346863, 0.4893777, 19.102053
605, 263, -0.0011999999405816197, -0.31439998443238437, False, 68.51928, -0.00143234, 0.0, 0.0053705596, 0.5000277, 0.4896312, 19.102257
605, 264, -0.0011999999405816197, -0.315599984372966, False, 68.39928, -1.9367102e-05, -2.9802322e-08, 4.357354e-05, 0.5000002, 0.4897814, 19.10227
605, 265, -0.0011999999405816197, -0.3167999843135476, False, 68.279274, 0.0, 0.0, 0.0, 0.5, 0.48987043, 19.102333
605, 266, -0.0011999999405816197, -0.31799998425412923, False, 68.15927, 4.8221477e-08, -1.4901161e-08, 3.503431e-08, 0.5, 0.4899232, 19.10246
605, 267, -0.0011999999405816197, -0.31919998419471085, False, 68.03927, 0.0, 0.0, 0.0, 0.5, 0.4899545, 19.10262
605, 268, -0.0011999999405816197, -0.32039998413529247, False, 67.919266, 8.3255784e-08, -1.4901161e-08, -1.3187174e-08, 0.5, 0.489973, 19.102774
605, 269, -0.0011999999405816197, -0.3215999840758741, False, 67.79926, 0.0, -1.4901161e-08, 0.0, 0.5, 0.48999977, 19.102774
605, 270, -0.0011999999405816197, -0.3227999840164557, False, 67.67926, 2.7225896e-08, 0.0, 1.2121433e-08, 0.5, 0.48999986, 19.102919
605, 271, -0.0011999999405816197, -0.32399998395703733, False, 67.55926, 0.0, 0.0, 0.0, 0.5, 0.48999992, 19.103014
605, 272, -0.0011999999405816197, -0.32519998389761895, False, 67.439255, 0.0, 0.0, 0.0, 0.5, 0.48999992, 19.103094
605, 273, -0.0011999999405816197, -0.32639998383820057, False, 67.31925, 0.0, 0.0, 0.0, 0.5, 0.48999992, 19.103224
605, 274, -0.0011999999405816197, -0.3275999837787822, False, 67.19925, 4.822151e-08, -1.4901161e-08, 3.503427e-08, 0.5, 0.48999992, 19.103395
605, 275, -0.0011999999405816197, -0.3287999837193638, False, 67.07925, 0.00014542135, -4.708767e-05, 0.00013093548, 0.5, 0.48999104, 19.103634
605, 276, -0.0011999999405816197, -0.32999998365994543, False, 66.95924, 0.00010430813, 0.0, -2.480883, 0.5745445, 0.48999992, 19.036524
605, 277, -0.0011999999405816197, -0.33119998360052705, False, 66.83924, -0.14008737, 0.0, -1.3333814, 0.6497222, 0.49, 18.968842
605, 278, -0.0011999999405816197, -0.33239998354110867, False, 66.71924, -0.0011890531, 0.0, 1.4841869, 0.61480194, 0.49, 18.985512
605, 279, -0.0011999999405816197, -0.3335999834816903, False, 66.599236, 0.3031354, 0.0, 3.8135622, 0.45437646, 0.49, 19.075087
605, 280, -0.0011999999405816197, -0.3347999834222719, False, 66.47923, 0.0, 0.0, 0.0, 0.499635, 0.49, 19.075588
605, 281, -0.0011999999405816197, -0.3359999833628535, False, 66.35923, 0.0, 0.0, 0.0, 0.4999971, 0.49, 19.075668
605, 282, -0.0011999999405816197, -0.33719998330343515, False, 66.23923, 0.0, 0.0, 0.0, 0.49999997, 0.49, 19.07569
605, 283, -0.0011999999405816197, -0.33839998324401677, False, 66.119225, 1.4575572e-08, 0.0, 3.0979557e-09, 0.49999997, 0.49, 19.075697
605, 284, -0.0011999999405816197, -0.3395999831845984, False, 65.99922, 2.83438e-08, -1.4901161e-08, 9.209094e-09, 0.49999997, 0.49, 19.075745
605, 285, -0.0011999999405816197, -0.34079998312518, False, 65.87922, 0.0, 0.0, 0.0, 0.49999997, 0.49, 19.075813
605, 286, -0.0011999999405816197, -0.3419999830657616, False, 65.75922, 0.0, 0.0, 0.0, 0.49999997, 0.49, 19.075893
605, 287, -0.0011999999405816197, -0.34319998300634325, False, 65.63921, 2.1817723e-08, -1.4901161e-08, 8.142121e-08, 0.49999997, 0.49, 19.076023
605, 288, -0.0011999999405816197, -0.34439998294692487, False, 65.51921, 4.822156e-08, -1.4901161e-08, 3.5034198e-08, 0.49999997, 0.49, 19.076195
605, 289, -0.0011999999405816197, -0.3455999828875065, False, 65.39921, 0.00014564299, -4.7162175e-05, 0.0001311347, 0.49999997, 0.48999107, 19.076433
605, 290, -0.0011999999405816197, -0.3467999828280881, False, 65.279205, 0.00010454655, 0.0, -2.4808822, 0.5745445, 0.48999995, 19.009323
605, 291, -0.0011999999405816197, -0.3479999827686697, False, 65.1592, -0.0057138205, 0.0, 0.666339, 0.5859456, 0.49, 18.996456
605, 292, -0.0011999999405816197, -0.34919998270925134, False, 65.0392, 0.22316694, 0.0, 3.0760918, 0.47285834, 0.49, 19.075115
605, 293, -0.0011999999405816197, -0.35039998264983296, False, 64.9192, 0.0, 0.0, 0.0, 0.4997829, 0.49, 19.075771
605, 294, -0.0011999999405816197, -0.3515999825904146, False, 64.799194, 0.0, 0.0, 0.0, 0.49999827, 0.49, 19.075874
605, 295, -0.0011999999405816197, -0.3527999825309962, False, 64.67919, 0.0, 0.0, 0.0, 0.5, 0.49, 19.075933
605, 296, -0.0011999999405816197, -0.3539999824715778, False, 64.55919, 0.0, 0.0, 0.0, 0.5, 0.49, 19.075953
605, 297, -0.0011999999405816197, -0.35519998241215944, False, 64.439186, 0.0, 0.0, 0.0, 0.5, 0.49, 19.07596
605, 298, -0.0011999999405816197, -0.35639998235274106, False, 64.31918, 0.0, 0.0, 0.0, 0.5, 0.49, 19.076008
605, 299, -0.0011999999405816197, -0.3575999822933227, False, 64.19918, 0.0, 0.0, 0.0, 0.5, 0.49, 19.076088
605, 300, -0.0011999999405816197, -0.3587999822339043, False, 64.07918, 0.0, 0.0, 0.0, 0.5, 0.49, 19.076218
605, 301, -0.0011999999405816197, -0.3599999821744859, False, 63.959175, -3.5034148e-08, 0.0, 4.8221597e-08, 0.5, 0.49, 19.07639
605, 302, -0.0011999999405816197, -0.36119998211506754, False, 63.839172, 0.00014573171, -4.7177076e-05, 0.0001312143, 0.5, 0.48999107, 19.076628
605, 303, -0.0011999999405816197, -0.36239998205564916, False, 63.71917, 0.00010418892, -1.4901161e-08, -2.4808824, 0.57454467, 0.48999995, 19.009518
605, 304, -0.0011999999405816197, -0.3635999819962308, False, 63.599167, -0.14008766, -1.4901161e-08, -1.3333809, 0.6497225, 0.49, 18.941835
605, 305, -0.0011999999405816197, -0.3647999819368124, False, 63.479164, -0.0011893511, -1.4901161e-08, 1.4841875, 0.61480224, 0.49, 18.958506
605, 306, -0.0011999999405816197, -0.365999981877394, False, 63.35916, -0.0009621382, -1.4901161e-08, 3.8272436, 0.45560405, 0.49, 19.050346
605, 307, -0.0011999999405816197, -0.36719998181797564, False, 63.23916, 0.0, 0.0, 0.0, 0.49964482, 0.49, 19.050924
605, 308, -0.0011999999405816197, -0.36839998175855726, False, 63.119156, 0.0, 0.0, 0.0, 0.49999714, 0.49, 19.051035
605, 309, -0.0011999999405816197, -0.3695999816991389, False, 62.999153, 1.4575581e-08, 0.0, 3.0979228e-09, 0.5, 0.49, 19.051094
605, 310, -0.0011999999405816197, -0.3707999816397205, False, 62.87915, 0.0, 0.0, 0.0, 0.5, 0.49, 19.051113
605, 311, -0.0011999999405816197, -0.3719999815803021, False, 62.759148, 0.0, 0.0, 0.0, 0.5, 0.49, 19.05112
605, 312, -0.0011999999405816197, -0.37319998152088374, False, 62.639145, 0.0, 1.4901161e-08, 0.0, 0.5, 0.49, 19.051168
605, 313, -0.0011999999405816197, -0.37439998146146536, False, 62.519142, 0.0, 0.0, 0.0, 0.5, 0.49, 19.051249
605, 314, -0.0011999999405816197, -0.375599981402047, False, 62.39914, 0.0, 0.0, 0.0, 0.5, 0.49, 19.051378
605, 315, -0.0011999999405816197, -0.3767999813426286, False, 62.279137, -3.5034077e-08, 0.0, 4.8221647e-08, 0.5, 0.49, 19.05155
605, 316, -0.0011999999405816197, -0.3779999812832102, False, 62.159134, 0.00014564773, -4.7177076e-05, 0.0001312185, 0.5, 0.4899911, 19.051788
605, 317, -0.0011999999405816197, -0.37919998122379184, False, 62.03913, 0.00010442734, -1.4901161e-08, -2.4808824, 0.5745447, 0.48999998, 18.984678
605, 318, -0.0011999999405816197, -0.38039998116437346, False, 61.91913, -0.005714029, -1.4901161e-08, 0.66633874, 0.58594584, 0.48999998, 18.971813
605, 319, -0.0011999999405816197, -0.3815999811049551, False, 61.799126, 0.22316718, -1.4901161e-08, 3.0760918, 0.47285837, 0.48999998, 19.050472
605, 320, -0.0011999999405816197, -0.3827999810455367, False, 61.679123, 0.0, 0.0, 0.0, 0.49978286, 0.49, 19.051128
605, 321, -0.0011999999405816197, -0.3839999809861183, False, 61.55912, 2.834383e-08, -1.4901161e-08, 9.209007e-09, 0.4999983, 0.49, 19.051231
605, 322, -0.0011999999405816197, -0.38519998092669994, False, 61.439117, 1.45755825e-08, 0.0, 3.0979042e-09, 0.5, 0.49, 19.05129
605, 323, -0.0011999999405816197, -0.38639998086728156, False, 61.319115, 0.0, 0.0, 0.0, 0.5, 0.49, 19.051338
605, 324, -0.0011999999405816197, -0.3875999808078632, False, 61.199112, 0.0, 0.0, 0.0, 0.5, 0.49, 19.051418
605, 325, -0.0011999999405816197, -0.3887999807484448, False, 61.07911, -3.9917634e-09, -1.4901161e-08, 6.652036e-08, 0.5, 0.49, 19.051548
605, 326, -0.0011999999405816197, -0.3899999806890264, False, 60.959106, 4.822169e-08, -1.4901161e-08, 3.503402e-08, 0.5, 0.49, 19.05172
605, 327, -0.0011999999405816197, -0.39119998062960804, False, 60.839104, 0.00014564348, -4.7132373e-05, 0.00013113415, 0.5, 0.4899911, 19.051958
605, 328, -0.0011999999405816197, -0.39239998057018965, False, 60.7191, 0.0, 0.0, 0.0, 0.5, 0.48999998, 19.051958
605, 329, -0.0011999999405816197, -0.3935999805107713, False, 60.5991, 0.0, 0.0, 0.0, 0.5, 0.49, 19.052141
605, 330, -0.0011999999405816197, -0.3947999804513529, False, 60.479095, 2.9834073e-09, -1.4901161e-08, 6.657321e-08, 0.5, 0.49, 19.052286
605, 331, -0.0011999999405816197, -0.3959999803919345, False, 60.359093, 0.0, 0.0, 0.0, 0.5, 0.49, 19.052382
605, 332, -0.0011999999405816197, -0.39719998033251613, False, 60.23909, 4.154273e-08, 0.0, -5.210657e-08, 0.5, 0.49, 19.05244
605, 333, -0.0011999999405816197, -0.39839998027309775, False, 60.119087, 0.0, 0.0, 0.0, 0.5, 0.49, 19.052488
605, 334, -0.0011999999405816197, -0.3995999802136794, False, 59.999084, 0.0, 0.0, 0.0, 0.5, 0.49, 19.052568
605, 335, -0.0011999999405816197, -0.400799980154261, False, 59.87908, 0.0, 0.0, 0.0, 0.5, 0.49, 19.052698
605, 336, -0.0011999999405816197, -0.4019999800948426, False, 59.75908, 0.0, 0.0, 0.0, 0.5, 0.49, 19.05287
605, 337, -0.0011999999405816197, -0.40319998003542423, False, 59.639076, 0.00014564802, -4.7177076e-05, 0.00013121817, 0.5, 0.4899911, 19.053108
605, 338, -0.0011999999405816197, -0.40439997997600585, False, 59.519073, 0.00010454655, -1.4901161e-08, -2.4808822, 0.57454485, 0.48999998, 18.985998
605, 339, -0.0011999999405816197, -0.40559997991658747, False, 59.39907, -0.14008754, -1.4901161e-08, -1.3333809, 0.649723, 0.48999998, 18.918316
605, 340, -0.0011999999405816197, -0.4067999798571691, False, 59.279068, -0.0011894107, -1.4901161e-08, 1.4841871, 0.61480266, 0.48999998, 18.934986
605, 341, -0.0011999999405816197, -0.4079999797977507, False, 59.159065, 0.30313468, -1.4901161e-08, 3.8135626, 0.45437658, 0.48999998, 19.02456
605, 342, -0.0011999999405816197, -0.40919997973833233, False, 59.039062, 2.834385e-08, -1.4901161e-08, 9.208945e-09, 0.499635, 0.49, 19.025063
605, 343, -0.0011999999405816197, -0.41039997967891395, False, 58.91906, 0.0, 0.0, 0.0, 0.4999971, 0.49, 19.025143
605, 344, -0.0011999999405816197, -0.41159997961949557, False, 58.799057, 0.0, 0.0, 0.0, 0.49999997, 0.49, 19.025164
605, 345, -0.0011999999405816197, -0.4127999795600772, False, 58.679054, 0.0, 0.0, 0.0, 0.49999997, 0.49, 19.025171
605, 346, -0.0011999999405816197, -0.4139999795006588, False, 58.55905, 0.0, 0.0, 0.0, 0.49999997, 0.49, 19.025219
605, 347, -0.0011999999405816197, -0.41519997944124043, False, 58.43905, 0.0, 1.4901161e-08, 0.0, 0.49999997, 0.49, 19.0253
605, 348, -0.0011999999405816197, -0.41639997938182205, False, 58.319046, 2.9801434e-08, 0.0, -5.161965e-08, 0.49999997, 0.49, 19.025429
605, 349, -0.0011999999405816197, -0.41759997932240367, False, 58.199043, -3.5033906e-08, 0.0, 4.8221775e-08, 0.49999997, 0.49, 19.0256
605, 350, -0.0011999999405816197, -0.4187999792629853, False, 58.07904, 0.00014573241, -4.7177076e-05, 0.00013121356, 0.49999997, 0.4899911, 19.025839
605, 351, -0.0011999999405816197, -0.4199999792035669, False, 57.959038, 0.0, 0.0, 0.0, 0.49999997, 0.48999998, 19.025839
605, 352, -0.0011999999405816197, -0.42119997914414853, False, 57.839035, 0.0, 0.0, 0.0, 0.49999997, 0.49, 19.026022
605, 353, -0.0011999999405816197, -0.42239997908473015, False, 57.719032, 0.0, 0.0, 0.0, 0.49999997, 0.49, 19.026167
605, 354, -0.0011999999405816197, -0.42359997902531177, False, 57.59903, -3.9915626e-09, -1.4901161e-08, 6.652037e-08, 0.49999997, 0.49, 19.026297
605, 355, -0.0011999999405816197, -0.4247999789658934, False, 57.479027, 0.0, 0.0, 0.0, 0.49999997, 0.49, 19.026442
605, 356, -0.0011999999405816197, -0.425999978906475, False, 57.359024, 0.0, 0.0, 0.0, 0.49999997, 0.49, 19.026571
605, 357, -0.0011999999405816197, -0.4271999788470566, False, 57.23902, 2.4242368e-08, 0.0, -5.445201e-08, 0.49999997, 0.49, 19.026716
605, 358, -0.0011999999405816197, -0.42839997878763825, False, 57.11902, 0.0, 0.0, 0.0, 0.49999997, 0.49, 19.026812
605, 359, -0.0011999999405816197, -0.42959997872821987, False, 56.999016, 0.0, 1.4901161e-08, 0.0, 0.49999997, 0.49, 19.02687
605, 360, -0.0011999999405816197, -0.4307999786688015, False, 56.879013, 0.0, 0.0, 0.0, 0.49999997, 0.49, 19.026918
605, 361, -0.0011999999405816197, -0.4319999786093831, False, 56.75901, 0.0, 0.0, 0.0, 0.49999997, 0.49, 19.026978
605, 362, -0.0011999999405816197, -0.4331999785499647, False, 56.639008, 2.8343884e-08, -2.9802322e-08, 9.2088435e-09, 0.49999997, 0.49, 19.027025
605, 363, -0.0011999999405816197, -0.43439997849054635, False, 56.519005, 0.0, 0.0, 0.0, 0.49999997, 0.49, 19.027105
605, 364, -0.0011999999405816197, -0.43559997843112797, False, 56.399002, 0.0, 0.0, 0.0, 0.49999997, 0.49, 19.027235
605, 365, -0.0011999999405816197, -0.4367999783717096, False, 56.279, 0.0, 0.0, 0.0, 0.49999997, 0.49, 19.027407
605, 366, -0.0011999999405816197, -0.4379999783122912, False, 56.158997, 0.00014551128, -4.711747e-05, 0.00013101374, 0.49999997, 0.48999113, 19.027645
605, 367, -0.0011999999405816197, -0.4391999782528728, False, 56.038994, 0.00010418892, -1.4901161e-08, -2.4808826, 0.57454515, 0.48999995, 18.960537
605, 368, -0.0011999999405816197, -0.44039997819345444, False, 55.91899, -0.0057139993, -1.4901161e-08, 0.6663386, 0.5859463, 0.49, 18.947672
605, 369, -0.0011999999405816197, -0.44159997813403606, False, 55.79899, 0.22316766, -1.4901161e-08, 3.0760915, 0.47285834, 0.49, 19.026329
605, 370, -0.0011999999405816197, -0.4427999780746177, False, 55.678986, 0.0, 0.0, 0.0, 0.49978286, 0.49, 19.026985
605, 371, -0.0011999999405816197, -0.4439999780151993, False, 55.558983, 0.0, 0.0, 0.0, 0.4999983, 0.49, 19.027088
605, 372, -0.0011999999405816197, -0.4451999779557809, False, 55.43898, 1.4575602e-08, 0.0, 3.097811e-09, 0.5, 0.49, 19.027147
605, 373, -0.0011999999405816197, -0.44639997789636254, False, 55.318977, 0.0, 0.0, 0.0, 0.5, 0.49, 19.027195
605, 374, -0.0011999999405816197, -0.44759997783694416, False, 55.198975, 0.0, 1.4901161e-08, 0.0, 0.5, 0.49, 19.027275
605, 375, -0.0011999999405816197, -0.4487999777775258, False, 55.07897, 0.0, 0.0, 0.0, 0.5, 0.49, 19.027405
605, 376, -0.0011999999405816197, -0.4499999777181074, False, 54.95897, 0.0, 1.4901161e-08, 0.0, 0.5, 0.49, 19.027576
605, 377, -0.0011999999405816197, -0.451199977658689, False, 54.838966, 0.00014555576, -4.7132373e-05, 0.00013105341, 0.5, 0.48999113, 19.027815
605, 378, -0.0011999999405816197, -0.45239997759927064, False, 54.718964, 0.00010406971, 0.0, -2.4808824, 0.57454526, 0.48999995, 18.960707
605, 379, -0.0011999999405816197, -0.45359997753985226, False, 54.59896, -0.14008772, 0.0, -1.333381, 0.6497237, 0.49, 18.893024
605, 380, -0.0011999999405816197, -0.4547999774804339, False, 54.47896, -0.0011894107, 0.0, 1.4841874, 0.61480325, 0.49, 18.909695
605, 381, -0.0011999999405816197, -0.4559999774210155, False, 54.358955, 0.30313528, 0.0, 3.8135629, 0.45437673, 0.49, 18.99927
605, 382, -0.0011999999405816197, -0.4571999773615971, False, 54.238953, 0.0, 0.0, 0.0, 0.499635, 0.49, 18.999771
605, 383, -0.0011999999405816197, -0.45839997730217874, False, 54.11895, 1.4575607e-08, 0.0, 3.0977887e-09, 0.4999971, 0.49, 18.999851
605, 384, -0.0011999999405816197, -0.45959997724276036, False, 53.998947, 0.0, 1.4901161e-08, 0.0, 0.49999997, 0.49, 18.999872
605, 385, -0.0011999999405816197, -0.460799977183342, False, 53.878944, 0.0, 0.0, 0.0, 0.49999997, 0.49, 18.999872
605, 386, -0.0011999999405816197, -0.4619999771239236, False, 53.75894, 0.0, 0.0, 0.0, 0.49999997, 0.49, 18.999872
605, 387, -0.0011999999405816197, -0.4631999770645052, False, 53.63894, 0.0, 0.0, 0.0, 0.49999997, 0.49, 18.999865
605, 388, -0.0011999999405816197, -0.46439997700508684, False, 53.518936, 0.0, 0.0, 0.0, 0.49999997, 0.49, 18.999817
605, 389, -0.0011999999405816197, -0.46559997694566846, False, 53.398933, 0.0, 0.0, 0.0, 0.49999997, 0.49, 18.999737
605, 390, -0.0011999999405816197, -0.4667999768862501, False, 53.27893, 0.16571975, 0.0, -2.4744315, 0.5926016, 0.49, 19.038221
605, 391, -0.0011999999405816197, -0.4679999768268317, False, 53.158928, -0.26009429, 0.0, -4.7215548, 0.8167935, 0.49, 19.123028
605, 392, -0.0011999999405816197, -0.4691999767674133, False, 53.038925, -0.22307992, 0.0, -6.763917, 1.15676, 0.49, 19.258987
605, 393, -0.0011999999405816197, -0.47039997670799494, False, 52.918922, -0.9952669, 0.0, -8.55615, 1.5997481, 0.49, 19.445772
605, 394, -0.0011999999405816197, -0.47159997664857656, False, 52.79892, -1.839107, 0.0, -10.103315, 2.129366, 0.49, 19.69148
605, 395, -0.0011999999405816197, -0.4727999765891582, False, 52.678917, -0.49069643, 0.0, -11.761874, 2.731434, 0.49, 20.000359
605, 396, -0.0011999999405816197, -0.4739999765297398, False, 52.558914, 0.8447552, 0.0, -13.130461, 3.4060078, 0.49, 20.355482
605, 397, -0.0011999999405816197, -0.4751999764703214, False, 52.43891, 2.1490765, 0.0, -14.241779, 4.1542916, 0.49, 20.736927
605, 398, -0.0011999999405816197, -0.47639997641090304, False, 52.31891, 3.406402, 0.0, -15.125483, 4.975532, 0.49, 21.126198
605, 399, -0.0011999999405816197, -0.47759997635148466, False, 52.198906, 4.6036654, 0.0, -15.80908, 5.8671975, 0.49, 21.506172
605, 400, -0.0011999999405816197, -0.4787999762920663, False, 52.078903, 5.318965, 0.0, -10.719755, 6.5988874, 0.49, 21.841917
605, 401, -0.0011999999405816197, -0.4799999762326479, False, 51.9589, 3.8329916, 0.0, -7.0716567, 7.0766244, 0.49, 22.131592
605, 402, -0.0011999999405816197, -0.4811999761732295, False, 51.838898, 2.4957395, 0.0, -9.23056, 7.550751, 0.49, 22.395449
605, 403, -0.0011999999405816197, -0.48239997611381114, False, 51.718895, 1.1433578, 0.0, -11.038744, 8.127822, 0.49, 22.661274
605, 404, -0.0011999999405816197, -0.48359997605439276, False, 51.598892, 0.17301965, 0.0, -6.9309244, 8.579003, 0.49, 22.871004
605, 405, -0.0011999999405816197, -0.4847999759949744, False, 51.47889, -0.28042066, 0.0, -3.1344101, 8.81635, 0.49, 22.984016
605, 406, -0.0011999999405816197, -0.485999975935556, False, 51.358887, -0.19589874, 0.0, 0.1418826, 8.869345, 0.49, 22.998098
605, 407, -0.0011999999405816197, -0.4871999758761376, False, 51.238884, 0.035863996, 0.0, 2.619985, 8.788687, 0.49, 22.92477
605, 408, -0.0011999999405816197, -0.48839997581671923, False, 51.11888, 0.4406619, 0.0, 4.8349686, 8.605155, 0.49, 22.758574
605, 409, -0.0011999999405816197, -0.48959997575730085, False, 50.99888, -0.24377489, 0.0, 6.8766346, 8.336415, 0.49, 22.499693
605, 410, -0.0011999999405816197, -0.4907999756978825, False, 50.878876, -1.0239449, 0.0, 8.655954, 7.9816637, 0.49, 22.16587
605, 411, -0.0011999999405816197, -0.4919999756384641, False, 50.758873, -1.8738494, 0.0, 10.190741, 7.5381923, 0.49, 21.777374
605, 412, -0.0011999999405816197, -0.4931999755790457, False, 50.63887, -2.7675972, 0.0, 11.498875, 7.0052185, 0.49, 21.353422
605, 413, -0.0011999999405816197, -0.49439997551962733, False, 50.518867, -3.6819396, 0.0, 12.598713, 6.3837028, 0.49, 20.91222
605, 414, -0.0011999999405816197, -0.49559997546020895, False, 50.398865, -4.5969, 0.0, 13.50893, 5.676223, 0.49, 20.470901
605, 415, -0.0011999999405816197, -0.49679997540079057, False, 50.278862, -5.4958296, 0.0, 14.248182, 4.8868566, 0.49, 20.045467
605, 416, -0.0011999999405816197, -0.4979999753413722, False, 50.15886, -6.3652377, 0.0, 14.834829, 4.021074, 0.49, 19.650719
605, 417, -0.0011999999405816197, -0.4991999752819538, False, 50.038857, -7.194558, 0.0, 15.286646, 3.0856152, 0.49, 19.300184
605, 418, -0.0011999999405816197, -0.5003999752225354, False, 49.918854, -7.9758253, 0.0, 15.62062, 2.088372, 0.49, 19.006048
605, 419, -0.0011999999405816197, -0.501599975163117, False, 49.79885, -8.703379, 0.0, 15.852799, 1.0382538, 0.49, 18.779097
605, 420, -0.0011999999405816197, -0.5027999751036987, False, 49.67885, 0.0, 1.4901161e-08, 0.0, 0.4627207, 0.49, 18.669472
605, 421, -0.0011999999405816197, -0.5039999750442803, False, 49.558846, 2.5809879e-08, -1.4901161e-08, 1.4900625e-08, 0.4997018, 0.49, 18.669722
605, 422, -0.0011999999405816197, -0.5051999749848619, False, 49.438843, 0.0, 0.0, 0.0, 0.4999976, 0.49, 18.669899
605, 423, -0.0011999999405816197, -0.5063999749254435, False, 49.31884, 0.00014555566, -4.711747e-05, 0.00013105354, 0.49999997, 0.48999113, 18.670137
605, 424, -0.0011999999405816197, -0.5075999748660251, False, 49.198837, 0.001694794, -0.0005439371, 0.0018822728, 0.49999997, 0.4894902, 18.672783
605, 425, -0.0011999999405816197, -0.5087999748066068, False, 49.078835, 0.0012135506, -1.4901161e-08, -2.4790242, 0.566899, 0.4899959, 18.598604
605, 426, -0.0011999999405816197, -0.5099999747471884, False, 48.95883, 0.0010094643, -1.4901161e-08, -4.729599, 0.7273662, 0.48999998, 18.420492
605, 427, -0.0011999999405816197, -0.51119997468777, False, 48.83883, 0.00086545944, -1.4901161e-08, -6.7709594, 0.9725251, 0.48999998, 18.14831
605, 428, -0.0011999999405816197, -0.5123999746283516, False, 48.718826, -0.40822482, -1.4901161e-08, -2.9750416, 1.1404717, 0.48999998, 17.958017
605, 429, -0.0011999999405816197, -0.5135999745689332, False, 48.598824, -0.16594647, -1.4901161e-08, 0.20507096, 1.1632237, 0.48999998, 17.916061
605, 430, -0.0011999999405816197, -0.5147999745095149, False, 48.47882, 0.0, -1.4901161e-08, 0.0, 1.160919, 0.48999998, 17.916426
605, 431, -0.0011999999405816197, -0.5159999744500965, False, 48.358818, -0.16571915, -1.4901161e-08, 2.4744325, 1.0880973, 0.48999998, 17.985369
605, 432, -0.0011999999405816197, -0.5171999743906781, False, 48.238815, -0.078063995, -1.4901161e-08, -0.66041666, 1.0719032, 0.48999998, 17.993782
605, 433, -0.0011999999405816197, -0.5183999743312597, False, 48.118813, 0.16692078, -1.4901161e-08, -3.076891, 1.1590487, 0.48999998, 17.887354
605, 434, -0.0011999999405816197, -0.5195999742718413, False, 47.99881, 0.027184065, -1.4901161e-08, 0.11875919, 1.1931156, 0.48999998, 17.84952
605, 435, -0.0011999999405816197, -0.520799974212423, False, 47.878807, 0.19645143, -1.4901161e-08, 2.5794938, 1.1206576, 0.48999998, 17.928164
605, 436, -0.0011999999405816197, -0.5219999741530046, False, 47.758804, -0.24421453, -1.4901161e-08, 4.819139, 0.9470418, 0.48999998, 18.102
605, 437, -0.0011999999405816197, -0.5231999740935862, False, 47.6388, -0.82697153, -1.4901161e-08, 6.800216, 0.6907148, 0.48999998, 18.37082
605, 438, -0.0011999999405816197, -0.5243999740341678, False, 47.5188, 1.4860443, -0.05109918, 1.650353, 0.4966264, 0.48887292, 18.651934
605, 439, -0.0011999999405816197, -0.5255999739747494, False, 47.398796, 0.5118351, -1.4901161e-08, 0.5684276, 0.499973, 0.48705217, 18.724627
605, 440, -0.0011999999405816197, -0.5267999739153311, False, 47.278793, 0.33199066, 0.0, -2.0096729, 0.562117, 0.4899764, 18.68681
605, 441, -0.0011999999405816197, -0.5279999738559127, False, 47.15879, -0.08181167, 0.0, -4.3175626, 0.71974397, 0.48999983, 18.541681
605, 442, -0.0011999999405816197, -0.5291999737964943, False, 47.038788, -0.22561657, 0.0, -0.75871813, 0.8015186, 0.48999998, 18.459356
605, 443, -0.0011999999405816197, -0.5303999737370759, False, 46.918785, -0.21017683, 0.0, 1.8070958, 0.7505104, 0.48999998, 18.490171
605, 444, -0.0011999999405816197, -0.5315999736776575, False, 46.798782, 0.16345942, 0.0, 4.123471, 0.59137595, 0.48999998, 18.615185
605, 445, -0.0011999999405816197, -0.5327999736182392, False, 46.67878, 0.013808239, -0.013804838, 0.14457503, 0.5005916, 0.4891124, 18.693478
605, 446, -0.0011999999405816197, -0.5339999735588208, False, 46.558777, -5.6443323e-18, -0.000910759, 1.2678111e-17, 0.5001178, 0.49000457, 18.693604
605, 447, -0.0011999999405816197, -0.5351999734994024, False, 46.438774, -5.5082066e-05, -2.5749207e-05, 0.00017763942, 0.50000095, 0.49000272, 18.693703
605, 448, -0.0011999999405816197, -0.536399973439984, False, 46.31877, 1.0890415e-05, -1.5258789e-05, 4.848443e-06, 0.5, 0.49000162, 18.693783
605, 449, -0.0011999999405816197, -0.5375999733805656, False, 46.19877, 6.7105707e-06, -9.536743e-06, 3.8741578e-06, 0.5, 0.49000102, 18.693914
605, 450, -0.0011999999405816197, -0.5387999733211473, False, 46.078766, 3.9059755e-06, -5.722046e-06, 2.8377297e-06, 0.5, 0.4900006, 18.694086
605, 451, -0.0011999999405816197, -0.5399999732617289, False, 45.958763, 0.0001917119, -6.611645e-05, 0.00017261083, 0.5, 0.48999122, 18.694326
605, 452, -0.0011999999405816197, -0.5411999732023105, False, 45.83876, 0.00013720989, 0.0, -2.4808345, 0.57454455, 0.48999995, 18.62722
605, 453, -0.0011999999405816197, -0.5423999731428921, False, 45.718758, -0.14006674, 0.0, -1.3333516, 0.6497223, 0.49, 18.55954
605, 454, -0.0011999999405816197, -0.5435999730834737, False, 45.598755, -0.0011741519, 0.0, 1.4842126, 0.61480093, 0.49, 18.576212
605, 455, -0.0011999999405816197, -0.5447999730240554, False, 45.478752, -0.3050381, 0.0, 3.8133836, 0.4569488, 0.49, 18.670248
605, 456, -0.0011999999405816197, -0.545999972964637, False, 45.35875, 0.00019281935, -6.6414475e-05, 0.00017360784, 0.4996556, 0.49, 18.671013
605, 457, -0.0011999999405816197, -0.5471999729052186, False, 45.238747, 0.0, 0.0, 0.0, 0.49999723, 0.48990998, 18.671679
605, 458, -0.0011999999405816197, -0.5483999728458002, False, 45.118744, 5.1619796e-08, -1.4901161e-08, 2.9801186e-08, 0.5, 0.4899467, 18.671831
605, 459, -0.0011999999405816197, -0.5495999727863818, False, 44.99874, 0.0, 0.0, 0.0, 0.5, 0.48996842, 18.671957
605, 460, -0.0011999999405816197, -0.5507999727269635, False, 44.87874, 0.0, 0.0, 0.0, 0.5, 0.4899813, 18.672043
605, 461, -0.0011999999405816197, -0.5519999726675451, False, 44.758736, 0.0, 0.0, 0.0, 0.5, 0.4899889, 18.672098
605, 462, -0.0011999999405816197, -0.5531999726081267, False, 44.638733, 0.0, 0.0, 0.0, 0.5, 0.48999345, 18.672117
605, 463, -0.0011999999405816197, -0.5543999725487083, False, 44.51873, 0.0, 0.0, 0.0, 0.5, 0.4899961, 18.672117
605, 464, -0.0011999999405816197, -0.5555999724892899, False, 44.398727, 0.0, 0.0, 0.0, 0.5, 0.48999766, 18.672117
605, 465, -0.0011999999405816197, -0.5567999724298716, False, 44.278725, 0.0, 0.0, 0.0, 0.5, 0.4899986, 18.672125
605, 466, -0.0011999999405816197, -0.5579999723704532, False, 44.158722, 0.0, 0.0, 0.0, 0.5, 0.48999915, 18.672173
605, 467, -0.0011999999405816197, -0.5591999723110348, False, 44.03872, 0.0, 0.0, 0.0, 0.5, 0.4899995, 18.672253
605, 468, -0.0011999999405816197, -0.5603999722516164, False, 43.918716, 0.0, 0.0, 0.0, 0.5, 0.4899997, 18.672382
605, 469, -0.0011999999405816197, -0.561599972192198, False, 43.798714, 0.0, 0.0, 0.0, 0.5, 0.4899998, 18.672554
605, 470, -0.0011999999405816197, -0.5627999721327797, False, 43.67871, 0.00014475865, -4.6864152e-05, 0.0001303353, 0.5, 0.4899911, 18.672792
605, 471, -0.0011999999405816197, -0.5639999720733613, False, 43.55871, 0.00010347366, 0.0, -2.4808836, 0.5745454, 0.48999998, 18.605684
605, 472, -0.0011999999405816197, -0.5651999720139429, False, 43.438705, 8.6545944e-05, 0.0, -4.7312856, 0.7527922, 0.48999998, 18.445204
605, 473, -0.0011999999405816197, -0.5663999719545245, False, 43.318703, -0.61009884, 0.0, -6.7427373, 1.0267997, 0.48999998, 18.202034
605, 474, -0.0011999999405816197, -0.5675999718951061, False, 43.1987, -0.09926915, 0.0, -3.0050879, 1.2132369, 0.48999998, 18.029411
605, 475, -0.0011999999405816197, -0.5687999718356878, False, 43.078697, -0.0834105, 0.0, -5.206828, 1.4098494, 0.48999998, 17.845264
605, 476, -0.0011999999405816197, -0.5699999717762694, False, 42.958694, -0.32284504, 0.0, -1.5580826, 1.5285158, 0.48999998, 17.729214
605, 477, -0.0011999999405816197, -0.571199971716851, False, 42.83869, -0.1303623, 0.0, 1.2996454, 1.4990568, 0.48999998, 17.73209
605, 478, -0.0011999999405816197, -0.5723999716574326, False, 42.71869, 0.1826967, 0.0, 3.65835, 1.3442762, 0.48999998, 17.810722
605, 479, -0.0011999999405816197, -0.5735999715980142, False, 42.598686, 0.662951, 0.0, 5.7587385, 1.0676532, 0.48999998, 17.941755
605, 480, -0.0011999999405816197, -0.5747999715385959, False, 42.478683, 1.2773845, 0.0, 7.610749, 0.67457414, 0.48999998, 18.104645
605, 481, -0.0011999999405816197, -0.5759999714791775, False, 42.35868, -0.0283372, 0.0, 0.14764303, 0.5007516, 0.49, 18.163645
605, 482, -0.0011999999405816197, -0.5771999714197591, False, 42.238678, -0.00037129555, 0.0, 0.0011428271, 0.500006, 0.49, 18.163677
605, 483, -0.0011999999405816197, -0.5783999713603407, False, 42.118675, -3.3614328e-06, 2.9802322e-08, 8.942644e-06, 0.5000001, 0.49, 18.163757
605, 484, -0.0011999999405816197, -0.5795999713009223, False, 41.998672, 0.0, 0.0, 0.0, 0.5, 0.49, 18.163887
605, 485, -0.0011999999405816197, -0.580799971241504, False, 41.87867, 0.0, 0.0, 0.0, 0.5, 0.49, 18.164059
605, 486, -0.0011999999405816197, -0.5819999711820856, False, 41.758667, 0.00014542327, -4.707277e-05, 0.00013093335, 0.5, 0.48999116, 18.164297
605, 487, -0.0011999999405816197, -0.5831999711226672, False, 41.638664, 0.00010430813, 0.0, -2.4808831, 0.57454556, 0.48999995, 18.097189
605, 488, -0.0011999999405816197, -0.5843999710632488, False, 41.51866, -0.14008754, 0.0, -1.3333815, 0.6497243, 0.49, 18.029507
605, 489, -0.0011999999405816197, -0.5855999710038304, False, 41.39866, -0.0011892319, 0.0, 1.484187, 0.61480385, 0.49, 18.046177
605, 490, -0.0011999999405816197, -0.586799970944412, False, 41.278656, 0.3031354, 0.0, 3.8135624, 0.45437703, 0.49, 18.135752
605, 491, -0.0011999999405816197, -0.5879999708849937, False, 41.158653, 2.580994e-08, -1.4901161e-08, 1.4900515e-08, 0.499635, 0.49, 18.136293
605, 492, -0.0011999999405816197, -0.5891999708255753, False, 41.03865, 0.0, 0.0, 0.0, 0.4999971, 0.49, 18.136475
605, 493, -0.0011999999405816197, -0.5903999707661569, False, 40.918648, -0.16571963, 0.0, -2.4744322, 0.5825765, 0.49, 18.079582
605, 494, -0.0011999999405816197, -0.5915999707067385, False, 40.798645, -0.08737402, 0.0, 0.668206, 0.5933123, 0.49, 18.063593
605, 495, -0.0011999999405816197, -0.5927999706473202, False, 40.678642, -0.29508066, 0.0, 3.07033, 0.4666465, 0.49, 18.117981
605, 496, -0.0011999999405816197, -0.5939999705879018, False, 40.55864, 0.0, 0.0, 0.0, 0.49973318, 0.49, 18.118505
605, 497, -0.0011999999405816197, -0.5951999705284834, False, 40.438637, 5.16199e-08, -2.9802322e-08, 2.9801e-08, 0.49999785, 0.49, 18.118689
605, 498, -0.0011999999405816197, -0.596399970469065, False, 40.318634, 0.0, 0.0, 0.0, 0.5, 0.49, 18.118834
605, 499, -0.0011999999405816197, -0.5975999704096466, False, 40.19863, 0.0, 0.0, 0.0, 0.5, 0.49, 18.118963
605, 500, -0.0011999999405816197, -0.5987999703502283, False, 40.07863, 0.0, 0.0, 0.0, 0.5, 0.49, 18.119123
605, 501, -0.0011999999405816197, -0.5999999702908099, False, 39.958626, 0.0, 0.0, 0.0, 0.5, 0.49, 18.119295
605, 502, -0.0011999999405816197, -0.6011999702313915, False, 39.838623, 0.0, 0.0, 0.0, 0.5, 0.49, 18.119478
605, 503, -0.0011999999405816197, -0.6023999701719731, False, 39.71862, -2.4241952e-08, 0.0, 5.44522e-08, 0.5, 0.49, 18.119623
605, 504, -0.0011999999405816197, -0.6035999701125547, False, 39.598618, 0.0, 0.0, 0.0, 0.5, 0.49, 18.119719
605, 505, -0.0011999999405816197, -0.6047999700531363, False, 39.478615, 0.0, 0.0, 0.0, 0.5, 0.49, 18.119799
605, 506, -0.0011999999405816197, -0.605999969993718, False, 39.358612, 0.0, 0.0, 0.0, 0.5, 0.49, 18.119928
605, 507, -0.0011999999405816197, -0.6071999699342996, False, 39.23861, -3.5033473e-08, 0.0, 4.8222084e-08, 0.5, 0.49, 18.1201
605, 508, -0.0011999999405816197, -0.6083999698748812, False, 39.118607, 0.0001452906, -4.7042966e-05, 0.00013081345, 0.5, 0.48999116, 18.120338
605, 509, -0.0011999999405816197, -0.6095999698154628, False, 38.998604, 0.0, 0.0, 0.0, 0.5, 0.48999995, 18.120338
605, 510, -0.0011999999405816197, -0.6107999697560444, False, 38.8786, 0.0, 0.0, 0.0, 0.5, 0.48999995, 18.120522
605, 511, -0.0011999999405816197, -0.6119999696966261, False, 38.7586, 0.0, 0.0, 0.0, 0.5, 0.48999995, 18.120667
605, 512, -0.0011999999405816197, -0.6131999696372077, False, 38.638596, 0.0, 0.0, 0.0, 0.5, 0.48999995, 18.120796
605, 513, -0.0011999999405816197, -0.6143999695777893, False, 38.518593, -2.5809966e-08, 1.4901161e-08, -1.4900472e-08, 0.5, 0.48999995, 18.120956
605, 514, -0.0011999999405816197, -0.6155999695183709, False, 38.39859, 4.8222102e-08, -1.4901161e-08, 3.503345e-08, 0.5, 0.48999995, 18.121128
605, 515, -0.0011999999405816197, -0.6167999694589525, False, 38.278587, 0.00014529067, -4.7057867e-05, 0.00013081337, 0.5, 0.48999116, 18.121367
605, 516, -0.0011999999405816197, -0.6179999693995342, False, 38.158585, 0.0, 0.0, 0.0, 0.5, 0.48999995, 18.121367
605, 517, -0.0011999999405816197, -0.6191999693401158, False, 38.03858, 0.0, 0.0, 0.0, 0.5, 0.48999995, 18.12155
605, 518, -0.0011999999405816197, -0.6203999692806974, False, 37.91858, 0.0, 0.0, 0.0, 0.5, 0.48999995, 18.121695
605, 519, -0.0011999999405816197, -0.621599969221279, False, 37.798576, 2.5809976e-08, -1.4901161e-08, 1.4900458e-08, 0.5, 0.48999995, 18.121824
605, 520, -0.0011999999405816197, -0.6227999691618606, False, 37.678574, 2.7226113e-08, 0.0, 1.2120944e-08, 0.5, 0.48999995, 18.12197
605, 521, -0.0011999999405816197, -0.6239999691024423, False, 37.55857, 0.0, 0.0, 0.0, 0.5, 0.48999995, 18.122065
605, 522, -0.0011999999405816197, -0.6251999690430239, False, 37.43857, 0.0, 0.0, 0.0, 0.5, 0.48999995, 18.122145
605, 523, -0.0011999999405816197, -0.6263999689836055, False, 37.318565, 0.0, 0.0, 0.0, 0.5, 0.48999995, 18.122274
605, 524, -0.0011999999405816197, -0.6275999689241871, False, 37.198563, 0.0, 0.0, 0.0, 0.5, 0.48999995, 18.122446
605, 525, -0.0011999999405816197, -0.6287999688647687, False, 37.07856, 0.00014515789, -4.7013164e-05, 0.00013069362, 0.5, 0.48999116, 18.122684
605, 526, -0.0011999999405816197, -0.6299999688053504, False, 36.958557, 0.00010383129, 0.0, -2.4808831, 0.5745457, 0.48999995, 18.055576
605, 527, -0.0011999999405816197, -0.631199968745932, False, 36.838554, -0.3977127, 0.0, -4.7126284, 0.7544787, 0.49, 17.897072
605, 528, -0.0011999999405816197, -0.6323999686865136, False, 36.71855, -0.5117983, 0.0, -1.0951765, 0.85288405, 0.49, 17.79731
605, 529, -0.0011999999405816197, -0.6335999686270952, False, 36.59855, -0.21581826, 0.0, 1.6555141, 0.80093956, 0.49, 17.801224
605, 530, -0.0011999999405816197, -0.6347999685676768, False, 36.478546, 0.14548337, 0.0, 3.9872189, 0.61864316, 0.49, 17.867249
605, 531, -0.0011999999405816197, -0.6359999685082585, False, 36.358543, 0.0, 0.0, 0.0, 0.48548132, 0.49, 17.934616
605, 532, -0.0011999999405816197, -0.6371999684488401, False, 36.23854, 0.0, 0.0, 0.0, 0.49988383, 0.49, 17.934713
605, 533, -0.0011999999405816197, -0.6383999683894217, False, 36.118538, 0.0, 0.0, 0.0, 0.49999908, 0.49, 17.93479
605, 534, -0.0011999999405816197, -0.6395999683300033, False, 35.998535, 0.0, 1.4901161e-08, 0.0, 0.5, 0.49, 17.934849
605, 535, -0.0011999999405816197, -0.6407999682705849, False, 35.878532, 0.0, 0.0, 0.0, 0.5, 0.49, 17.934883
605, 536, -0.0011999999405816197, -0.6419999682111666, False, 35.75853, 0.0, 0.0, 0.0, 0.5, 0.49, 17.93493
605, 537, -0.0011999999405816197, -0.6431999681517482, False, 35.638527, 0.0, 0.0, 0.0, 0.5, 0.49, 17.93501
605, 538, -0.0011999999405816197, -0.6443999680923298, False, 35.518524, 0.0, 0.0, 0.0, 0.5, 0.49, 17.93514
605, 539, -0.0011999999405816197, -0.6455999680329114, False, 35.39852, 0.0, 0.0, 0.0, 0.5, 0.49, 17.935312
605, 540, -0.0011999999405816197, -0.646799967973493, False, 35.27852, 0.00014525115, -4.7042966e-05, 0.00013085725, 0.5, 0.4899912, 17.93555
605, 541, -0.0011999999405816197, -0.6479999679140747, False, 35.158516, -0.16560149, 0.0, -2.4743004, 0.57617444, 0.48999998, 17.870352
605, 542, -0.0011999999405816197, -0.6491999678546563, False, 35.038513, -0.08728598, 0.0, 0.66831803, 0.5851773, 0.48999998, 17.853336
605, 543, -0.0011999999405816197, -0.6503999677952379, False, 34.91851, 0.037347853, -0.036864147, 0.77809846, 0.5034783, 0.48937508, 17.894005
605, 544, -0.0011999999405816197, -0.6515999677358195, False, 34.798508, -0.0014346784, 0.0, 0.0053798826, 0.50002784, 0.48962966, 17.894209
605, 545, -0.0011999999405816197, -0.6527999676764011, False, 34.678505, -9.910365e-06, -1.4901161e-08, 4.670342e-05, 0.5000002, 0.48978052, 17.894218
605, 546, -0.0011999999405816197, -0.6539999676169828, False, 34.558502, -0.16572246, 0.0, -2.4743896, 0.5984501, 0.48999828, 17.87586
605, 547, -0.0011999999405816197, -0.6551999675575644, False, 34.4385, -0.08736816, 0.0, 0.6682403, 0.614758, 0.49, 17.865622
605, 548, -0.0011999999405816197, -0.656399967498146, False, 34.318497, 0.16044779, 0.0, 3.0847638, 0.47691235, 0.49, 17.858692
605, 549, -0.0011999999405816197, -0.6575999674387276, False, 34.198494, -1.2394395e-08, 1.4901161e-08, -5.8301747e-08, 0.49981534, 0.49, 17.85863
605, 550, -0.0011999999405816197, -0.6587999673793092, False, 34.07849, -2.8343395e-08, -2.9802322e-08, 9.210339e-09, 0.49999854, 0.49, 17.858572
605, 551, -0.0011999999405816197, -0.6599999673198909, False, 33.95849, 0.0, 0.0, 0.0, 0.49999997, 0.49, 17.858492
605, 552, -0.0011999999405816197, -0.6611999672604725, False, 33.838486, 0.0, 0.0, 0.0, 0.49999997, 0.49, 17.858492
605, 553, -0.0011999999405816197, -0.6623999672010541, False, 33.718483, 0.16571975, 0.0, -2.4744325, 0.58807117, 0.49, 17.906446
605, 554, -0.0011999999405816197, -0.6635999671416357, False, 33.59848, -0.26009393, 0.0, -4.7215557, 0.8021694, 0.49, 18.014225
605, 555, -0.0011999999405816197, -0.6647999670822173, False, 33.478477, -0.83112454, 0.0, -6.7108107, 1.1246865, 0.49, 18.187214
605, 556, -0.0011999999405816197, -0.665999967022799, False, 33.358475, -1.5159712, 0.0, -8.454285, 1.5363201, 0.49, 18.43342
605, 557, -0.0011999999405816197, -0.6671999669633806, False, 33.238472, -2.2830331, 0.0, -9.965672, 2.0182176, 0.49, 18.758846
605, 558, -0.0011999999405816197, -0.6683999669039622, False, 33.11847, -0.8917608, 0.0, -11.680658, 2.5559623, 0.49, 19.16411
605, 559, -0.0011999999405816197, -0.6695999668445438, False, 32.998466, 0.4849887, 0.0, -13.0947275, 3.153402, 0.49, 19.632225
605, 560, -0.0011999999405816197, -0.6707999667851254, False, 32.878464, 1.8288908, 0.0, -14.242523, 3.816089, 0.49, 20.143621
605, 561, -0.0011999999405816197, -0.671999966725707, False, 32.75846, 3.1239014, 0.0, -15.155082, 4.5473247, 0.49, 20.679775
605, 562, -0.0011999999405816197, -0.6731999666662887, False, 32.63846, 4.3567753, 0.0, -15.86103, 5.3483553, 0.49, 21.223186
605, 563, -0.0011999999405816197, -0.6743999666068703, False, 32.518456, 5.1064134, 0.0, -10.787653, 6.001184, 0.49, 21.691608
605, 564, -0.0011999999405816197, -0.6755999665474519, False, 32.398453, 5.670107, 0.0, -11.757862, 6.635548, 0.49, 22.112173
605, 565, -0.0011999999405816197, -0.6767999664880335, False, 32.27845, 4.0579624, 0.0, -8.038233, 7.136227, 0.49, 22.47616
605, 566, -0.0011999999405816197, -0.6779999664286152, False, 32.158447, 2.6121159, 0.0, -10.122248, 7.6305776, 0.49, 22.812006
605, 567, -0.0011999999405816197, -0.6791999663691968, False, 32.038445, 1.1660056, 0.0, -11.853883, 8.22232, 0.49, 23.158506
605, 568, -0.0011999999405816197, -0.6803999663097784, False, 31.918442, 0.11879039, 0.0, -7.668346, 8.690416, 0.49, 23.43415
605, 569, -0.0011999999405816197, -0.68159996625036, False, 31.798439, -0.39494383, 0.0, -3.794855, 8.9520035, 0.49, 23.589594
605, 570, -0.0011999999405816197, -0.6827999661909416, False, 31.678436, -0.36997992, 0.0, -0.3023075, 9.035107, 0.49, 23.62369
605, 571, -0.0011999999405816197, -0.6839999661315233, False, 31.558434, -0.11106157, 0.0, 2.2440727, 8.985352, 0.49, 23.553198
605, 572, -0.0011999999405816197, -0.6851999660721049, False, 31.43843, -0.46693063, 0.0, 4.489425, 8.836251, 0.49, 23.382715
605, 573, -0.0011999999405816197, -0.6863999660126865, False, 31.318428, -0.9848783, 0.0, 6.483494, 8.589233, 0.49, 23.129845
605, 574, -0.0011999999405816197, -0.6875999659532681, False, 31.198425, -0.07437134, 0.0, 8.415185, 8.24622, 0.49, 22.81088
605, 575, -0.0011999999405816197, -0.6887999658938497, False, 31.078423, -1.0234427, 0.0, 10.059132, 7.8209834, 0.49, 22.426031
605, 576, -0.0011999999405816197, -0.6899999658344314, False, 30.95842, -2.0098982, 0.0, 11.455879, 7.3137574, 0.49, 21.991049
605, 577, -0.0011999999405816197, -0.691199965775013, False, 30.838417, -3.011527, 0.0, 12.626886, 6.723032, 0.49, 21.524843
605, 578, -0.0011999999405816197, -0.6923999657155946, False, 30.718414, -4.008592, 0.0, 13.593235, 6.0491405, 0.49, 21.045307
605, 579, -0.0011999999405816197, -0.6935999656561762, False, 30.598412, -4.98438, 0.0, 14.375618, 5.294115, 0.49, 20.569275
605, 580, -0.0011999999405816197, -0.6947999655967578, False, 30.478409, -5.925252, 0.0, 14.9942045, 4.4615593, 0.49, 20.112469
605, 581, -0.0011999999405816197, -0.6959999655373394, False, 30.358406, -6.820503, 0.0, 15.4683895, 3.5565245, 0.49, 19.68942
605, 582, -0.0011999999405816197, -0.6971999654779211, False, 30.238403, -7.6621, 0.0, 15.81662, 2.585385, 0.49, 19.313406
605, 583, -0.0011999999405816197, -0.6983999654185027, False, 30.1184, -8.444393, 0.0, 16.056248, 1.5557066, 0.49, 18.996376
605, 584, -0.0011999999405816197, -0.6995999653590843, False, 29.998398, -9.163813, 0.0, 16.203426, 0.47610965, 0.49, 18.748894
605, 585, -0.0011999999405816197, -0.7007999652996659, False, 29.878395, 0.0, 0.0, 0.0, 0.4998089, 0.49, 18.748516
605, 586, -0.0011999999405816197, -0.7019999652402475, False, 29.758392, 0.0, 0.0, 0.0, 0.49999848, 0.49, 18.74865
605, 587, -0.0011999999405816197, -0.7031999651808292, False, 29.63839, 0.0, 0.0, 0.0, 0.5, 0.49, 18.748821
605, 588, -0.0011999999405816197, -0.7043999651214108, False, 29.518387, 0.00014529089, -4.7057867e-05, 0.0001308131, 0.5, 0.48999116, 18.74906
605, 589, -0.0011999999405816197, -0.7055999650619924, False, 29.398384, 0.00044083383, -0.00013707578, 0.0003969061, 0.5, 0.48974842, 18.7504
605, 590, -0.0011999999405816197, -0.706799965002574, False, 29.278381, 0.001583296, -0.0005082041, 0.0017583298, 0.5, 0.48947078, 18.752354
605, 591, -0.0011999999405816197, -0.7079999649431556, False, 29.158379, 0.0011337996, -1.4901161e-08, -2.4791558, 0.5668935, 0.4899958, 18.678177
605, 592, -0.0011999999405816197, -0.7091999648837373, False, 29.038376, -0.13941485, -1.4901161e-08, -1.3323036, 0.63456255, 0.48999998, 18.603096
605, 593, -0.0011999999405816197, -0.7103999648243189, False, 28.918373, -0.0006773472, -1.4901161e-08, 1.4851182, 0.60154986, 0.48999998, 18.623386
605, 594, -0.0011999999405816197, -0.7115999647649005, False, 28.79837, 0.05152625, -0.026719451, 0.6934177, 0.50287384, 0.48938623, 18.694912
605, 595, -0.0011999999405816197, -0.7127999647054821, False, 28.678368, -0.0015887758, 1.4901161e-08, 0.004324283, 0.500023, 0.4896362, 18.695126
605, 596, -0.0011999999405816197, -0.7139999646460637, False, 28.558365, -1.1786999e-05, 0.0, 3.628027e-05, 0.5000002, 0.48978433, 18.69514
605, 597, -0.0011999999405816197, -0.7151999645866454, False, 28.438362, 1.4575626e-08, 0.0, 3.0976919e-09, 0.5, 0.4898722, 18.695152
605, 598, -0.0011999999405816197, -0.716399964527227, False, 28.31836, 0.0, 0.0, 0.0, 0.5, 0.48992425, 18.695156
605, 599, -0.0011999999405816197, -0.7175999644678086, False, 28.198357, 0.0, 0.0, 0.0, 0.5, 0.4899551, 18.695156
605, 600, -0.0011999999405816197, -0.7187999644083902, False, 28.078354, 0.0, 0.0, 0.0, 0.5, 0.48997337, 18.695156
605, 601, -0.0011999999405816197, -0.7199999643489718, False, 27.958351, 0.0, 0.0, 0.0, 0.5, 0.48998418, 18.695162
605, 602, -0.0011999999405816197, -0.7211999642895535, False, 27.838348, 0.16571903, 0.0, -2.4744322, 0.59752786, 0.4899999, 18.67187
605, 603, -0.0011999999405816197, -0.7223999642301351, False, 27.718346, 0.08737376, 0.0, 0.66820586, 0.61659354, 0.48999998, 18.674591
605, 604, -0.0011999999405816197, -0.7235999641707167, False, 27.598343, -0.1604408, 0.0, 3.0847328, 0.49348137, 0.48999998, 18.736979
605, 605, -0.0011999999405816197, -0.7247999641112983, False, 27.47834, -3.5033313e-08, 0.0, 4.82222e-08, 0.49994782, 0.49, 18.737745
605, 606, -0.0011999999405816197, -0.7259999640518799, False, 27.358337, 0.0, 0.0, 0.0, 0.4999996, 0.49, 18.73794
605, 607, -0.0011999999405816197, -0.7271999639924616, False, 27.238335, 0.0, 0.0, 0.0, 0.5, 0.49, 18.738134
605, 608, -0.0011999999405816197, -0.7283999639330432, False, 27.118332, 0.00014533535, -4.7057867e-05, 0.00013085283, 0.5, 0.4899912, 18.738373
605, 609, -0.0011999999405816197, -0.7295999638736248, False, 26.99833, -4.8222212e-08, 1.4901161e-08, -3.5033306e-08, 0.5, 0.48988897, 18.739128
605, 610, -0.0011999999405816197, -0.7307999638142064, False, 26.878326, 0.0, 0.0, 0.0, 0.5, 0.4899342, 18.739275
605, 611, -0.0011999999405816197, -0.731999963754788, False, 26.758324, 0.0, 0.0, 0.0, 0.5, 0.48996097, 18.739397
605, 612, -0.0011999999405816197, -0.7331999636953697, False, 26.63832, 0.0, 0.0, 0.0, 0.5, 0.48997688, 18.739483
605, 613, -0.0011999999405816197, -0.7343999636359513, False, 26.518318, 0.0, 0.0, 0.0, 0.5, 0.4899863, 18.739557
605, 614, -0.0011999999405816197, -0.7355999635765329, False, 26.398315, -3.9907295e-09, 0.0, 6.652043e-08, 0.5, 0.4899919, 18.739683
605, 615, -0.0011999999405816197, -0.7367999635171145, False, 26.278313, 4.822223e-08, -1.4901161e-08, 3.5033274e-08, 0.5, 0.4899952, 18.739851
605, 616, -0.0011999999405816197, -0.7379999634576961, False, 26.15831, 9.644446e-08, -2.9802322e-08, 7.006655e-08, 0.5, 0.48999715, 18.740046
605, 617, -0.0011999999405816197, -0.7391999633982778, False, 26.038307, 0.00014067996, -4.5523047e-05, 0.00012658093, 0.5, 0.4899907, 18.740278
605, 618, -0.0011999999405816197, -0.7403999633388594, False, 25.918304, 0.0, 0.0, 0.0, 0.5, 0.48988888, 18.741032
605, 619, -0.0011999999405816197, -0.741599963279441, False, 25.798302, 0.0, 0.0, 0.0, 0.5, 0.48993412, 18.741179
605, 620, -0.0011999999405816197, -0.7427999632200226, False, 25.678299, 0.0, 0.0, 0.0, 0.5, 0.48996094, 18.741327
605, 621, -0.0011999999405816197, -0.7439999631606042, False, 25.558296, 2.9800724e-08, 0.0, -5.1620063e-08, 0.5, 0.48997682, 18.741499
605, 622, -0.0011999999405816197, -0.7451999631011859, False, 25.438293, 0.0, 0.0, 0.0, 0.5, 0.48998627, 18.741663
605, 623, -0.0011999999405816197, -0.7463999630417675, False, 25.31829, 0.0, 1.4901161e-08, 0.0, 0.5, 0.48999184, 18.74184
605, 624, -0.0011999999405816197, -0.7475999629823491, False, 25.198288, 0.0, 0.0, 0.0, 0.5, 0.4899952, 18.741982
605, 625, -0.0011999999405816197, -0.7487999629229307, False, 25.078285, 0.0, 0.0, 0.0, 0.5, 0.48999715, 18.742077
605, 626, -0.0011999999405816197, -0.7499999628635123, False, 24.958282, 0.0, 0.0, 0.0, 0.5, 0.4899983, 18.742157
605, 627, -0.0011999999405816197, -0.751199962804094, False, 24.83828, 0.0, 0.0, 0.0, 0.5, 0.489999, 18.742287
605, 628, -0.0011999999405816197, -0.7523999627446756, False, 24.718277, 0.0, -1.4901161e-08, 0.0, 0.5, 0.4899994, 18.742456
605, 629, -0.0011999999405816197, -0.7535999626852572, False, 24.598274, 0.00014427255, -4.671514e-05, 0.00012989533, 0.5, 0.4899911, 18.742693
605, 630, -0.0011999999405816197, -0.7547999626258388, False, 24.478271, 0.00010347366, 0.0, -2.480884, 0.57454604, 0.48999998, 18.675585
605, 631, -0.0011999999405816197, -0.7559999625664204, False, 24.358269, 8.583069e-05, 0.0, -4.731287, 0.75279415, 0.48999998, 18.515108
605, 632, -0.0011999999405816197, -0.7571999625070021, False, 24.238266, -0.6100991, 0.0, -6.7427387, 1.0268039, 0.48999998, 18.27194
605, 633, -0.0011999999405816197, -0.7583999624475837, False, 24.118263, -0.099270225, 0.0, -3.0050883, 1.2132425, 0.48999998, 18.099318
605, 634, -0.0011999999405816197, -0.7595999623881653, False, 23.99826, -0.23183256, 0.0, -1.6724333, 1.3035105, 0.48999998, 18.01248
605, 635, -0.0011999999405816197, -0.7607999623287469, False, 23.878258, -0.08302286, 0.0, 1.1969488, 1.2811066, 0.48999998, 18.01491
605, 636, -0.0011999999405816197, -0.7619999622693285, False, 23.758255, 0.2111783, 0.0, 3.5614822, 1.132565, 0.48999998, 18.092775
605, 637, -0.0011999999405816197, -0.7631999622099102, False, 23.638252, 0.6776197, 0.0, 5.6689057, 0.8615337, 0.48999998, 18.22298
605, 638, -0.0011999999405816197, -0.7643999621504918, False, 23.51825, 1.2811749, 0.0, 7.5284986, 0.4734972, 0.48999998, 18.385054
605, 639, -0.0011999999405816197, -0.7655999620910734, False, 23.398247, 1.8416952e-08, 0.0, -5.6688005e-08, 0.499788, 0.49, 18.385632
605, 640, -0.0011999999405816197, -0.766799962031655, False, 23.278244, 0.0, 0.0, 0.0, 0.4999983, 0.49, 18.385723
605, 641, -0.0011999999405816197, -0.7679999619722366, False, 23.158241, 0.0, 0.0, 0.0, 0.5, 0.49, 18.385853
605, 642, -0.0011999999405816197, -0.7691999619128183, False, 23.038239, 0.0, 0.0, 0.0, 0.5, 0.49, 18.385853
605, 643, -0.0011999999405816197, -0.7703999618533999, False, 22.918236, 0.0, 0.0, 0.0, 0.5, 0.49, 18.386024
605, 644, -0.0011999999405816197, -0.7715999617939815, False, 22.798233, 0.00014525164, -4.7042966e-05, 0.00013085672, 0.5, 0.4899912, 18.386263
605, 645, -0.0011999999405816197, -0.7727999617345631, False, 22.67823, 0.00010406971, 0.0, -2.4808826, 0.5745461, 0.48999998, 18.319155
605, 646, -0.0011999999405816197, -0.7739999616751447, False, 22.558228, 8.6545944e-05, 0.0, -4.731285, 0.75279444, 0.48999998, 18.158678
605, 647, -0.0011999999405816197, -0.7751999616157264, False, 22.438225, -0.61009884, 0.0, -6.7427382, 1.0268044, 0.48999998, 17.91551
605, 648, -0.0011999999405816197, -0.776399961556308, False, 22.318222, -0.09926975, 0.0, -3.0050883, 1.2132434, 0.48999998, 17.742887
605, 649, -0.0011999999405816197, -0.7775999614968896, False, 22.19822, -0.0053705797, 0.0, 0.18694487, 1.2462096, 0.48999998, 17.709913
605, 650, -0.0011999999405816197, -0.7787999614374712, False, 22.078217, 0.17906177, 0.0, 2.643529, 1.1700258, 0.48999998, 17.790363
605, 651, -0.0011999999405816197, -0.7799999613780528, False, 21.958214, -0.26447606, 0.0, 4.8753357, 0.9931233, 0.48999998, 17.965925
605, 652, -0.0011999999405816197, -0.7811999613186345, False, 21.838211, -0.20433605, 0.0, 1.2811767, 0.88450307, 0.48999998, 18.06616
605, 653, -0.0011999999405816197, -0.7823999612592161, False, 21.718208, -0.097842574, 0.0, -1.5137175, 0.906456, 0.48999998, 18.031698
605, 654, -0.0011999999405816197, -0.7835999611997977, False, 21.598206, -0.0792526, 0.0, -3.854174, 1.0267832, 0.48999998, 17.890482
605, 655, -0.0011999999405816197, -0.7847999611403793, False, 21.478203, 0.06276913, 0.0, -0.3514473, 1.0856167, 0.48999998, 17.822678
605, 656, -0.0011999999405816197, -0.7859999610809609, False, 21.3582, 0.1741277, 0.0, 2.153452, 1.0384711, 0.48999998, 17.887943
605, 657, -0.0011999999405816197, -0.7871999610215425, False, 21.238197, 0.51002216, 0.0, 4.4023952, 0.8952279, 0.48999998, 18.056852
605, 658, -0.0011999999405816197, -0.7883999609621242, False, 21.118195, -0.14536738, 0.0, 6.492869, 0.6568745, 0.48999998, 18.31206
605, 659, -0.0011999999405816197, -0.7895999609027058, False, 20.998192, 1.3140999, -0.04796152, 1.4593589, 0.49067822, 0.4892634, 18.560362
605, 660, -0.0011999999405816197, -0.7907999608432874, False, 20.87819, 0.8514134, 0.0, -1.4837141, 0.557931, 0.4899941, 18.57994
605, 661, -0.0011999999405816197, -0.791999960783869, False, 20.758186, 0.6918014, 0.0, -3.8374085, 0.7245138, 0.48999995, 18.489555
605, 662, -0.0011999999405816197, -0.7931999607244506, False, 20.638184, 0.60584605, 0.0, -0.33871806, 0.8160044, 0.49, 18.456219
605, 663, -0.0011999999405816197, -0.7943999606650323, False, 20.51818, 0.46065843, 0.0, -2.8024602, 0.9186015, 0.49, 18.386967
605, 664, -0.0011999999405816197, -0.7955999606056139, False, 20.398178, 0.38587642, 0.0, -5.0245686, 1.1094645, 0.49, 18.211641
605, 665, -0.0011999999405816197, -0.7967999605461955, False, 20.278175, 0.33181, 0.0, -7.0390167, 1.3812542, 0.49, 17.941082
605, 666, -0.0011999999405816197, -0.7979999604867771, False, 20.158173, -0.15821123, 0.0, -3.2462711, 1.5724965, 0.49, 17.751453
605, 667, -0.0011999999405816197, -0.7991999604273587, False, 20.03817, -0.10594349, 0.0, 0.05201219, 1.6106194, 0.49, 17.706066
605, 668, -0.0011999999405816197, -0.8003999603679404, False, 19.918167, 0.0943495, 0.0, 2.5303116, 1.5226877, 0.49, 17.760645
605, 669, -0.0011999999405816197, -0.801599960308522, False, 19.798164, 0.4806142, 0.0, 4.749015, 1.3138243, 0.49, 17.883997
605, 670, -0.0011999999405816197, -0.8027999602491036, False, 19.678162, 1.0220087, 0.0, 6.7163315, 0.98772556, 0.49, 18.054789
605, 671, -0.0011999999405816197, -0.8039999601896852, False, 19.558159, 1.6816871, 0.0, 8.442636, 0.54948676, 0.49, 18.25312
605, 672, -0.0011999999405816197, -0.8051999601302668, False, 19.438156, 2.8344017e-08, -1.4901161e-08, 9.208435e-09, 0.49518204, 0.49, 18.322702
605, 673, -0.0011999999405816197, -0.8063999600708485, False, 19.318153, 0.0, 0.0, 0.0, 0.49996147, 0.49, 18.322859
605, 674, -0.0011999999405816197, -0.8075999600114301, False, 19.19815, 5.162017e-08, -1.4901161e-08, 2.9800539e-08, 0.49999973, 0.49, 18.322989
605, 675, -0.0011999999405816197, -0.8087999599520117, False, 19.078148, 0.0, 0.0, 0.0, 0.5, 0.49, 18.32316
605, 676, -0.0011999999405816197, -0.8099999598925933, False, 18.958145, 0.00014515877, -4.7013164e-05, 0.00013069261, 0.5, 0.48999122, 18.323399
605, 677, -0.0011999999405816197, -0.8111999598331749, False, 18.838142, 0.0001039505, 0.0, -2.480883, 0.5745462, 0.48999995, 18.25629
605, 678, -0.0011999999405816197, -0.8123999597737566, False, 18.71814, 8.6545944e-05, 0.0, -4.731285, 0.75279474, 0.49, 18.095814
605, 679, -0.0011999999405816197, -0.8135999597143382, False, 18.598137, 0.29573762, 0.0, -2.8132558, 0.9046185, 0.49, 17.959127
605, 680, -0.0011999999405816197, -0.8147999596549198, False, 18.478134, 0.24771428, 0.0, -5.0334196, 1.0893359, 0.49, 17.77751
605, 681, -0.0011999999405816197, -0.8159999595955014, False, 18.358131, 0.2130096, 0.0, -7.0467453, 1.3558819, 0.49, 17.501577
605, 682, -0.0011999999405816197, -0.817199959536083, False, 18.238129, -0.2579, 0.0, -3.2424798, 1.5426688, 0.49, 17.30737
605, 683, -0.0011999999405816197, -0.8183999594766647, False, 18.118126, -0.17834093, 0.0, 0.06980785, 1.5773029, 0.49, 17.258537
605, 684, -0.0011999999405816197, -0.8195999594172463, False, 17.998123, 0.04346013, 0.0, 2.5532808, 1.4864705, 0.49, 17.31095
605, 685, -0.0011999999405816197, -0.8207999593578279, False, 17.87812, 0.44063544, 0.0, 4.774136, 1.2751417, 0.49, 17.432611
605, 686, -0.0011999999405816197, -0.8219999592984095, False, 17.758118, 0.99033093, 0.0, 6.742442, 0.9468784, 0.49, 17.602
605, 687, -0.0011999999405816197, -0.8231999592389911, False, 17.638115, 1.6568503, 0.0, 8.468915, 0.5067152, 0.49, 17.79914
605, 688, -0.0011999999405816197, -0.8243999591795728, False, 17.518112, -0.0028814746, 2.9802322e-08, 0.010359743, 0.5000537, 0.49, 17.799717
605, 689, -0.0011999999405816197, -0.8255999591201544, False, 17.39811, -3.0252002e-05, 0.0, 8.048413e-05, 0.5000005, 0.49, 17.799795
605, 690, -0.0011999999405816197, -0.826799959060736, False, 17.278107, 0.0, 0.0, 0.0, 0.5, 0.49, 17.79991
605, 691, -0.0011999999405816197, -0.8279999590013176, False, 17.158104, 0.0, 0.0, 0.0, 0.5, 0.49, 17.80004
605, 692, -0.0011999999405816197, -0.8291999589418992, False, 17.038101, 0.0, 0.0, 0.0, 0.5, 0.49, 17.8002
605, 693, -0.0011999999405816197, -0.8303999588824809, False, 16.918098, 0.0, 0.0, 0.0, 0.5, 0.49, 17.800371
605, 694, -0.0011999999405816197, -0.8315999588230625, False, 16.798096, 0.00014516334, -4.7013164e-05, 0.0001307766, 0.5, 0.48999122, 17.80061
605, 695, -0.0011999999405816197, -0.8327999587636441, False, 16.678093, 0.0, 0.0, 0.0, 0.5, 0.48988903, 17.801365
605, 696, -0.0011999999405816197, -0.8339999587042257, False, 16.55809, 0.0, 0.0, 0.0, 0.5, 0.4899342, 17.801512
605, 697, -0.0011999999405816197, -0.8351999586448073, False, 16.438087, 4.8222432e-08, -1.4901161e-08, 3.5033e-08, 0.5, 0.48996097, 17.80166
605, 698, -0.0011999999405816197, -0.836399958585389, False, 16.318085, 0.0, 0.0, 0.0, 0.5, 0.48997688, 17.801844
605, 699, -0.0011999999405816197, -0.8375999585259706, False, 16.198082, 0.0, 0.0, 0.0, 0.5, 0.4899863, 17.802021
605, 700, -0.0011999999405816197, -0.8387999584665522, False, 16.07808, 0.0, 0.0, 0.0, 0.5, 0.4899919, 17.802176
605, 701, -0.0011999999405816197, -0.8399999584071338, False, 15.958078, 2.5810111e-08, 0.0, 1.4900223e-08, 0.5, 0.4899952, 17.80233
605, 702, -0.0011999999405816197, -0.8411999583477154, False, 15.8380785, 0.0, 0.0, 0.0, 0.5, 0.48999715, 17.802473
605, 703, -0.0011999999405816197, -0.8423999582882971, False, 15.718079, 0.0, 0.0, 0.0, 0.5, 0.4899983, 17.802568
605, 704, -0.0011999999405816197, -0.8435999582288787, False, 15.598079, 2.9151305e-08, 0.0, 6.1951475e-09, 0.5, 0.489999, 17.802628
605, 705, -0.0011999999405816197, -0.8447999581694603, False, 15.478079, 2.8344042e-08, -1.4901161e-08, 9.208351e-09, 0.5, 0.4899994, 17.802675
605, 706, -0.0011999999405816197, -0.8459999581100419, False, 15.358079, 0.0, 0.0, 0.0, 0.5, 0.48999965, 17.802755
605, 707, -0.0011999999405816197, -0.8471999580506235, False, 15.238079, 0.0, 0.0, 0.0, 0.5, 0.4899998, 17.80287
605, 708, -0.0011999999405816197, -0.8483999579912052, False, 15.118079, 0.0, 0.0, 0.0, 0.5, 0.4899998, 17.803
605, 709, -0.0011999999405816197, -0.8495999579317868, False, 14.998079, -3.5032933e-08, 1.4901161e-08, 4.8222475e-08, 0.5, 0.4899999, 17.803171
605, 710, -0.0011999999405816197, -0.8507999578723684, False, 14.878079, 0.0, 1.4901161e-08, 0.0, 0.5, 0.48999992, 17.803354
605, 711, -0.0011999999405816197, -0.85199995781295, False, 14.75808, 0.0, 0.0, 0.0, 0.5, 0.48999992, 17.8035
605, 712, -0.0011999999405816197, -0.8531999577535316, False, 14.63808, 0.0, 0.0, 0.0, 0.5, 0.48999992, 17.803595
605, 713, -0.0011999999405816197, -0.8543999576941133, False, 14.51808, 0.0, 0.0, 0.0, 0.5, 0.48999992, 17.803675
605, 714, -0.0011999999405816197, -0.8555999576346949, False, 14.39808, 0.0, 0.0, 0.0, 0.5, 0.48999992, 17.803804
605, 715, -0.0011999999405816197, -0.8567999575752765, False, 14.27808, 0.16571915, 0.0, -2.474432, 0.5855652, 0.49, 17.75151
605, 716, -0.0011999999405816197, -0.8579999575158581, False, 14.15808, 0.078063965, 0.0, 0.66041696, 0.60315484, 0.49, 17.746649
605, 717, -0.0011999999405816197, -0.8591999574564397, False, 14.03808, -0.16692114, 0.0, 3.076891, 0.4957845, 0.49, 17.832632
605, 718, -0.0011999999405816197, -0.8603999573970214, False, 13.91808, -4.4296396e-08, 1.4901161e-08, -3.9881613e-08, 0.49996626, 0.48924148, 17.843655
605, 719, -0.0011999999405816197, -0.861599957337603, False, 13.79808, 0.0, 0.0, -2.4810271, 0.57418317, 0.48999393, 17.776834
605, 720, -0.0011999999405816197, -0.8627999572781846, False, 13.678081, -2.3841858e-07, 0.0, -4.7314157, 0.7524319, 0.48999992, 17.61635
605, 721, -0.0011999999405816197, -0.8639999572187662, False, 13.558081, -0.209726, 0.0, -1.136066, 0.85416794, 0.49, 17.52147
605, 722, -0.0011999999405816197, -0.8651999571593478, False, 13.438081, -0.16102022, 0.0, 1.6048293, 0.8145802, 0.49, 17.546246
605, 723, -0.0011999999405816197, -0.8663999570999295, False, 13.318081, 0.1853106, 0.0, 3.9364893, 0.6656564, 0.49, 17.665586
605, 724, -0.0011999999405816197, -0.8675999570405111, False, 13.198081, 0.25888813, -0.018994436, 0.46938264, 0.50138533, 0.48942667, 17.802366
605, 725, -0.0011999999405816197, -0.8687999569810927, False, 13.078081, -0.00076532026, 0.0, 0.0020863148, 0.5000111, 0.4895489, 17.803278
605, 726, -0.0011999999405816197, -0.8699999569216743, False, 12.958081, -5.8649734e-06, -1.4901161e-08, 1.8149405e-05, 0.5000001, 0.48973265, 17.803293
605, 727, -0.0011999999405816197, -0.8711999568622559, False, 12.838081, 0.0, 0.0, 0.0, 0.5, 0.48984155, 17.803307
605, 728, -0.0011999999405816197, -0.8723999568028376, False, 12.718081, 0.0, 0.0, 0.0, 0.5, 0.48990607, 17.803349
605, 729, -0.0011999999405816197, -0.8735999567434192, False, 12.598082, 2.5810152e-08, 0.0, 1.4900152e-08, 0.5, 0.48994434, 17.80345
605, 730, -0.0011999999405816197, -0.8747999566840008, False, 12.478082, 2.5810152e-08, -1.4901161e-08, 1.4900152e-08, 0.5, 0.48996705, 17.803589
605, 731, -0.0011999999405816197, -0.8759999566245824, False, 12.358082, 2.7226253e-08, -1.4901161e-08, 1.2120623e-08, 0.5, 0.4899805, 17.80372
605, 732, -0.0011999999405816197, -0.877199956565164, False, 12.238082, 0.0, 0.0, 0.0, 0.5, 0.4899884, 17.803812
605, 733, -0.0011999999405816197, -0.8783999565057456, False, 12.118082, 0.0, 0.0, 0.0, 0.5, 0.4899931, 17.803867
605, 734, -0.0011999999405816197, -0.8795999564463273, False, 11.998082, 0.0, 0.0, 0.0, 0.5, 0.4899959, 17.803913
605, 735, -0.0011999999405816197, -0.8807999563869089, False, 11.878082, 2.9850522e-09, -1.4901161e-08, 6.6573136e-08, 0.5, 0.4899976, 17.803993
605, 736, -0.0011999999405816197, -0.8819999563274905, False, 11.758082, 0.0, 0.0, 0.0, 0.5, 0.4899986, 17.804123
605, 737, -0.0011999999405816197, -0.8831999562680721, False, 11.6380825, 0.0, 0.0, 0.0, 0.5, 0.48999915, 17.804293
605, 738, -0.0011999999405816197, -0.8843999562086537, False, 11.518083, 4.822257e-08, -1.4901161e-08, 3.5032805e-08, 0.5, 0.4899995, 17.804487
605, 739, -0.0011999999405816197, -0.8855999561492354, False, 11.398083, 0.0, 0.0, 0.0, 0.5, 0.4899997, 17.80467
605, 740, -0.0011999999405816197, -0.886799956089817, False, 11.278083, 0.0, 0.0, 0.0, 0.5, 0.4899998, 17.804815
605, 741, -0.0011999999405816197, -0.8879999560303986, False, 11.158083, 0.0, 0.0, 0.0, 0.5, 0.4899998, 17.804945
605, 742, -0.0011999999405816197, -0.8891999559709802, False, 11.038083, 0.0, 0.0, 0.0, 0.5, 0.4899998, 17.805117
605, 743, -0.0011999999405816197, -0.8903999559115618, False, 10.918083, 0.0, 0.0, 0.0, 0.5, 0.4899998, 17.805311
605, 744, -0.0011999999405816197, -0.8915999558521435, False, 10.798083, 0.0, 0.0, 0.0, 0.5, 0.4899998, 17.805494
605, 745, -0.0011999999405816197, -0.8927999557927251, False, 10.678083, 2.4241146e-08, 0.0, -5.4452556e-08, 0.5, 0.4899998, 17.80564
605, 746, -0.0011999999405816197, -0.8939999557333067, False, 10.558084, 2.5810186e-08, 0.0, 1.4900095e-08, 0.5, 0.4899998, 17.805769
605, 747, -0.0011999999405816197, -0.8951999556738883, False, 10.438084, 0.0, 0.0, 0.0, 0.5, 0.4899998, 17.80594
605, 748, -0.0011999999405816197, -0.89639995561447, False, 10.318084, 0.0, 0.0, 0.0, 0.5, 0.4899998, 17.806135
605, 749, -0.0011999999405816197, -0.8975999555550516, False, 10.198084, 0.00014449963, -4.6789646e-05, 0.00013017759, 0.5, 0.48999122, 17.806372
605, 750, -0.0011999999405816197, -0.8987999554956332, False, 10.078084, 0.00010371208, 0.0, -2.4808834, 0.57454664, 0.48999995, 17.739265
605, 751, -0.0011999999405816197, -0.8999999554362148, False, 9.958084, -0.0057143867, 0.0, 0.666338, 0.5859481, 0.49, 17.7264
605, 752, -0.0011999999405816197, -0.9011999553767964, False, 9.838084, -0.23197007, 0.0, 3.0751493, 0.47585312, 0.49, 17.809177
605, 753, -0.0011999999405816197, -0.902399955317378, False, 9.718084, 0.0, 0.0, 0.0, 0.4998068, 0.48968717, 17.811825
605, 754, -0.0011999999405816197, -0.9035999552579597, False, 9.598084, 8.142055e-08, -1.4901161e-08, -2.1820188e-08, 0.49999845, 0.4898146, 17.811914
605, 755, -0.0011999999405816197, -0.9047999551985413, False, 9.478085, 0.0, 0.0, 0.0, 0.5, 0.48989016, 17.812012
605, 756, -0.0011999999405816197, -0.9059999551391229, False, 9.358085, 0.0, 0.0, 0.0, 0.5, 0.48993492, 17.812132
605, 757, -0.0011999999405816197, -0.9071999550797045, False, 9.238085, 0.0, 0.0, 0.0, 0.5, 0.48996142, 17.812254
605, 758, -0.0011999999405816197, -0.9083999550202861, False, 9.118085, 0.0, 0.0, 0.0, 0.5, 0.48997712, 17.81234
605, 759, -0.0011999999405816197, -0.9095999549608678, False, 8.998085, 0.0, 0.0, 0.0, 0.5, 0.48998648, 17.812414
605, 760, -0.0011999999405816197, -0.9107999549014494, False, 8.878085, 0.0, 0.0, 0.0, 0.5, 0.489992, 17.812542
605, 761, -0.0011999999405816197, -0.911999954842031, False, 8.758085, 0.0, 1.4901161e-08, 0.0, 0.5, 0.4899953, 17.81271
605, 762, -0.0011999999405816197, -0.9131999547826126, False, 8.638085, 0.00013754079, -4.452467e-05, 0.00012383188, 0.5, 0.48999044, 17.812939
605, 763, -0.0011999999405816197, -0.9143999547231942, False, 8.5180855, -0.16560757, 0.0, -2.474307, 0.57617503, 0.48999992, 17.747742
605, 764, -0.0011999999405816197, -0.9155999546637759, False, 8.398086, -0.08729054, 0.0, 0.6683124, 0.58517826, 0.49, 17.730726
605, 765, -0.0011999999405816197, -0.9167999546043575, False, 8.278086, -0.08443457, -0.039486095, 0.83045876, 0.50360745, 0.48922545, 17.774927
605, 766, -0.0011999999405816197, -0.9179999545449391, False, 8.158086, -0.0024952802, 1.4901161e-08, 0.0052216374, 0.5000289, 0.4895409, 17.775202
605, 767, -0.0011999999405816197, -0.9191999544855207, False, 8.038086, -1.9392848e-05, 0.0, 4.3562075e-05, 0.50000024, 0.48972788, 17.775225
605, 768, -0.0011999999405816197, -0.9203999544261023, False, 7.918086, 0.0, 0.0, 0.0, 0.50000006, 0.4898387, 17.77525
605, 769, -0.0011999999405816197, -0.921599954366684, False, 7.798086, 0.0, 0.0, 0.0, 0.50000006, 0.48990443, 17.775282
605, 770, -0.0011999999405816197, -0.9227999543072656, False, 7.6780863, 0.0, -1.4901161e-08, 0.0, 0.50000006, 0.48994333, 17.775341
605, 771, -0.0011999999405816197, -0.9239999542478472, False, 7.5580864, 0.0, 0.0, 0.0, 0.50000006, 0.48996642, 17.775454
605, 772, -0.0011999999405816197, -0.9251999541884288, False, 7.4380865, 0.0, 0.0, 0.0, 0.50000006, 0.48998007, 17.775612
605, 773, -0.0011999999405816197, -0.9263999541290104, False, 7.3180866, 0.000113660615, -3.6790967e-05, 0.000102251506, 0.50000006, 0.48998776, 17.775814
605, 774, -0.0011999999405816197, -0.9275999540695921, False, 7.1980867, 9.644535e-08, -2.9802322e-08, 7.0065326e-08, 0.50000006, 0.48988807, 17.776562
605, 775, -0.0011999999405816197, -0.9287999540101737, False, 7.078087, 0.0, 0.0, 0.0, 0.50000006, 0.48993364, 17.776722
605, 776, -0.0011999999405816197, -0.9299999539507553, False, 6.958087, 0.0, 0.0, 0.0, 0.50000006, 0.48996067, 17.776884
605, 777, -0.0011999999405816197, -0.9311999538913369, False, 6.838087, 0.0, 0.0, 0.0, 0.50000006, 0.48997667, 17.777016
605, 778, -0.0011999999405816197, -0.9323999538319185, False, 6.718087, 0.0, 0.0, 0.0, 0.50000006, 0.48998618, 17.777107
605, 779, -0.0011999999405816197, -0.9335999537725002, False, 6.5980873, 0.0, 0.0, 0.0, 0.50000006, 0.48999178, 17.777163
605, 780, -0.0011999999405816197, -0.9347999537130818, False, 6.4780874, 0.0, 0.0, 0.0, 0.50000006, 0.48999512, 17.777208
605, 781, -0.0011999999405816197, -0.9359999536536634, False, 6.3580875, 0.0, 0.0, 0.0, 0.50000006, 0.48999712, 17.777288
605, 782, -0.0011999999405816197, -0.937199953594245, False, 6.2380877, 2.5810227e-08, -1.4901161e-08, 1.4900021e-08, 0.50000006, 0.4899983, 17.777418
605, 783, -0.0011999999405816197, -0.9383999535348266, False, 6.118088, 4.8222713e-08, -1.4901161e-08, 3.503261e-08, 0.50000006, 0.489999, 17.777588
605, 784, -0.0011999999405816197, -0.9395999534754083, False, 5.998088, 1.3190103e-08, -1.4901161e-08, 8.325533e-08, 0.50000006, 0.4899994, 17.777782
605, 785, -0.0011999999405816197, -0.9407999534159899, False, 5.878088, 0.00014409694, -4.6670437e-05, 0.00012973405, 0.50000006, 0.48999116, 17.778019
605, 786, -0.0011999999405816197, -0.9419999533565715, False, 5.758088, 4.8222713e-08, -1.4901161e-08, 3.503261e-08, 0.50000006, 0.48988903, 17.778774
605, 787, -0.0011999999405816197, -0.9431999532971531, False, 5.638088, 0.0, 0.0, 0.0, 0.50000006, 0.4899342, 17.778921
605, 788, -0.0011999999405816197, -0.9443999532377347, False, 5.5180883, 0.0, 0.0, 0.0, 0.50000006, 0.48996097, 17.779043
605, 789, -0.0011999999405816197, -0.9455999531783164, False, 5.3980885, 0.0, 0.0, 0.0, 0.50000006, 0.48997688, 17.779129
605, 790, -0.0011999999405816197, -0.946799953118898, False, 5.2780886, 0.0, -1.4901161e-08, 0.0, 0.50000006, 0.4899863, 17.779184
605, 791, -0.0011999999405816197, -0.9479999530594796, False, 5.1580887, 0.0, 0.0, 0.0, 0.50000006, 0.4899919, 17.779203
605, 792, -0.0011999999405816197, -0.9491999530000612, False, 5.038089, 0.0, 0.0, 0.0, 0.50000006, 0.4899952, 17.779203
605, 793, -0.0011999999405816197, -0.9503999529406428, False, 4.918089, 0.0, 0.0, 0.0, 0.50000006, 0.48999715, 17.779203
605, 794, -0.0011999999405816197, -0.9515999528812245, False, 4.798089, 0.0, 0.0, 0.0, 0.50000006, 0.4899983, 17.779203
605, 795, -0.0011999999405816197, -0.9527999528218061, False, 4.678089, 0.0, 0.0, 0.0, 0.50000006, 0.489999, 17.779196
605, 796, -0.0011999999405816197, -0.9539999527623877, False, 4.5580893, 0.0, 0.0, 0.0, 0.50000006, 0.4899994, 17.779148
605, 797, -0.0011999999405816197, -0.9551999527029693, False, 4.4380894, 0.0, 1.4901161e-08, 0.0, 0.50000006, 0.48999965, 17.779068
605, 798, -0.0011999999405816197, -0.9563999526435509, False, 4.3180895, -0.1657188, 0.0, -2.4744325, 0.590559, 0.49, 17.82214
605, 799, -0.0011999999405816197, -0.9575999525841326, False, 4.1980896, -0.5343276, 0.0, -4.6925287, 0.80098736, 0.49, 17.936508
605, 800, -0.0011999999405816197, -0.9587999525247142, False, 4.0780897, -1.062315, 0.0, -6.6607814, 1.111085, 0.49, 18.129318
605, 801, -0.0011999999405816197, -0.9599999524652958, False, 3.9580898, -1.7110643, 0.0, -8.38909, 1.5011148, 0.49, 18.405968
605, 802, -0.0011999999405816197, -0.9611999524058774, False, 3.83809, -2.4466867, 0.0, -9.889965, 1.9518839, 0.49, 18.77013
605, 803, -0.0011999999405816197, -0.962399952346459, False, 3.71809, -1.0418229, 0.0, -11.628334, 2.4491248, 0.49, 19.220684
605, 804, -0.0011999999405816197, -0.9635999522870407, False, 3.5980902, 0.34836388, 0.0, -13.061645, 2.99855, 0.49, 19.74097
605, 805, -0.0011999999405816197, -0.9647999522276223, False, 3.4780903, 1.7054572, 0.0, -14.225249, 3.6078172, 0.49, 20.311975
605, 806, -0.0011999999405816197, -0.9659999521682039, False, 3.3580904, 3.0133095, 0.0, -15.150695, 4.2822223, 0.49, 20.915525
605, 807, -0.0011999999405816197, -0.9671999521087855, False, 3.2380905, 4.2585697, 0.0, -15.866988, 5.024895, 0.49, 21.534256
605, 808, -0.0011999999405816197, -0.9683999520493671, False, 3.1180906, 5.020393, 0.0, -10.801464, 5.627672, 0.49, 22.063515
605, 809, -0.0011999999405816197, -0.9695999519899487, False, 2.9980907, 4.433104, 0.0, -12.301219, 6.216028, 0.49, 22.546347
605, 810, -0.0011999999405816197, -0.9707999519305304, False, 2.8780909, 2.9281054, 0.0, -8.396744, 6.6795473, 0.49, 22.950897
605, 811, -0.0011999999405816197, -0.971999951871112, False, 2.758091, 1.9324627, 0.0, -4.7348866, 6.932249, 0.49, 23.234875
605, 812, -0.0011999999405816197, -0.9731999518116936, False, 2.638091, 1.3164297, 0.0, -1.3723643, 7.0056057, 0.49, 23.391119
605, 813, -0.0011999999405816197, -0.9743999517522752, False, 2.5180912, 0.9845985, 0.0, 1.3431408, 6.9428477, 0.49, 23.41966
605, 814, -0.0011999999405816197, -0.9755999516928568, False, 2.3980913, 1.0849757, 0.0, 3.6170878, 6.779222, 0.49, 23.3376
605, 815, -0.0011999999405816197, -0.9767999516334385, False, 2.2780914, 0.41044617, 0.0, 5.840501, 6.530562, 0.49, 23.152458
605, 816, -0.0011999999405816197, -0.9779999515740201, False, 2.1580915, -0.36207008, 0.0, 7.781002, 6.195238, 0.49, 22.884119
605, 817, -0.0011999999405816197, -0.9791999515146017, False, 2.0380917, -1.2131248, 0.0, 9.460976, 5.7702246, 0.49, 22.554024
605, 818, -0.0011999999405816197, -0.9803999514551833, False, 1.9180918, -2.1176114, 0.0, 10.899647, 5.254616, 0.49, 22.182251
605, 819, -0.0011999999405816197, -0.981599951395765, False, 1.7980919, -3.0513802, 0.0, 12.116122, 4.6493335, 0.49, 21.787695
605, 820, -0.0011999999405816197, -0.9827999513363466, False, 1.678092, -3.9930525, 0.0, 13.12969, 3.956958, 0.49, 21.388079
605, 821, -0.0011999999405816197, -0.9839999512769282, False, 1.5580921, -4.9244504, 0.0, 13.959681, 3.1815934, 0.49, 20.999918
605, 822, -0.0011999999405816197, -0.9851999512175098, False, 1.4380922, -5.8306146, 0.0, 14.625168, 2.3287454, 0.49, 20.638474
605, 823, -0.0011999999405816197, -0.9863999511580914, False, 1.3180923, -6.6996183, 0.0, 15.144711, 1.4051989, 0.49, 20.317678
605, 824, -0.0011999999405816197, -0.987599951098673, False, 1.1980925, -7.522297, 0.0, 15.536136, 0.41889292, 0.49, 20.050085
605, 825, -0.0011999999405816197, -0.9887999510392547, False, 1.0780926, 0.0, 0.0, 0.0, 0.49935108, 0.49, 20.04956
605, 826, -0.0011999999405816197, -0.9899999509798363, False, 0.9580926, 2.4241007e-08, 0.0, -5.4452613e-08, 0.49999478, 0.49, 20.049679
605, 827, -0.0011999999405816197, -0.9911999509204179, False, 0.8380925, 0.0, 0.0, 0.0, 0.49999997, 0.49, 20.049809
605, 828, -0.0011999999405816197, -0.9923999508609995, False, 0.71809244, 0.0, 0.0, 0.0, 0.49999997, 0.49, 20.04998
605, 829, -0.0011999999405816197, -0.9935999508015811, False, 0.5980924, 0.00014502712, -4.6938658e-05, 0.0001305716, 0.49999997, 0.48999125, 20.050219
605, 830, -0.0011999999405816197, -0.9947999507421628, False, 0.47809234, 0.00010383129, 0.0, -2.4808831, 0.57454675, 0.48999998, 19.983112
605, 831, -0.0011999999405816197, -0.9959999506827444, False, 0.35809237, -0.14008838, 0.0, -1.3333815, 0.6497268, 0.48999998, 19.915432
605, 832, -0.0011999999405816197, -0.997199950623326, False, 0.2380924, -0.0011897087, 0.0, 1.4841868, 0.614806, 0.48999998, 19.932102
605, 833, -0.0011999999405816197, -0.9983999505639076, False, 0.11809241, 0.30313492, 0.0, 3.8135624, 0.4543774, 0.48999998, 20.021671
605, 834, -0.0011999999405816197, -0.9995999505044892, True, 0.0, 0.0, 0.0, 0.0, 0.49817508, 0.49, 20.022057
