episode, step, reward, cumulative reward, done, health, vx, vy, vz, px, py, pz
542, 1, 0.0, 0.0, False, 99.96, 0.0, -0.1899216, 0.0, 20.0, 0.50620157, 15.0
542, 2, -0.0011999999405816197, -0.0011999999405816197, False, 99.84, -0.07695181, -0.06980896, 1.510284, 20.002218, 0.49034908, 15.047118
542, 3, -0.0011999999405816197, -0.0023999998811632395, False, 99.71999, -0.36367092, -0.0005579144, 3.7931688, 20.020002, 0.4900028, 15.2293005
542, 4, -0.0011999999405816197, -0.0035999998217448592, False, 99.59999, -0.8288605, -4.7683716e-06, 5.864388, 20.068632, 0.49000004, 15.539558
542, 5, -0.0011999999405816197, -0.004799999762326479, False, 99.47999, -0.9964285, 0.0, 2.0971339, 20.087246, 0.49000004, 15.747104
542, 6, -0.0011999999405816197, -0.005999999702908099, False, 99.359985, -1.1823783, 0.0, 4.2896605, 20.130547, 0.49000004, 15.967173
542, 7, -0.0011999999405816197, -0.0071999996434897184, False, 99.23998, -1.0746907, 0.0, 0.70403796, 20.133986, 0.49000004, 16.099157
542, 8, -0.0011999999405816197, -0.008399999584071338, False, 99.11998, -0.6503276, 0.0, -2.029552, 20.05187, 0.49000004, 16.076452
542, 9, -0.0011999999405816197, -0.009599999524652958, False, 98.99998, -0.22626159, 0.0, -1.0861819, 19.978315, 0.49000004, 16.033587
542, 10, -0.0011999999405816197, -0.010799999465234578, False, 98.879974, 0.087910056, 0.0, -3.4745135, 19.848913, 0.49000004, 15.936099
542, 11, -0.0011999999405816197, -0.011999999405816197, False, 98.75997, 0.08092533, 0.0, -0.048857044, 19.79587, 0.49000004, 15.891172
542, 12, -0.0011999999405816197, -0.013199999346397817, False, 98.63997, -0.10411155, 0.0, 2.4370348, 19.883474, 0.49000004, 15.934506
542, 13, -0.0011999999405816197, -0.014399999286979437, False, 98.519966, -0.4797485, 0.0, 4.664049, 20.099085, 0.49000004, 16.03369
542, 14, -0.0011999999405816197, -0.015599999227561057, False, 98.39996, -1.0129411, 0.0, 6.6398087, 20.436722, 0.49000004, 16.167936
542, 15, -0.0011999999405816197, -0.016799999168142676, False, 98.27996, -1.6662657, 0.0, 8.374463, 20.889183, 0.49000004, 16.317995
542, 16, -0.0011999999405816197, -0.017999999108724296, False, 98.15996, -2.4061651, 0.0, 9.880674, 21.448177, 0.49000004, 16.46611
542, 17, -0.0011999999405816197, -0.019199999049305916, False, 98.039955, -3.203367, 0.0, 11.172985, 22.104404, 0.49000004, 16.596054
542, 18, -0.0011999999405816197, -0.020399998989887536, False, 97.91995, -4.032767, 0.0, 12.267223, 22.847649, 0.49000004, 16.693161
542, 19, -0.0011999999405816197, -0.021599998930469155, False, 97.79995, -4.8731728, 0.0, 13.179974, 23.666891, 0.49000004, 16.744379
542, 20, -0.0011999999405816197, -0.022799998871050775, False, 97.67995, -5.7070284, 0.0, 13.928148, 24.550423, 0.49000004, 16.738295
542, 21, -0.0011999999405816197, -0.023999998811632395, False, 97.559944, -6.5200706, 0.0, 14.528614, 25.485952, 0.49000004, 16.665167
542, 22, -0.0011999999405816197, -0.025199998752214015, False, 97.43994, -7.3010087, 0.0, 14.997875, 26.460756, 0.49000004, 16.516943
542, 23, -0.0011999999405816197, -0.026399998692795634, False, 97.31994, -8.041202, 0.0, 15.351834, 27.461802, 0.49000004, 16.287264
542, 24, -0.0011999999405816197, -0.027599998633377254, False, 97.199936, -8.734348, 0.0, 15.605623, 28.47589, 0.49000004, 15.971455
542, 25, -0.0011999999405816197, -0.028799998573958874, False, 97.07993, -9.37616, 0.0, 15.773431, 29.489798, 0.49000004, 15.56652
542, 26, -0.0011999999405816197, -0.029999998514540493, False, 96.95993, -6.6451373, 0.0, 17.614796, 30.494745, 0.49000004, 15.074221
542, 27, -0.0011999999405816197, -0.031199998455122113, False, 96.83993, -4.056963, 0.0, 19.001266, 31.501682, 0.49000004, 14.511892
542, 28, -0.0011999999405816197, -0.03239999839570373, False, 96.719925, -1.6350756, 0.0, 19.9996, 32.523262, 0.49000004, 13.899194
542, 29, -0.0011999999405816197, -0.03359999833628535, False, 96.59992, 0.6057749, 0.0, 20.669392, 33.569397, 0.49000004, 13.254834
542, 30, -0.0011999999405816197, -0.03479999827686697, False, 96.47992, 2.657446, 0.0, 21.063755, 34.64742, 0.49000004, 12.5965805
542, 31, -0.0011999999405816197, -0.03599999821744859, False, 96.35992, 3.1350484, 0.0, 13.376232, 35.46902, 0.49000004, 12.099182
542, 32, -0.0011999999405816197, -0.03719999815803021, False, 96.239914, 2.8876534, 0.0, 8.296582, 35.996906, 0.49000004, 11.779599
542, 33, -0.0011999999405816197, -0.03839999809861183, False, 96.11991, 2.3448184, 0.0, 4.985108, 36.330578, 0.49000004, 11.577595
542, 34, -0.0011999999405816197, -0.03959999803919345, False, 95.99991, 1.7313128, 0.0, 2.859791, 36.53583, 0.49000004, 11.453337
542, 35, -0.0011999999405816197, -0.04079999797977507, False, 95.879906, 1.3454204, 0.0, -0.45576537, 36.57689, 0.49000004, 11.364126
542, 36, -0.0011999999405816197, -0.04199999792035669, False, 95.7599, 0.8401799, 0.0, -3.045561, 36.456665, 0.49000004, 11.280215
542, 37, -0.0011999999405816197, -0.04319999786093831, False, 95.6399, 0.2519114, 0.0, -5.3010535, 36.200714, 0.49000004, 11.177269
542, 38, -0.0011999999405816197, -0.04439999780151993, False, 95.5199, -0.44818616, 0.0, -7.279668, 35.826855, 0.49000004, 11.038649
542, 39, -0.0011999999405816197, -0.04559999774210155, False, 95.399895, -1.2396605, 0.0, -9.001093, 35.352333, 0.49000004, 10.851349
542, 40, -0.0011999999405816197, -0.04679999768268317, False, 95.27989, -2.0958066, 0.0, -10.482744, 34.794266, 0.49000004, 10.604818
542, 41, -0.0011999999405816197, -0.04799999762326479, False, 95.15989, -2.9910588, 0.0, -11.742422, 34.169655, 0.49000004, 10.290623
542, 42, -0.0011999999405816197, -0.04919999756384641, False, 95.03989, -3.902783, 0.0, -12.798447, 33.495308, 0.49000004, 9.902311
542, 43, -0.0011999999405816197, -0.05039999750442803, False, 94.91988, -2.0618606, 0.0, -14.392338, 32.783775, 0.49000004, 9.438868
542, 44, -0.0011999999405816197, -0.05159999744500965, False, 94.79988, -0.2937932, 0.0, -15.651669, 32.02943, 0.49000004, 8.916977
542, 45, -0.0011999999405816197, -0.05279999738559127, False, 94.67988, 0.9962311, 0.0, -11.012754, 31.412043, 0.49000004, 8.485222
542, 46, -0.0011999999405816197, -0.05399999732617289, False, 94.559875, 1.6756284, 0.0, -6.7128143, 31.014189, 0.49000004, 8.189446
542, 47, -0.0011999999405816197, -0.05519999726675451, False, 94.43987, 1.8030543, 0.0, -2.798795, 30.822222, 0.49000004, 8.002744
542, 48, -0.0011999999405816197, -0.05639999720733613, False, 94.31987, 1.4012697, 0.0, 0.5077761, 30.8148, 0.49000004, 7.9025393
542, 49, -0.0011999999405816197, -0.05759999714791775, False, 94.19987, 0.8835759, 0.0, 3.0985808, 30.958609, 0.49000004, 7.857493
542, 50, -0.0011999999405816197, -0.05879999708849937, False, 94.079865, 1.1967893, 0.0, 5.1966968, 31.236507, 0.49000004, 7.8418384
542, 51, -0.0011999999405816197, -0.05999999702908099, False, 93.95986, 1.6800528, 0.0, 7.059031, 31.633602, 0.49000004, 7.8624773
542, 52, -0.0011999999405816197, -0.06119999696966261, False, 93.83986, 1.4635592, 0.0, 8.889436, 32.135235, 0.49000004, 7.92878
542, 53, -0.0011999999405816197, -0.062399996910244226, False, 93.71986, 1.2834747, 0.0, 10.547054, 32.731117, 0.49000004, 8.037776
542, 54, -0.0011999999405816197, -0.06359999685082585, False, 93.59985, 1.1305337, 0.0, 12.049337, 33.412617, 0.49000004, 8.184777
542, 55, -0.0011999999405816197, -0.06479999679140747, False, 93.47985, -0.30954742, 0.0, 13.4498005, 34.17263, 0.49000004, 8.363231
542, 56, -0.0011999999405816197, -0.06599999673198909, False, 93.35985, -1.7082331, 0.0, 14.578948, 35.007584, 0.49000004, 8.555506
542, 57, -0.0011999999405816197, -0.0671999966725707, False, 93.239845, -0.11211491, 0.0, 9.405623, 35.65164, 0.49000004, 8.700445
542, 58, -0.0011999999405816197, -0.06839999661315233, False, 93.11984, 0.54859173, 0.0, 5.8945456, 36.059967, 0.49000004, 8.792336
542, 59, -0.0011999999405816197, -0.06959999655373394, False, 92.99984, 1.1922462, 0.0, 7.743172, 36.47905, 0.49000004, 8.899851
542, 60, -0.0011999999405816197, -0.07079999649431556, False, 92.87984, 1.2428954, 0.0, 4.7197394, 36.81336, 0.49000004, 8.990971
542, 61, -0.0011999999405816197, -0.07199999643489718, False, 92.759834, 0.4515586, 0.0, 6.849818, 37.16526, 0.49000004, 9.11336
542, 62, -0.0011999999405816197, -0.0731999963754788, False, 92.63983, 1.201128, 0.0, 8.613145, 37.61776, 0.49000004, 9.290688
542, 63, -0.0011999999405816197, -0.07439999631606042, False, 92.51983, 0.06886792, 0.0, 10.356756, 38.158497, 0.49000004, 9.523617
542, 64, -0.0011999999405816197, -0.07559999625664204, False, 92.399826, 1.2028508, 0.0, 11.811057, 38.782665, 0.49000004, 9.800253
542, 65, -0.0011999999405816197, -0.07679999619722366, False, 92.27982, 1.0623655, 0.0, 13.195365, 39.478092, 0.49000004, 10.125011
542, 66, -0.0011999999405816197, -0.07799999613780528, False, 92.15982, 3.5034468e-08, 1.4901161e-08, 4.8221363e-08, 39.508972, 0.49, 10.244694
542, 67, -0.0011999999405816197, -0.0791999960783869, False, 92.03982, 0.16571963, 0.0, -2.4744325, 39.42639, 0.49, 10.187799
542, 68, -0.0011999999405816197, -0.08039999601896852, False, 91.919815, -0.2600944, 0.0, -4.7215548, 39.224728, 0.49, 10.05824
542, 69, -0.0011999999405816197, -0.08159999595955014, False, 91.79981, 0.38742733, 0.0, -6.7576003, 38.918964, 0.49, 9.856739
542, 70, -0.0011999999405816197, -0.08279999590013176, False, 91.67981, 1.1367698, 0.0, -8.535704, 38.512264, 0.49, 9.600531
542, 71, -0.0011999999405816197, -0.08399999584071338, False, 91.55981, 1.9604502, 0.0, -10.0723505, 38.006382, 0.49, 9.309834
542, 72, -0.0011999999405816197, -0.085199995781295, False, 91.439804, 2.8317971, 0.0, -11.384577, 37.404686, 0.49, 9.003507
542, 73, -0.0011999999405816197, -0.08639999572187662, False, 91.3198, 1.2458425, 0.0, -13.0132675, 36.713108, 0.49, 8.69388
542, 74, -0.0011999999405816197, -0.08759999566245824, False, 91.1998, -0.29767084, 0.0, -14.330248, 35.94378, 0.49, 8.368642
542, 75, -0.0011999999405816197, -0.08879999560303986, False, 91.079796, -1.3891518, 0.0, -9.766365, 35.315777, 0.49, 8.109916
542, 76, -0.0011999999405816197, -0.08999999554362148, False, 90.95979, -1.8895327, 0.0, -5.55721, 34.910683, 0.49, 7.966626
542, 77, -0.0011999999405816197, -0.0911999954842031, False, 90.83979, -0.9354191, 0.0, -7.6689453, 34.514343, 0.49, 7.809085
542, 78, -0.0011999999405816197, -0.09239999542478472, False, 90.71979, -0.29244256, 0.0, -3.8719065, 34.22673, 0.49, 7.698337
542, 79, -0.0011999999405816197, -0.09359999536536634, False, 90.599785, -0.0674407, 0.0, -0.386966, 34.138863, 0.49, 7.6721797
542, 80, -0.0011999999405816197, -0.09479999530594796, False, 90.47978, -0.17326474, 0.0, 2.121293, 34.213425, 0.49, 7.6968126
542, 81, -0.0011999999405816197, -0.09599999524652958, False, 90.35978, -0.14299083, 0.0, 4.4054413, 34.426365, 0.49, 7.751395
542, 82, -0.0011999999405816197, -0.0971999951871112, False, 90.23978, 0.45778096, 0.0, 6.4616985, 34.76463, 0.49, 7.8338685
542, 83, -0.0011999999405816197, -0.09839999512769282, False, 90.119774, -0.37870145, 0.0, 8.345835, 35.214157, 0.49, 7.950877
542, 84, -0.0011999999405816197, -0.09959999506827444, False, 89.99977, 0.62257457, 0.0, 10.038292, 35.76647, 0.49, 8.092229
542, 85, -0.0011999999405816197, -0.10079999500885606, False, 89.87977, 1.6570647, 0.0, 11.473248, 36.408543, 0.49, 8.267561
542, 86, -0.0011999999405816197, -0.10199999494943768, False, 89.759766, 1.8090872, 0.0, 7.139844, 36.90771, 0.49, 8.408634
542, 87, -0.0011999999405816197, -0.1031999948900193, False, 89.63976, 0.7294593, 0.0, 9.086889, 37.39337, 0.49, 8.571609
542, 88, -0.0011999999405816197, -0.10439999483060092, False, 89.51976, 1.658797, 0.0, 10.605606, 37.967094, 0.49, 8.78602
542, 89, -0.0011999999405816197, -0.10559999477118254, False, 89.39976, 2.6198578, 0.0, 11.891779, 38.615, 0.49, 9.057487
542, 90, -0.0011999999405816197, -0.10679999471176416, False, 89.279755, 2.315086, 0.0, 13.273068, 39.32255, 0.49, 9.392554
542, 91, -0.0011999999405816197, -0.10799999465234578, False, 89.15975, -0.0004229752, -0.00014567375, 0.00038084184, 39.502815, 0.49, 9.518943
542, 92, -0.0011999999405816197, -0.1091999945929274, False, 89.03975, 0.165375, 0.0, -2.4740424, 39.426643, 0.49, 9.453762
542, 93, -0.0011999999405816197, -0.11039999453350902, False, 88.91975, 0.5340065, 0.0, -4.6922054, 39.236584, 0.49, 9.308065
542, 94, -0.0011999999405816197, -0.11159999447409064, False, 88.79974, 1.06201, 0.0, -6.6605167, 38.93433, 0.49, 9.103213
542, 95, -0.0011999999405816197, -0.11279999441467226, False, 88.67974, 0.12507868, 0.0, -8.582226, 38.52511, 0.49, 8.854613
542, 96, -0.0011999999405816197, -0.11399999435525388, False, 88.55974, 1.0834641, 0.0, -10.205179, 38.022392, 0.49, 8.559495
542, 97, -0.0011999999405816197, -0.1151999942958355, False, 88.439735, 2.0766191, 0.0, -11.582174, 37.42964, 0.49, 8.233122
542, 98, -0.0011999999405816197, -0.11639999423641711, False, 88.31973, 0.56457424, 0.0, -13.118435, 36.750893, 0.49, 7.8891816
542, 99, -0.0011999999405816197, -0.11759999417699873, False, 88.19973, -0.90718174, 0.0, -14.361149, 35.999073, 0.49, 7.5173573
542, 100, -0.0011999999405816197, -0.11879999411758035, False, 88.07973, -1.9256797, 0.0, -9.739051, 35.383205, 0.49, 7.2226524
542, 101, -0.0011999999405816197, -0.11999999405816197, False, 87.959724, -1.8509321, 0.0, -5.985054, 34.981625, 0.49, 7.036972
542, 102, -0.0011999999405816197, -0.1211999939987436, False, 87.83972, -0.8657973, 0.0, -8.050413, 34.587376, 0.49, 6.821376
542, 103, -0.0011999999405816197, -0.12239999393932521, False, 87.71972, 0.17151213, 0.0, -9.8173485, 34.110455, 0.49, 6.536864
542, 104, -0.0011999999405816197, -0.12359999387990683, False, 87.59972, 0.84714293, 0.0, -5.7074285, 33.748272, 0.49, 6.3139277
542, 105, -0.0011999999405816197, -0.12479999382048845, False, 87.47971, 0.9929415, 0.0, -1.9559131, 33.589947, 0.49, 6.1916823
542, 106, -0.0011999999405816197, -0.12599999376107007, False, 87.35971, 0.65937614, 0.0, 0.92633116, 33.60836, 0.49, 6.1525984
542, 107, -0.0011999999405816197, -0.1271999937016517, False, 87.23971, 0.26676822, 0.0, 3.3751884, 33.762722, 0.49, 6.181702
542, 108, -0.0011999999405816197, -0.1283999936422333, False, 87.119705, 0.7063296, 0.0, 5.49613, 34.042225, 0.49, 6.2602344
542, 109, -0.0011999999405816197, -0.12959999358281493, False, 86.9997, -0.076393604, 0.0, 7.4980597, 34.43295, 0.49, 6.3892713
542, 110, -0.0011999999405816197, -0.13079999352339655, False, 86.8797, 0.805619, 0.0, 9.2456, 34.927246, 0.49, 6.557046
542, 111, -0.0011999999405816197, -0.13199999346397817, False, 86.7597, -0.3341906, 0.0, 10.889889, 35.512997, 0.49, 6.766418
542, 112, -0.0011999999405816197, -0.1331999934045598, False, 86.639694, 0.9001293, 0.0, 12.329253, 36.18431, 0.49, 7.006706
542, 113, -0.0011999999405816197, -0.1343999933451414, False, 86.51969, 1.3911517, 0.0, 7.7506123, 36.705475, 0.49, 7.194581
542, 114, -0.0011999999405816197, -0.13559999328572303, False, 86.39969, 0.3123417, 0.0, 9.596978, 37.20939, 0.49, 7.3943768
542, 115, -0.0011999999405816197, -0.13679999322630465, False, 86.279686, 1.3435168, 0.0, 11.1034155, 37.799973, 0.49, 7.6413884
542, 116, -0.0011999999405816197, -0.13799999316688627, False, 86.15968, 2.3918662, 0.0, 12.368688, 38.463417, 0.49, 7.9418445
542, 117, -0.0011999999405816197, -0.1391999931074679, False, 86.03968, 2.1152654, 0.0, 13.704403, 39.18526, 0.49, 8.302782
542, 118, -0.0011999999405816197, -0.1403999930480495, False, 85.91968, -7.715455e-07, -1.4901161e-08, 5.605464e-07, 39.539116, 0.49, 8.576244
542, 119, -0.0011999999405816197, -0.14159999298863113, False, 85.799675, 0.16571867, -1.4901161e-08, -2.4744318, 39.439064, 0.49, 8.529295
542, 120, -0.0011999999405816197, -0.14279999292921275, False, 85.67967, -0.2600956, -1.4901161e-08, -4.721555, 39.237396, 0.49, 8.399735
542, 121, -0.0011999999405816197, -0.14399999286979437, False, 85.55967, 0.3874266, -1.4901161e-08, -6.7576, 38.931633, 0.49, 8.198237
542, 122, -0.0011999999405816197, -0.145199992810376, False, 85.43967, 0.3367839, -1.4901161e-08, -8.610762, 38.52619, 0.49, 7.9397135
542, 123, -0.0011999999405816197, -0.1463999927509576, False, 85.319664, 1.2706037, -1.4901161e-08, -10.211652, 38.027897, 0.49, 7.633719
542, 124, -0.0011999999405816197, -0.14759999269153923, False, 85.19966, 2.241137, -1.4901161e-08, -11.571251, 37.438988, 0.49, 7.2977653
542, 125, -0.0011999999405816197, -0.14879999263212085, False, 85.07966, 0.71008444, -1.4901161e-08, -13.124402, 36.763607, 0.49, 6.9453616
542, 126, -0.0011999999405816197, -0.14999999257270247, False, 84.959656, -0.7796502, -1.4901161e-08, -14.380139, 36.01475, 0.49, 6.5660443
542, 127, -0.0011999999405816197, -0.1511999925132841, False, 84.83965, -1.8158543, -1.4901161e-08, -9.767656, 35.401485, 0.49, 6.264717
542, 128, -0.0011999999405816197, -0.1523999924538657, False, 84.71965, -2.2577715, -1.4901161e-08, -5.523539, 34.999702, 0.49, 6.098618
542, 129, -0.0011999999405816197, -0.15359999239444733, False, 84.59965, -1.2556641, -1.4901161e-08, -7.6761127, 34.60983, 0.49, 5.9165864
542, 130, -0.0011999999405816197, -0.15479999233502895, False, 84.479645, -0.5620345, -1.4901161e-08, -3.9103484, 34.324764, 0.49, 5.7900796
542, 131, -0.0011999999405816197, -0.15599999227561057, False, 84.35964, -0.5173116, -1.4901161e-08, -0.3976106, 34.228397, 0.49, 5.7690744
542, 132, -0.0011999999405816197, -0.15719999221619219, False, 84.23964, -0.4809863, -1.4901161e-08, 2.108905, 34.28067, 0.49, 5.8326287
542, 133, -0.0011999999405816197, -0.1583999921567738, False, 84.11964, -0.031892776, -1.4901161e-08, 4.421318, 34.456356, 0.49, 5.966289
542, 134, -0.0011999999405816197, -0.15959999209735543, False, 83.99963, -0.6080115, -1.4901161e-08, 6.4602513, 34.73916, 0.49, 6.170642
542, 135, -0.0011999999405816197, -0.16079999203793705, False, 83.87963, -1.2986093, -1.4901161e-08, 8.247993, 35.125385, 0.49, 6.428909
542, 136, -0.0011999999405816197, -0.16199999197851866, False, 83.75963, -2.0731993, -1.4901161e-08, 9.798793, 35.61292, 0.49, 6.7211137
542, 137, -0.0011999999405816197, -0.16319999191910028, False, 83.639626, -0.7230811, -1.4901161e-08, 11.50984, 36.19648, 0.49, 7.033594
542, 138, -0.0011999999405816197, -0.1643999918596819, False, 83.51962, 0.30744863, -1.4901161e-08, 7.3195014, 36.653767, 0.49, 7.2725973
542, 139, -0.0011999999405816197, -0.16559999180026352, False, 83.39962, -0.5885155, -1.4901161e-08, 9.105778, 37.106834, 0.49, 7.511686
542, 140, -0.0011999999405816197, -0.16679999174084514, False, 83.27962, 0.5106554, -1.4901161e-08, 10.743411, 37.652042, 0.49, 7.7927446
542, 141, -0.0011999999405816197, -0.16799999168142676, False, 83.159615, 1.6266937, -1.4901161e-08, 12.11937, 38.274906, 0.49, 8.122873
542, 142, -0.0011999999405816197, -0.16919999162200838, False, 83.03961, 1.4376602, -1.4901161e-08, 13.475946, 38.96043, 0.49, 8.509776
542, 143, -0.0011999999405816197, -0.17039999156259, False, 82.91961, 1.2734542, -1.4901161e-08, 14.705656, 39.701584, 0.49, 8.94986
542, 144, -0.0011999999405816197, -0.17159999150317162, False, 82.79961, 0.08564478, -1.4901161e-08, -1.6783091, 39.47985, 0.49, 8.932584
542, 145, -0.0011999999405816197, -0.17279999144375324, False, 82.6796, 0.39170337, -1.4901161e-08, -3.9813223, 39.312225, 0.49, 8.833635
542, 146, -0.0011999999405816197, -0.17399999138433486, False, 82.5596, -0.2076745, -1.4901161e-08, -6.101922, 39.025696, 0.49, 8.680114
542, 147, -0.0011999999405816197, -0.17519999132491648, False, 82.4396, 0.5608933, -1.4901161e-08, -7.998131, 38.63469, 0.49, 8.470487
542, 148, -0.0011999999405816197, -0.1763999912654981, False, 82.319595, -0.43173218, -1.4901161e-08, -9.741562, 38.14574, 0.49, 8.216229
542, 149, -0.0011999999405816197, -0.17759999120607972, False, 82.19959, 0.7069535, -1.4901161e-08, -11.30237, 37.571224, 0.49, 7.915053
542, 150, -0.0011999999405816197, -0.17879999114666134, False, 82.07959, 1.8524518, -1.4901161e-08, -12.605623, 36.91372, 0.49, 7.5825
542, 151, -0.0011999999405816197, -0.17999999108724296, False, 81.95959, 0.27383852, -1.4901161e-08, -14.020082, 36.176487, 0.49, 7.232449
542, 152, -0.0011999999405816197, -0.18119999102782458, False, 81.839584, -0.85977554, -1.4901161e-08, -9.539037, 35.577248, 0.49, 6.952023
542, 153, -0.0011999999405816197, -0.1823999909684062, False, 81.71958, -1.4109824, -1.4901161e-08, -5.396801, 35.197807, 0.49, 6.790113
542, 154, -0.0011999999405816197, -0.18359999090898782, False, 81.59958, -0.5374105, -1.4901161e-08, -7.476644, 34.824284, 0.49, 6.6168275
542, 155, -0.0011999999405816197, -0.18479999084956944, False, 81.479576, 0.025594354, -1.4901161e-08, -3.6601913, 34.556892, 0.49, 6.4928966
542, 156, -0.0011999999405816197, -0.18599999079015106, False, 81.35957, 0.094774455, -1.4901161e-08, -0.17914364, 34.485947, 0.49, 6.4579983
542, 157, -0.0011999999405816197, -0.18719999073073268, False, 81.23957, 0.21427625, -1.4901161e-08, 2.3065963, 34.572308, 0.49, 6.484162
542, 158, -0.0011999999405816197, -0.1883999906713143, False, 81.11957, 0.5580745, -1.4901161e-08, 4.537123, 34.785965, 0.49, 6.569736
542, 159, -0.0011999999405816197, -0.18959999061189592, False, 80.999565, -0.11662245, -1.4901161e-08, 6.6189327, 35.11022, 0.49, 6.7190633
542, 160, -0.0011999999405816197, -0.19079999055247754, False, 80.87956, -0.88943434, -1.4901161e-08, 8.434982, 35.54036, 0.49, 6.9146533
542, 161, -0.0011999999405816197, -0.19199999049305916, False, 80.75956, 0.18629384, -1.4901161e-08, 10.166503, 36.07102, 0.49, 7.141205
542, 162, -0.0011999999405816197, -0.19319999043364078, False, 80.63956, 0.78840613, -1.4901161e-08, 6.375258, 36.488583, 0.49, 7.318014
542, 163, -0.0011999999405816197, -0.1943999903742224, False, 80.519554, -0.08544278, -1.4901161e-08, 8.298876, 36.908806, 0.49, 7.507893
542, 164, -0.0011999999405816197, -0.19559999031480402, False, 80.39955, 0.8733444, -1.4901161e-08, 9.968855, 37.423794, 0.49, 7.7451963
542, 165, -0.0011999999405816197, -0.19679999025538564, False, 80.27955, -0.34202194, -1.4901161e-08, 11.54873, 38.021576, 0.49, 8.031697
542, 166, -0.0011999999405816197, -0.19799999019596726, False, 80.159546, 0.9552469, -1.4901161e-08, 12.924337, 38.697765, 0.49, 8.35632
542, 167, -0.0011999999405816197, -0.19919999013654888, False, 80.03954, 2.2265587, -1.4901161e-08, 14.045799, 39.43921, 0.49, 8.726413
542, 168, -0.0011999999405816197, -0.2003999900771305, False, 79.91954, -0.00042133985, -0.00014510751, 0.00037936223, 39.507927, 0.49, 8.8629265
542, 169, -0.0011999999405816197, -0.20159999001771212, False, 79.79954, 0.16537595, 0.0, -2.4740436, 39.431755, 0.49, 8.797746
542, 170, -0.0011999999405816197, -0.20279998995829374, False, 79.679535, 0.5340073, 0.0, -4.6922073, 39.241695, 0.49, 8.652051
542, 171, -0.0011999999405816197, -0.20399998989887536, False, 79.55953, 1.062011, 0.0, -6.6605186, 38.939438, 0.49, 8.447201
542, 172, -0.0011999999405816197, -0.20519998983945698, False, 79.43953, 0.12507892, 0.0, -8.582228, 38.530212, 0.49, 8.198604
542, 173, -0.0011999999405816197, -0.2063999897800386, False, 79.31953, -0.8655782, 0.0, -10.228113, 38.03014, 0.49, 7.8989124
542, 174, -0.0011999999405816197, -0.20759998972062021, False, 79.199524, 0.3728633, 0.0, -11.781883, 37.45402, 0.49, 7.5425987
542, 175, -0.0011999999405816197, -0.20879998966120183, False, 79.07952, 1.6050282, 0.0, -13.068644, 36.80231, 0.49, 7.1456285
542, 176, -0.0011999999405816197, -0.20999998960178345, False, 78.95952, 0.013394356, 0.0, -14.4142, 36.0764, 0.49, 6.72232
542, 177, -0.0011999999405816197, -0.21119998954236507, False, 78.839516, -1.5151405, 0.0, -15.478767, 35.28921, 0.49, 6.263933
542, 178, -0.0011999999405816197, -0.2123999894829467, False, 78.71951, -2.567574, 0.0, -10.692148, 34.636826, 0.49, 5.8967533
542, 179, -0.0011999999405816197, -0.2135999894235283, False, 78.59951, -1.0759974, 0.0, -12.3633, 34.01865, 0.49, 5.5343795
542, 180, -0.0011999999405816197, -0.21479998936410993, False, 78.47951, -1.878222, 0.0, -7.922946, 33.522488, 0.49, 5.2502975
542, 181, -0.0011999999405816197, -0.21599998930469155, False, 78.359505, -2.5457463, 0.0, -9.455767, 33.04947, 0.49, 4.9595256
542, 182, -0.0011999999405816197, -0.21719998924527317, False, 78.2395, -3.2830932, 0.0, -10.778355, 32.5241, 0.49, 4.581616
542, 183, -0.0011999999405816197, -0.2183999891858548, False, 78.1195, -2.7871432, 0.0, -6.585014, 32.122036, 0.49, 4.277999
542, 184, -0.0011999999405816197, -0.2195999891264364, False, 77.9995, -2.142957, 0.0, -3.875436, 31.870531, 0.49, 4.0880747
542, 185, -0.0011999999405816197, -0.22079998906701803, False, 77.87949, -1.5252287, 0.0, -0.6766334, 31.73278, 0.49, 4.044984
542, 186, -0.0011999999405816197, -0.22199998900759965, False, 77.75949, -1.0221069, 0.0, 2.1200852, 31.700293, 0.49, 4.1436796
542, 187, -0.0011999999405816197, -0.22319998894818127, False, 77.63949, -1.2062737, 0.0, 4.308451, 31.742865, 0.49, 4.3655047
542, 188, -0.0011999999405816197, -0.2243999888887629, False, 77.519485, -0.45533895, 0.0, 6.4755416, 31.855576, 0.49, 4.6963115
542, 189, -0.0011999999405816197, -0.2255999888293445, False, 77.39948, -1.1682379, 0.0, 8.27529, 32.024193, 0.49, 5.1296515
542, 190, -0.0011999999405816197, -0.22679998876992613, False, 77.27948, -1.0222874, 0.0, 9.989167, 32.251568, 0.49, 5.6517334
542, 191, -0.0011999999405816197, -0.22799998871050775, False, 77.15948, 0.21362114, 0.0, 11.581087, 32.531563, 0.49, 6.2546134
542, 192, -0.0011999999405816197, -0.22919998865108937, False, 77.039474, 1.4460695, 0.0, 12.902151, 32.84563, 0.49, 6.937492
542, 193, -0.0011999999405816197, -0.230399988591671, False, 76.91947, -0.11112976, 0.0, 14.248943, 33.17949, 0.49, 7.697465
542, 194, -0.0011999999405816197, -0.2315999885322526, False, 76.79947, -1.6092978, 0.0, 15.31815, 33.54303, 0.49, 8.522558
542, 195, -0.0011999999405816197, -0.23279998847283423, False, 76.67947, -1.4291277, 0.0, 16.37661, 33.9467, 0.49, 9.400195
542, 196, -0.0011999999405816197, -0.23399998841341585, False, 76.55946, -2.0145984, 0.0, 10.376408, 34.25995, 0.49, 10.071539
542, 197, -0.0011999999405816197, -0.23519998835399747, False, 76.43946, -1.9544468, 0.0, 6.3977365, 34.459473, 0.49, 10.499156
542, 198, -0.0011999999405816197, -0.2363999882945791, False, 76.31946, -2.0016341, 0.0, 2.5017376, 34.53633, 0.49, 10.744787
542, 199, -0.0011999999405816197, -0.2375999882351607, False, 76.199455, -1.5449904, 0.0, -0.75288796, 34.4842, 0.49, 10.837019
542, 200, -0.0011999999405816197, -0.23879998817574233, False, 76.07945, -0.9906943, 0.0, -3.3321548, 34.318623, 0.49, 10.818252
542, 201, -0.0011999999405816197, -0.23999998811632395, False, 75.95945, -0.35455287, 0.0, -5.574337, 34.041416, 0.49, 10.72253
542, 202, -0.0011999999405816197, -0.24119998805690557, False, 75.83945, 0.38549757, 0.0, -7.5356903, 33.6545, 0.49, 10.57426
542, 203, -0.0011999999405816197, -0.2423999879974872, False, 75.719444, 1.2099209, 0.0, -9.237617, 33.16178, 0.49, 10.394746
542, 204, -0.0011999999405816197, -0.2435999879380688, False, 75.59944, 2.092985, 0.0, -10.6985855, 32.568752, 0.49, 10.203355
542, 205, -0.0011999999405816197, -0.24479998787865043, False, 75.47944, 2.594519, 0.0, -6.3375397, 32.108555, 0.49, 10.0370655
542, 206, -0.0011999999405816197, -0.24599998781923205, False, 75.359436, 1.7903621, 0.0, -2.861583, 31.87735, 0.49, 9.900429
542, 207, -0.0011999999405816197, -0.24719998775981367, False, 75.23943, 1.3970275, 0.0, 0.4583379, 31.84598, 0.49, 9.8041935
542, 208, -0.0011999999405816197, -0.24839998770039529, False, 75.11943, 1.306534, 0.0, 2.8214135, 31.974487, 0.49, 9.735723
542, 209, -0.0011999999405816197, -0.2495999876409769, False, 74.99943, 1.5226684, 0.0, 4.916462, 32.239548, 0.49, 9.696118
542, 210, -0.0011999999405816197, -0.2507999875815585, False, 74.879425, 0.6742541, 0.0, 7.054953, 32.626144, 0.49, 9.691145
542, 211, -0.0011999999405816197, -0.25199998752214015, False, 74.75942, 1.4138075, 0.0, 8.778335, 33.124065, 0.49, 9.70903
542, 212, -0.0011999999405816197, -0.25319998746272177, False, 74.63942, 0.23922479, 0.0, 10.526064, 33.72187, 0.49, 9.753927
542, 213, -0.0011999999405816197, -0.2543999874033034, False, 74.51942, 1.3681241, 0.0, 11.948137, 34.411427, 0.49, 9.815786
542, 214, -0.0011999999405816197, -0.255599987343885, False, 74.399414, -0.09140432, 0.0, 13.380964, 35.18312, 0.49, 9.89979
542, 215, -0.0011999999405816197, -0.2567999872844666, False, 74.27941, 0.835459, 0.0, 8.50748, 35.780094, 0.49, 9.966647
542, 216, -0.0011999999405816197, -0.25799998722504824, False, 74.15941, -0.23997068, 0.0, 10.226816, 36.356308, 0.49, 10.039494
542, 217, -0.0011999999405816197, -0.25919998716562986, False, 74.039406, 0.52471787, 0.0, 6.443107, 36.808834, 0.49, 10.097809
542, 218, -0.0011999999405816197, -0.2603999871062115, False, 73.9194, 1.2250059, 0.0, 8.239889, 37.266773, 0.49, 10.168545
542, 219, -0.0011999999405816197, -0.2615999870467931, False, 73.7994, 2.008287, 0.0, 9.797947, 37.822914, 0.49, 10.281299
542, 220, -0.0011999999405816197, -0.2627999869873747, False, 73.6794, 2.8465223, 0.0, 11.133169, 38.46201, 0.49, 10.447617
542, 221, -0.0011999999405816197, -0.26399998692795634, False, 73.559395, 3.7149541, 0.0, 12.262464, 39.168625, 0.49, 10.677123
542, 222, -0.0011999999405816197, -0.26519998686853796, False, 73.43939, 0.0, 1.4901161e-08, 0.0, 39.533913, 0.49, 10.870001
542, 223, -0.0011999999405816197, -0.2663999868091196, False, 73.31939, -0.16571939, 0.0, -2.4744322, 39.446877, 0.4899789, 10.810324
542, 224, -0.0011999999405816197, -0.2675999867497012, False, 73.19939, 0.26009393, 0.0, -4.7215548, 39.27822, 0.48999983, 10.6400175
542, 225, -0.0011999999405816197, -0.2687999866902828, False, 73.079384, 0.8311255, 0.0, -6.71081, 39.014038, 0.48999998, 10.386739
542, 226, -0.0011999999405816197, -0.26999998663086444, False, 72.95938, 1.5159721, 0.0, -8.454285, 38.652683, 0.48999998, 10.07133
542, 227, -0.0011999999405816197, -0.27119998657144606, False, 72.83938, 2.2830367, 0.0, -9.965668, 38.194275, 0.48999998, 9.713575
542, 228, -0.0011999999405816197, -0.2723999865120277, False, 72.719376, 3.1039205, 0.0, -11.260241, 37.640533, 0.48999998, 9.33222
542, 229, -0.0011999999405816197, -0.2735999864526093, False, 72.59937, 1.4960704, 0.0, -12.92774, 36.99633, 0.48999998, 8.939868
542, 230, -0.0011999999405816197, -0.2747999863931909, False, 72.47937, -0.06948757, 0.0, -14.276766, 36.275208, 0.48999998, 8.52531
542, 231, -0.0011999999405816197, -0.27599998633377254, False, 72.35937, -1.5752096, 0.0, -15.347104, 35.492416, 0.48999998, 8.074767
542, 232, -0.0011999999405816197, -0.27719998627435416, False, 72.239365, -2.0350266, 0.0, -9.690203, 34.89181, 0.48999998, 7.7260695
542, 233, -0.0011999999405816197, -0.2783999862149358, False, 72.11936, -2.8592472, 0.0, -11.0337715, 34.338917, 0.48999998, 7.37553
542, 234, -0.0011999999405816197, -0.2795999861555174, False, 71.99936, -3.7162275, 0.0, -12.171849, 33.741035, 0.48999998, 6.9435053
542, 235, -0.0011999999405816197, -0.280799986096099, False, 71.87936, -4.5844693, 0.0, -13.121688, 33.115326, 0.48999998, 6.4274807
542, 236, -0.0011999999405816197, -0.28199998603668064, False, 71.75935, -3.793839, 0.0, -8.041013, 32.642193, 0.48999998, 6.0199428
542, 237, -0.0011999999405816197, -0.28319998597726226, False, 71.63935, -2.895116, 0.0, -4.769413, 32.342968, 0.48999998, 5.762202
542, 238, -0.0011999999405816197, -0.2843999859178439, False, 71.51935, -2.1332932, 0.0, -1.531292, 32.154625, 0.48999998, 5.670792
542, 239, -0.0011999999405816197, -0.2855999858584255, False, 71.399345, -1.6367304, 0.0, 1.3484498, 32.067272, 0.48999998, 5.738793
542, 240, -0.0011999999405816197, -0.2867999857990071, False, 71.27934, -1.3376062, 0.0, 3.7407293, 32.061474, 0.48999998, 5.9361296
542, 241, -0.0011999999405816197, -0.28799998573958874, False, 71.15934, -1.648928, 0.0, 5.738591, 32.124607, 0.48999998, 6.248477
542, 242, -0.0011999999405816197, -0.28919998568017036, False, 71.03934, -0.71271396, 0.0, 7.8082314, 32.256214, 0.48999998, 6.661312
542, 243, -0.0011999999405816197, -0.290399985620752, False, 70.919334, -0.6224904, 0.0, 9.564275, 32.43996, 0.48999998, 7.17006
542, 244, -0.0011999999405816197, -0.2915999855613336, False, 70.79933, -1.6114082, 0.0, 11.045759, 32.670654, 0.48999998, 7.7659163
542, 245, -0.0011999999405816197, -0.2927999855019152, False, 70.67933, -1.4211049, 0.0, 12.502461, 32.954464, 0.48999998, 8.43535
542, 246, -0.0011999999405816197, -0.29399998544249684, False, 70.559326, -1.2567763, 0.0, 13.822826, 33.28819, 0.48999998, 9.170522
542, 247, -0.0011999999405816197, -0.29519998538307846, False, 70.43932, -1.7236791, 0.0, 8.709138, 33.549805, 0.48999998, 9.736542
542, 248, -0.0011999999405816197, -0.2963999853236601, False, 70.31932, -1.6468583, 0.0, 5.3217506, 33.71525, 0.48999998, 10.094488
542, 249, -0.0011999999405816197, -0.2975999852642417, False, 70.19932, -1.6059761, 0.0, 1.5730412, 33.765045, 0.48999998, 10.283445
542, 250, -0.0011999999405816197, -0.2987999852048233, False, 70.079315, -0.9299637, 0.0, 0.7372495, 33.768845, 0.48999998, 10.373851
542, 251, -0.0011999999405816197, -0.29999998514540493, False, 69.95931, -0.74736404, 0.0, -1.8400323, 33.693108, 0.48999998, 10.368593
542, 252, -0.0011999999405816197, -0.30119998508598655, False, 69.83931, -0.27192092, 0.0, -4.205839, 33.513508, 0.48999998, 10.2630825
542, 253, -0.0011999999405816197, -0.3023999850265682, False, 69.71931, -0.79136324, 0.0, -6.2446976, 33.233944, 0.48999998, 10.074872
542, 254, -0.0011999999405816197, -0.3035999849671498, False, 69.599304, 0.07103276, 0.0, -8.181379, 32.867737, 0.48999998, 9.806788
542, 255, -0.0011999999405816197, -0.3047999849077314, False, 69.4793, 0.06048441, 0.0, -4.2777557, 32.600555, 0.48999998, 9.607924
542, 256, -0.0011999999405816197, -0.30599998484831303, False, 69.3593, 0.04320255, 0.0, -0.73724747, 32.5105, 0.48999998, 9.538763
542, 257, -0.0011999999405816197, -0.30719998478889465, False, 69.239296, 0.018449962, 0.0, 1.8137583, 32.558918, 0.48999998, 9.572403
542, 258, -0.0011999999405816197, -0.3083999847294763, False, 69.11929, 0.015094757, 0.0, 4.1261816, 32.723167, 0.48999998, 9.690543
542, 259, -0.0011999999405816197, -0.3095999846700579, False, 68.99929, 0.012872219, 0.0, 6.2236366, 32.99255, 0.48999998, 9.885245
542, 260, -0.0011999999405816197, -0.3107999846106395, False, 68.87929, 0.76238203, 0.0, 8.087803, 33.355698, 0.48999998, 10.151462
542, 261, -0.0011999999405816197, -0.31199998455122113, False, 68.759285, -0.054442883, 0.0, 5.0716066, 33.644463, 0.48999998, 10.366026
542, 262, -0.0011999999405816197, -0.31319998449180275, False, 68.63928, -0.3518132, 0.0, 3.0336494, 33.820972, 0.48999998, 10.497178
542, 263, -0.0011999999405816197, -0.31439998443238437, False, 68.51928, -0.24504451, 0.0, -0.22378552, 33.85337, 0.48999998, 10.536413
542, 264, -0.0011999999405816197, -0.315599984372966, False, 68.39928, 0.005480528, 0.0, -2.698763, 33.74428, 0.48999998, 10.5036
542, 265, -0.0011999999405816197, -0.3167999843135476, False, 68.279274, 0.42287838, 0.0, -4.908692, 33.503872, 0.48999998, 10.427921
542, 266, -0.0011999999405816197, -0.31799998425412923, False, 68.15927, 0.555763, 0.0, -1.2684658, 33.362938, 0.48999998, 10.373081
542, 267, -0.0011999999405816197, -0.31919998419471085, False, 68.03927, 0.26177213, 0.0, 1.5363364, 33.40447, 0.48999998, 10.352243
542, 268, -0.0011999999405816197, -0.32039998413529247, False, 67.919266, 0.52016824, 0.0, 3.8391001, 33.591167, 0.48999998, 10.341222
542, 269, -0.0011999999405816197, -0.3215999840758741, False, 67.79926, -0.08617216, 0.0, 5.9856606, 33.908863, 0.48999998, 10.343837
542, 270, -0.0011999999405816197, -0.3227999840164557, False, 67.67926, 0.6546015, 0.0, 7.8821287, 34.345753, 0.48999998, 10.351152
542, 271, -0.0011999999405816197, -0.32399998395703733, False, 67.55926, -0.33956054, 0.0, 9.645677, 34.890385, 0.48999998, 10.369631
542, 272, -0.0011999999405816197, -0.32519998389761895, False, 67.439255, -1.371955, 0.0, 11.14486, 35.533123, 0.48999998, 10.385664
542, 273, -0.0011999999405816197, -0.32639998383820057, False, 67.31925, -0.12657836, 0.0, 7.124117, 36.035114, 0.48999998, 10.39457
542, 274, -0.0011999999405816197, -0.3275999837787822, False, 67.19925, 0.7268786, 0.0, 8.91286, 36.53603, 0.48999998, 10.40412
542, 275, -0.0011999999405816197, -0.3287999837193638, False, 67.07925, 1.0385834, 0.0, 5.5163946, 36.9332, 0.48999998, 10.413384
542, 276, -0.0011999999405816197, -0.32999998365994543, False, 66.95924, 1.5764201, 0.0, 7.3601513, 37.346058, 0.48999998, 10.446067
542, 277, -0.0011999999405816197, -0.33119998360052705, False, 66.83924, 2.2266436, 0.0, 8.974852, 37.861137, 0.48999998, 10.525392
542, 278, -0.0011999999405816197, -0.33239998354110867, False, 66.71924, 2.9555166, 0.0, 10.372906, 38.462837, 0.48999998, 10.662088
542, 279, -0.0011999999405816197, -0.3335999834816903, False, 66.599236, 1.4447572, 0.0, 12.113443, 39.138065, 0.48999998, 10.8606
542, 280, -0.0011999999405816197, -0.3347999834222719, False, 66.47923, 0.0, 0.0, 0.0, 39.52557, 0.49, 11.020623
542, 281, -0.0011999999405816197, -0.3359999833628535, False, 66.35923, -0.16571939, 0.0, -2.474432, 39.434544, 0.48998362, 10.972865
542, 282, -0.0011999999405816197, -0.33719998330343515, False, 66.23923, 0.26009476, 0.0, -4.7215557, 39.23416, 0.4899999, 10.841344
542, 283, -0.0011999999405816197, -0.33839998324401677, False, 66.119225, 0.8311262, 0.0, -6.7108097, 38.92309, 0.48999998, 10.648528
542, 284, -0.0011999999405816197, -0.3395999831845984, False, 65.99922, -0.07906151, 0.0, -8.605616, 38.506195, 0.48999998, 10.410325
542, 285, -0.0011999999405816197, -0.34079998312518, False, 65.87922, 0.90786695, 0.0, -10.24498, 37.99673, 0.48999998, 10.1242695
542, 286, -0.0011999999405816197, -0.3419999830657616, False, 65.75922, 1.9267106, 0.0, -11.633856, 37.398006, 0.48999998, 9.805841
542, 287, -0.0011999999405816197, -0.34319998300634325, False, 65.63921, 2.9558783, 0.0, -12.794688, 36.712322, 0.48999998, 9.473939
542, 288, -0.0011999999405816197, -0.34439998294692487, False, 65.51921, 1.2278948, 0.0, -14.296661, 35.944683, 0.48999998, 9.140863
542, 289, -0.0011999999405816197, -0.3455999828875065, False, 65.39921, -0.05108452, 0.0, -9.877768, 35.32083, 0.48999998, 8.869721
542, 290, -0.0011999999405816197, -0.3467999828280881, False, 65.279205, -0.7494507, 0.0, -5.772678, 34.92715, 0.48999998, 8.700377
542, 291, -0.0011999999405816197, -0.3479999827686697, False, 65.1592, -0.29250908, 0.0, -2.1447406, 34.737263, 0.48999998, 8.633537
542, 292, -0.0011999999405816197, -0.34919998270925134, False, 65.0392, -0.11398199, 0.0, 0.84518915, 34.73154, 0.48999998, 8.639286
542, 293, -0.0011999999405816197, -0.35039998264983296, False, 64.9192, -0.33319032, 0.0, 3.2278116, 34.871113, 0.48999998, 8.688008
542, 294, -0.0011999999405816197, -0.3515999825904146, False, 64.799194, 0.18883467, 0.0, 5.4166617, 35.14253, 0.48999998, 8.766575
542, 295, -0.0011999999405816197, -0.3527999825309962, False, 64.67919, -0.513031, 0.0, 7.3781824, 35.53159, 0.48999998, 8.879423
542, 296, -0.0011999999405816197, -0.3539999824715778, False, 64.55919, 0.41577125, 0.0, 9.177805, 36.02917, 0.48999998, 9.016592
542, 297, -0.0011999999405816197, -0.35519998241215944, False, 64.439186, 0.86297715, 0.0, 5.710319, 36.422993, 0.48999998, 9.125103
542, 298, -0.0011999999405816197, -0.35639998235274106, False, 64.31918, 0.88666624, 0.0, 3.4054644, 36.666065, 0.48999998, 9.192076
542, 299, -0.0011999999405816197, -0.3575999822933227, False, 64.19918, 0.6953277, 0.0, 0.0039292574, 36.747456, 0.48999998, 9.186613
542, 300, -0.0011999999405816197, -0.3587999822339043, False, 64.07918, 0.15908812, 0.0, 0.017630398, 36.758904, 0.48999998, 9.171041
542, 301, -0.0011999999405816197, -0.3599999821744859, False, 63.959175, 1.2400218e-16, 0.0, 5.558687e-18, 36.75921, 0.48999998, 9.170627
542, 302, -0.0011999999405816197, -0.36119998211506754, False, 63.839172, -0.16571969, 0.0, 2.4744325, 36.851814, 0.48999998, 9.209106
542, 303, -0.0011999999405816197, -0.36239998205564916, False, 63.71917, -0.53433037, 0.0, 4.692528, 37.077614, 0.48999998, 9.28896
542, 304, -0.0011999999405816197, -0.3635999819962308, False, 63.599167, 0.15089118, 0.0, 6.756895, 37.427315, 0.48999998, 9.395532
542, 305, -0.0011999999405816197, -0.3647999819368124, False, 63.479164, 0.93218446, 0.0, 8.556329, 37.885815, 0.48999998, 9.538592
542, 306, -0.0011999999405816197, -0.365999981877394, False, 63.35916, 1.7841425, 0.0, 10.109083, 38.436817, 0.48999998, 9.730732
542, 307, -0.0011999999405816197, -0.36719998181797564, False, 63.23916, 2.6809359, 0.0, 11.433202, 39.063988, 0.48999998, 9.982315
542, 308, -0.0011999999405816197, -0.36839998175855726, False, 63.119156, 0.0, 0.0, 0.0, 39.503353, 0.49, 10.187858
542, 309, -0.0011999999405816197, -0.3695999816991389, False, 62.999153, 0.16571975, 0.0, -2.4744322, 39.420773, 0.49, 10.130965
542, 310, -0.0011999999405816197, -0.3707999816397205, False, 62.87915, 0.5343294, 0.0, -4.6925287, 39.216515, 0.49, 10.00591
542, 311, -0.0011999999405816197, -0.3719999815803021, False, 62.759148, -0.15089297, 0.0, -6.756895, 38.896614, 0.49, 9.828961
542, 312, -0.0011999999405816197, -0.37319998152088374, False, 62.639145, 0.6713059, 0.0, -8.583806, 38.475246, 0.49, 9.598265
542, 313, -0.0011999999405816197, -0.37439998146146536, False, 62.519142, 1.5594716, 0.0, -10.1571665, 37.95653, 0.49, 9.329862
542, 314, -0.0011999999405816197, -0.375599981402047, False, 62.39914, 2.4888363, 0.0, -11.496418, 37.34353, 0.49, 9.043112
542, 315, -0.0011999999405816197, -0.3767999813426286, False, 62.279137, 0.9344597, 0.0, -13.080823, 36.641922, 0.49, 8.750733
542, 316, -0.0011999999405816197, -0.3779999812832102, False, 62.159134, -0.57805777, 0.0, -14.361868, 35.86367, 0.49, 8.440731
542, 317, -0.0011999999405816197, -0.37919998122379184, False, 62.03913, -1.6376023, 0.0, -9.7694, 35.227737, 0.49, 8.195429
542, 318, -0.0011999999405816197, -0.38039998116437346, False, 61.91913, -2.1040912, 0.0, -5.539566, 34.81563, 0.49, 8.063787
542, 319, -0.0011999999405816197, -0.3815999811049551, False, 61.799126, -1.1218, 0.0, -7.674819, 34.41313, 0.49, 7.9162464
542, 320, -0.0011999999405816197, -0.3827999810455367, False, 61.679123, -0.44913197, 0.0, -3.8956883, 34.120136, 0.49, 7.814031
542, 321, -0.0011999999405816197, -0.3839999809861183, False, 61.55912, -0.1697418, 0.0, -0.43034965, 34.027664, 0.49, 7.794234
542, 322, -0.0011999999405816197, -0.38519998092669994, False, 61.439117, -0.2336697, 0.0, 2.0794177, 34.09882, 0.49, 7.8222485
542, 323, -0.0011999999405816197, -0.38639998086728156, False, 61.319115, 0.16848254, 0.0, 4.371337, 34.308212, 0.49, 7.881959
542, 324, -0.0011999999405816197, -0.3875999808078632, False, 61.199112, -0.43293142, 0.0, 6.4332504, 34.641003, 0.49, 7.977754
542, 325, -0.0011999999405816197, -0.3887999807484448, False, 61.07911, 0.397511, 0.0, 8.317858, 35.087536, 0.49, 8.0995035
542, 326, -0.0011999999405816197, -0.3899999806890264, False, 60.959106, -0.60359716, 0.0, 10.014797, 35.635365, 0.49, 8.25176
542, 327, -0.0011999999405816197, -0.39119998062960804, False, 60.839104, 0.58222485, 0.0, 11.56489, 36.27692, 0.49, 8.424808
542, 328, -0.0011999999405816197, -0.39239998057018965, False, 60.7191, 1.1359377, 0.0, 7.2688127, 36.777126, 0.49, 8.559923
542, 329, -0.0011999999405816197, -0.3935999805107713, False, 60.5991, 1.8350661, 0.0, 8.930602, 37.26649, 0.49, 8.712591
542, 330, -0.0011999999405816197, -0.3947999804513529, False, 60.479095, 2.6088414, 0.0, 10.366972, 37.837597, 0.49, 8.928817
542, 331, -0.0011999999405816197, -0.3959999803919345, False, 60.359093, 1.1412959, 0.0, 12.074167, 38.47679, 0.49, 9.212059
542, 332, -0.0011999999405816197, -0.39719998033251613, False, 60.23909, 2.30831, 0.0, 13.26221, 39.18196, 0.49, 9.549381
542, 333, -0.0011999999405816197, -0.39839998027309775, False, 60.119087, 3.857788e-07, 1.4901161e-08, -2.8026489e-07, 39.536583, 0.49, 9.807022
542, 334, -0.0011999999405816197, -0.3995999802136794, False, 59.999084, 0.16571939, 0.0, -2.4744322, 39.438675, 0.4899898, 9.759248
542, 335, -0.0011999999405816197, -0.400799980154261, False, 59.87908, 0.5343294, 0.0, -4.6925282, 39.23442, 0.48999992, 9.634196
542, 336, -0.0011999999405816197, -0.4019999800948426, False, 59.75908, -0.1508925, 0.0, -6.756895, 38.91452, 0.49, 9.45725
542, 337, -0.0011999999405816197, -0.40319998003542423, False, 59.639076, 0.6713066, 0.0, -8.583806, 38.493153, 0.49, 9.226555
542, 338, -0.0011999999405816197, -0.40439997997600585, False, 59.519073, 1.5594726, 0.0, -10.157166, 37.974438, 0.49, 8.958155
542, 339, -0.0011999999405816197, -0.40559997991658747, False, 59.39907, 2.4888372, 0.0, -11.496418, 37.361435, 0.49, 8.671408
542, 340, -0.0011999999405816197, -0.4067999798571691, False, 59.279068, 0.9344616, 0.0, -13.080824, 36.659824, 0.49, 8.379032
542, 341, -0.0011999999405816197, -0.4079999797977507, False, 59.159065, -0.5780554, 0.0, -14.361868, 35.881573, 0.49, 8.069033
542, 342, -0.0011999999405816197, -0.40919997973833233, False, 59.039062, -1.6376016, 0.0, -9.769402, 35.245636, 0.49, 7.823733
542, 343, -0.0011999999405816197, -0.41039997967891395, False, 58.91906, -2.10409, 0.0, -5.5395665, 34.83353, 0.49, 7.692092
542, 344, -0.0011999999405816197, -0.41159997961949557, False, 58.799057, -2.4971929, 0.0, -7.293515, 34.434143, 0.49, 7.5403056
542, 345, -0.0011999999405816197, -0.4127999795600772, False, 58.679054, -1.3137019, 0.0, -9.293622, 33.96109, 0.49, 7.302091
542, 346, -0.0011999999405816197, -0.4139999795006588, False, 58.55905, -0.47456598, 0.0, -5.3736534, 33.600296, 0.49, 7.125207
542, 347, -0.0011999999405816197, -0.41519997944124043, False, 58.43905, -0.10262948, 0.0, -1.7573829, 33.437298, 0.49, 7.056902
542, 348, -0.0011999999405816197, -0.41639997938182205, False, 58.319046, -0.08260977, 0.0, 1.094997, 33.44997, 0.49, 7.0643983
542, 349, -0.0011999999405816197, -0.41759997932240367, False, 58.199043, 0.20228672, 0.0, 3.4694498, 33.601795, 0.49, 7.120862
542, 350, -0.0011999999405816197, -0.4187999792629853, False, 58.07904, 0.17115867, 0.0, 5.62819, 33.87612, 0.49, 7.231117
542, 351, -0.0011999999405816197, -0.4199999792035669, False, 57.959038, -0.54797626, 0.0, 7.5673985, 34.261738, 0.49, 7.3897176
542, 352, -0.0011999999405816197, -0.42119997914414853, False, 57.839035, -1.3539917, 0.0, 9.251643, 34.75341, 0.49, 7.5782466
542, 353, -0.0011999999405816197, -0.42239997908473015, False, 57.719032, -0.14398217, 0.0, 10.947258, 35.34449, 0.49, 7.782732
542, 354, -0.0011999999405816197, -0.42359997902531177, False, 57.59903, 0.6345582, 0.0, 6.910508, 35.807724, 0.49, 7.9399915
542, 355, -0.0011999999405816197, -0.4247999789658934, False, 57.479027, 1.3653793, 0.0, 8.651612, 36.267437, 0.49, 8.109553
542, 356, -0.0011999999405816197, -0.425999978906475, False, 57.359024, 1.4184524, 0.0, 5.30546, 36.630398, 0.49, 8.249095
542, 357, -0.0011999999405816197, -0.4271999788470566, False, 57.23902, 0.51936245, 0.0, 3.2909057, 36.85361, 0.49, 8.334911
542, 358, -0.0011999999405816197, -0.42839997878763825, False, 57.11902, -0.038236856, 0.0, 5.4910717, 37.115993, 0.49, 8.451274
542, 359, -0.0011999999405816197, -0.42959997872821987, False, 56.999016, 0.6491921, 0.0, 7.431592, 37.48779, 0.49, 8.621944
542, 360, -0.0011999999405816197, -0.4307999786688015, False, 56.879013, 1.4286785, 0.0, 9.120158, 37.953068, 0.49, 8.852539
542, 361, -0.0011999999405816197, -0.4319999786093831, False, 56.75901, 0.22115183, 0.0, 10.835792, 38.496994, 0.49, 9.147283
542, 362, -0.0011999999405816197, -0.4331999785499647, False, 56.639008, 1.3817711, 0.0, 12.2291765, 39.11637, 0.49, 9.49382
542, 363, -0.0011999999405816197, -0.43439997849054635, False, 56.519005, 0.0, 0.0, 0.0, 39.5129, 0.49, 9.757201
542, 364, -0.0011999999405816197, -0.43559997843112797, False, 56.399002, 0.16571927, 0.0, -2.4744325, 39.436718, 0.49, 9.691989
542, 365, -0.0011999999405816197, -0.4367999783717096, False, 56.279, 0.53433, 0.0, -4.6925287, 39.24665, 0.49, 9.54627
542, 366, -0.0011999999405816197, -0.4379999783122912, False, 56.158997, 1.0623171, 0.0, -6.66078, 38.94438, 0.49, 9.341403
542, 367, -0.0011999999405816197, -0.4391999782528728, False, 56.038994, 0.1253221, 0.0, -8.582494, 38.535145, 0.49, 9.0927925
542, 368, -0.0011999999405816197, -0.44039997819345444, False, 55.91899, 1.0836987, 0.0, -10.205399, 38.032417, 0.49, 8.79767
542, 369, -0.0011999999405816197, -0.44159997813403606, False, 55.79899, 2.0768461, 0.0, -11.582353, 37.43965, 0.49, 8.471298
542, 370, -0.0011999999405816197, -0.4427999780746177, False, 55.678986, 0.5647583, 0.0, -13.118616, 36.760887, 0.49, 8.127361
542, 371, -0.0011999999405816197, -0.4439999780151993, False, 55.558983, -0.9070344, 0.0, -14.361329, 36.009052, 0.49, 7.755544
542, 372, -0.0011999999405816197, -0.4451999779557809, False, 55.43898, -1.9255676, 0.0, -9.739227, 35.39317, 0.49, 7.460844
542, 373, -0.0011999999405816197, -0.44639997789636254, False, 55.318977, -2.7682652, 0.0, -11.087516, 34.807983, 0.49, 7.163547
542, 374, -0.0011999999405816197, -0.44759997783694416, False, 55.198975, -1.2166862, 0.0, -12.739275, 34.165783, 0.49, 6.7945933
542, 375, -0.0011999999405816197, -0.4487999777775258, False, 55.07897, -0.08213997, 0.0, -8.4718275, 33.651028, 0.49, 6.5001245
542, 376, -0.0011999999405816197, -0.4499999777181074, False, 54.95897, 0.5018439, 0.0, -4.516403, 33.347466, 0.49, 6.327012
542, 377, -0.0011999999405816197, -0.451199977658689, False, 54.838966, 0.18447632, 0.0, -0.9888199, 33.240635, 0.49, 6.2541428
542, 378, -0.0011999999405816197, -0.45239997759927064, False, 54.718964, 0.13593912, 0.0, 1.6765734, 33.285183, 0.49, 6.2786975
542, 379, -0.0011999999405816197, -0.45359997753985226, False, 54.59896, 0.11074543, 0.0, 4.001998, 33.446804, 0.49, 6.3873553
542, 380, -0.0011999999405816197, -0.4547999774804339, False, 54.47896, 0.094313145, 0.0, 6.1110544, 33.71357, 0.49, 6.573783
542, 381, -0.0011999999405816197, -0.4559999774210155, False, 54.358955, 0.8218837, 0.0, 7.9788766, 34.07421, 0.49, 6.8326807
542, 382, -0.0011999999405816197, -0.4571999773615971, False, 54.238953, 1.2200129, 0.0, 3.9953008, 34.34489, 0.49, 7.013069
542, 383, -0.0011999999405816197, -0.45839997730217874, False, 54.11895, 0.49336147, 0.0, 6.1947803, 34.613373, 0.49, 7.2090154
542, 384, -0.0011999999405816197, -0.45959997724276036, False, 53.998947, 0.42759848, 0.0, 8.10054, 34.96487, 0.49, 7.4892755
542, 385, -0.0011999999405816197, -0.460799977183342, False, 53.878944, 0.3738613, 0.0, 9.828832, 35.393707, 0.49, 7.8438015
542, 386, -0.0011999999405816197, -0.4619999771239236, False, 53.75894, 1.4194403, 0.0, 11.306934, 35.891037, 0.49, 8.267415
542, 387, -0.0011999999405816197, -0.4631999770645052, False, 53.63894, 0.012824535, 0.0, 12.807422, 36.443913, 0.49, 8.760314
542, 388, -0.0011999999405816197, -0.46439997700508684, False, 53.518936, -0.84575367, 0.0, 8.125059, 36.87118, 0.49, 9.144222
542, 389, -0.0011999999405816197, -0.46559997694566846, False, 53.398933, -1.0557395, 0.0, 4.9914265, 37.140327, 0.49, 9.386056
542, 390, -0.0011999999405816197, -0.4667999768862501, False, 53.27893, -1.5381758, 0.0, 6.8859653, 37.443085, 0.49, 9.623933
542, 391, -0.0011999999405816197, -0.4679999768268317, False, 53.158928, -2.1457987, 0.0, 8.551119, 37.855515, 0.49, 9.896746
542, 392, -0.0011999999405816197, -0.4691999767674133, False, 53.038925, -0.8979244, 0.0, 10.39202, 38.371273, 0.49, 10.191081
542, 393, -0.0011999999405816197, -0.47039997670799494, False, 52.918922, 0.35975456, 0.0, 11.932789, 38.97562, 0.49, 10.517214
542, 394, -0.0011999999405816197, -0.47159997664857656, False, 52.79892, 1.6079016, 0.0, 13.205963, 39.65227, 0.49, 10.887951
542, 395, -0.0011999999405816197, -0.4727999765891582, False, 52.678917, 0.0856446, 1.4901161e-08, -1.6783091, 39.478176, 0.4898525, 10.867968
542, 396, -0.0011999999405816197, -0.4739999765297398, False, 52.558914, -0.043582857, 0.0, -0.8103059, 39.424126, 0.48999885, 10.832975
542, 397, -0.0011999999405816197, -0.4751999764703214, False, 52.43891, 0.20709467, 0.0, -3.209178, 39.303352, 0.48999998, 10.751113
542, 398, -0.0011999999405816197, -0.47639997641090304, False, 52.31891, 0.64008, 0.0, -5.351556, 39.06445, 0.48999998, 10.603419
542, 399, -0.0011999999405816197, -0.47759997635148466, False, 52.198906, -0.120137215, 0.0, -7.3613796, 38.713062, 0.48999998, 10.406045
542, 400, -0.0011999999405816197, -0.4787999762920663, False, 52.078903, 0.7548027, 0.0, -9.126308, 38.26308, 0.48999998, 10.156914
542, 401, -0.0011999999405816197, -0.4799999762326479, False, 51.9589, 1.684731, 0.0, -10.638875, 37.71837, 0.48999998, 9.871871
542, 402, -0.0011999999405816197, -0.4811999761732295, False, 51.838898, 2.6458683, 0.0, -11.919458, 37.08174, 0.48999998, 9.570117
542, 403, -0.0011999999405816197, -0.48239997611381114, False, 51.718895, 1.0342364, 0.0, -13.477472, 36.358665, 0.48999998, 9.264227
542, 404, -0.0011999999405816197, -0.48359997605439276, False, 51.598892, -0.14479685, 0.0, -9.120485, 35.775314, 0.48999998, 9.017567
542, 405, -0.0011999999405816197, -0.4847999759949744, False, 51.47889, -0.7571976, 0.0, -5.081314, 35.41847, 0.48999998, 8.870193
542, 406, -0.0011999999405816197, -0.485999975935556, False, 51.358887, -0.13378549, 0.0, -3.0944166, 35.211105, 0.48999998, 8.788419
542, 407, -0.0011999999405816197, -0.4871999758761376, False, 51.238884, -0.01277842, 0.0, 0.104041755, 35.162346, 0.48999998, 8.771043
542, 408, -0.0011999999405816197, -0.48839997581671923, False, 51.11888, -0.18459743, 0.0, 2.567314, 35.263844, 0.48999998, 8.802011
542, 409, -0.0011999999405816197, -0.48959997575730085, False, 50.99888, -0.5589944, 0.0, 4.7746835, 35.50165, 0.48999998, 8.859898
542, 410, -0.0011999999405816197, -0.4907999756978825, False, 50.878876, 0.13728249, 0.0, 6.83333, 35.865032, 0.48999998, 8.931154
542, 411, -0.0011999999405816197, -0.4919999756384641, False, 50.758873, 0.92769635, 0.0, 8.626507, 36.340023, 0.48999998, 9.027119
542, 412, -0.0011999999405816197, -0.4931999755790457, False, 50.63887, 1.1432854, 0.0, 5.3157315, 36.716885, 0.48999998, 9.106257
542, 413, -0.0011999999405816197, -0.49439997551962733, False, 50.518867, 1.0259407, 0.0, 3.1318285, 36.948483, 0.48999998, 9.154891
542, 414, -0.0011999999405816197, -0.49559997546020895, False, 50.398865, 0.39518213, 0.0, 1.8374127, 37.08402, 0.48999998, 9.183352
542, 415, -0.0011999999405816197, -0.49679997540079057, False, 50.278862, 0.19828613, 0.0, 0.921938, 37.156044, 0.48999998, 9.198477
542, 416, -0.0011999999405816197, -0.4979999753413722, False, 50.15886, -0.09607637, 0.0, 3.3237255, 37.300182, 0.48999998, 9.248819
542, 417, -0.0011999999405816197, -0.4991999752819538, False, 50.038857, 0.39658082, 0.0, 5.4815435, 37.57092, 0.48999998, 9.344923
542, 418, -0.0011999999405816197, -0.5003999752225354, False, 49.918854, 1.0214229, 0.0, 7.3841424, 37.95186, 0.48999998, 9.493786
542, 419, -0.0011999999405816197, -0.501599975163117, False, 49.79885, 0.024497747, 0.0, 9.231061, 38.427708, 0.48999998, 9.700848
542, 420, -0.0011999999405816197, -0.5027999751036987, False, 49.67885, 1.0573325, 0.0, 10.799677, 38.993053, 0.48999998, 9.953946
542, 421, -0.0011999999405816197, -0.5039999750442803, False, 49.558846, 2.1113434, 0.0, 12.120565, 39.633778, 0.48999998, 10.259533
542, 422, -0.0011999999405816197, -0.5051999749848619, False, 49.438843, 0.085644424, 1.4901161e-08, -1.6783093, 39.477554, 0.48979428, 10.238355
542, 423, -0.0011999999405816197, -0.5063999749254435, False, 49.31884, 0.3917036, 0.0, -3.9813228, 39.31003, 0.48999834, 10.139476
542, 424, -0.0011999999405816197, -0.5075999748660251, False, 49.198837, -0.20767593, 0.0, -6.101923, 39.0235, 0.48999998, 9.985963
542, 425, -0.0011999999405816197, -0.5087999748066068, False, 49.078835, 0.56089306, 0.0, -7.9981318, 38.63249, 0.48999998, 9.776347
542, 426, -0.0011999999405816197, -0.5099999747471884, False, 48.95883, 1.4068031, 0.0, -9.638917, 38.141384, 0.48999998, 9.52693
542, 427, -0.0011999999405816197, -0.51119997468777, False, 48.83883, 2.3043804, 0.0, -11.042848, 37.553486, 0.48999998, 9.25727
542, 428, -0.0011999999405816197, -0.5123999746283516, False, 48.718826, 0.81349707, 0.0, -12.653997, 36.874714, 0.48999998, 8.98026
542, 429, -0.0011999999405816197, -0.5135999745689332, False, 48.598824, -0.64461565, 0.0, -13.96546, 36.117218, 0.48999998, 8.684074
542, 430, -0.0011999999405816197, -0.5147999745095149, False, 48.47882, -2.0526881, 0.0, -15.013231, 35.294643, 0.48999998, 8.354059
542, 431, -0.0011999999405816197, -0.5159999744500965, False, 48.358818, -2.9938598, 0.0, -10.224863, 34.615227, 0.48999998, 8.095833
542, 432, -0.0011999999405816197, -0.5171999743906781, False, 48.238815, -1.4915056, 0.0, -11.983792, 33.96994, 0.48999998, 7.8344054
542, 433, -0.0011999999405816197, -0.5183999743312597, False, 48.118813, -0.38981032, 0.0, -7.8166595, 33.45647, 0.48999998, 7.6295643
542, 434, -0.0011999999405816197, -0.5195999742718413, False, 47.99881, 0.18043625, 0.0, -3.9532216, 33.16336, 0.48999998, 7.519282
542, 435, -0.0011999999405816197, -0.520799974212423, False, 47.878807, 0.24564403, 0.0, -0.43270162, 33.075882, 0.48999998, 7.479302
542, 436, -0.0011999999405816197, -0.5219999741530046, False, 47.758804, 0.28331563, 0.0, 2.0768807, 33.152348, 0.48999998, 7.4874263
542, 437, -0.0011999999405816197, -0.5231999740935862, False, 47.6388, 0.23358798, 0.0, 4.365708, 33.363487, 0.48999998, 7.5403533
542, 438, -0.0011999999405816197, -0.5243999740341678, False, 47.5188, 0.19968891, 0.0, 6.4411235, 33.696323, 0.48999998, 7.635216
542, 439, -0.0011999999405816197, -0.5255999739747494, False, 47.398796, -0.5995321, 0.0, 8.303411, 34.140385, 0.48999998, 7.765247
542, 440, -0.0011999999405816197, -0.5267999739153311, False, 47.278793, -1.4698806, 0.0, 9.91075, 34.688965, 0.48999998, 7.9127717
542, 441, -0.0011999999405816197, -0.5279999738559127, False, 47.15879, -0.2688588, 0.0, 6.319549, 35.12149, 0.48999998, 8.024095
542, 442, -0.0011999999405816197, -0.5291999737964943, False, 47.038788, 0.5284878, 0.0, 8.200093, 35.563618, 0.48999998, 8.135738
542, 443, -0.0011999999405816197, -0.5303999737370759, False, 46.918785, 1.398087, 0.0, 9.823961, 36.10574, 0.48999998, 8.284136
542, 444, -0.0011999999405816197, -0.5315999736776575, False, 46.798782, 1.5253897, 0.0, 6.073007, 36.53104, 0.48999998, 8.405268
542, 445, -0.0011999999405816197, -0.5327999736182392, False, 46.67878, 0.57728386, 0.0, 8.097398, 36.956802, 0.48999998, 8.55195
542, 446, -0.0011999999405816197, -0.5339999735588208, False, 46.558777, 1.4306335, 0.0, 9.726967, 37.476257, 0.48999998, 8.751415
542, 447, -0.0011999999405816197, -0.5351999734994024, False, 46.438774, 0.16756344, 0.0, 11.383308, 38.077663, 0.48999998, 9.004564
542, 448, -0.0011999999405816197, -0.536399973439984, False, 46.31877, 1.3868399, 0.0, 12.7279825, 38.756805, 0.48999998, 9.299672
542, 449, -0.0011999999405816197, -0.5375999733805656, False, 46.19877, 2.5875382, 0.0, 13.829533, 39.500656, 0.48999998, 9.643571
542, 450, -0.0011999999405816197, -0.5387999733211473, False, 46.078766, -0.00014963448, -4.8458576e-05, 0.00013471872, 39.500004, 0.48999503, 9.644732
542, 451, -0.0011999999405816197, -0.5399999732617289, False, 45.958763, 0.16559768, 0.0, -2.474296, 39.42383, 0.48999998, 9.579535
542, 452, -0.0011999999405816197, -0.5411999732023105, False, 45.83876, 0.5342145, 0.0, -4.6924157, 39.23376, 0.48999998, 9.433827
542, 453, -0.0011999999405816197, -0.5423999731428921, False, 45.718758, 1.0622096, 0.0, -6.6606884, 38.93149, 0.48999998, 9.2289715
542, 454, -0.0011999999405816197, -0.5435999730834737, False, 45.598755, 0.12523556, 0.0, -8.5824, 38.522255, 0.48999998, 8.980372
542, 455, -0.0011999999405816197, -0.5447999730240554, False, 45.478752, 1.0836163, 0.0, -10.20532, 38.019527, 0.48999998, 8.685262
542, 456, -0.0011999999405816197, -0.545999972964637, False, 45.35875, 2.076764, 0.0, -11.582291, 37.42676, 0.48999998, 8.358901
542, 457, -0.0011999999405816197, -0.5471999729052186, False, 45.238747, 0.56469345, 0.0, -13.118553, 36.747997, 0.48999998, 8.0149765
542, 458, -0.0011999999405816197, -0.5483999728458002, False, 45.118744, -0.9070873, 0.0, -14.361266, 35.996162, 0.48999998, 7.643172
542, 459, -0.0011999999405816197, -0.5495999727863818, False, 44.99874, -1.5390708, 0.0, -9.085896, 35.416615, 0.48999998, 7.3556957
542, 460, -0.0011999999405816197, -0.5507999727269635, False, 44.87874, -2.3656294, 0.0, -10.532769, 34.873775, 0.48999998, 7.062714
542, 461, -0.0011999999405816197, -0.5519999726675451, False, 44.758736, -0.91321135, 0.0, -12.199988, 34.26976, 0.48999998, 6.6980677
542, 462, -0.0011999999405816197, -0.5531999726081267, False, 44.638733, 0.1325171, 0.0, -7.9566355, 33.789413, 0.48999998, 6.4078903
542, 463, -0.0011999999405816197, -0.5543999725487083, False, 44.51873, 0.634408, 0.0, -4.032803, 33.516743, 0.48999998, 6.2392097
542, 464, -0.0011999999405816197, -0.5555999724892899, False, 44.398727, 0.5942287, 0.0, -0.49856806, 33.438454, 0.48999998, 6.167178
542, 465, -0.0011999999405816197, -0.5567999724298716, False, 44.278725, 0.5214554, 0.0, 2.0269027, 33.517, 0.48999998, 6.1674867
542, 466, -0.0011999999405816197, -0.5579999723704532, False, 44.158722, 0.7825985, 0.0, 4.260763, 33.72294, 0.48999998, 6.231994
542, 467, -0.0011999999405816197, -0.5591999723110348, False, 44.03872, 0.09899974, 0.0, 6.3910384, 34.039833, 0.48999998, 6.3631215
542, 468, -0.0011999999405816197, -0.5603999722516164, False, 43.918716, -0.6817105, 0.0, 8.249003, 34.463055, 0.48999998, 6.542731
542, 469, -0.0011999999405816197, -0.561599972192198, False, 43.798714, 0.3499217, 0.0, 9.979191, 34.987286, 0.48999998, 6.7551584
542, 470, -0.0011999999405816197, -0.5627999721327797, False, 43.67871, 1.4128685, 0.0, 11.4447365, 35.598366, 0.48999998, 7.008989
542, 471, -0.0011999999405816197, -0.5639999720733613, False, 43.55871, 0.1326518, 0.0, 7.324149, 36.07343, 0.48999998, 7.2102456
542, 472, -0.0011999999405816197, -0.5651999720139429, False, 43.438705, 0.970402, 0.0, 9.069657, 36.54321, 0.48999998, 7.4143143
542, 473, -0.0011999999405816197, -0.5663999719545245, False, 43.318703, -0.17414427, 0.0, 10.746691, 37.099846, 0.48999998, 7.670972
542, 474, -0.0011999999405816197, -0.5675999718951061, False, 43.1987, 1.0268998, 0.0, 12.18523, 37.73861, 0.48999998, 7.9687443
542, 475, -0.0011999999405816197, -0.5687999718356878, False, 43.078697, 2.218451, 0.0, 13.372738, 38.44603, 0.48999998, 8.314644
542, 476, -0.0011999999405816197, -0.5699999717762694, False, 42.958694, 3.3828535, 0.0, 14.335881, 39.206356, 0.48999998, 8.7184725
542, 477, -0.0011999999405816197, -0.571199971716851, False, 42.83869, 0.0, 0.0, 0.0, 39.54716, 0.49, 9.024016
542, 478, -0.0011999999405816197, -0.5723999716574326, False, 42.71869, 0.16571915, 0.0, -2.4744327, 39.440674, 0.49, 8.97707
542, 479, -0.0011999999405816197, -0.5735999715980142, False, 42.598686, 0.5343294, 0.0, -4.6925287, 39.236412, 0.49, 8.852019
542, 480, -0.0011999999405816197, -0.5747999715385959, False, 42.478683, -0.15089178, 0.0, -6.7568955, 38.916508, 0.49, 8.675078
542, 481, -0.0011999999405816197, -0.5759999714791775, False, 42.35868, 0.67130685, 0.0, -8.583806, 38.49513, 0.49, 8.44439
542, 482, -0.0011999999405816197, -0.5771999714197591, False, 42.238678, -0.389987, 0.0, -10.280257, 37.978554, 0.49, 8.171167
542, 483, -0.0011999999405816197, -0.5783999713603407, False, 42.118675, 0.79397774, 0.0, -11.78447, 37.37893, 0.49, 7.8528934
542, 484, -0.0011999999405816197, -0.5795999713009223, False, 41.998672, 1.9751754, 0.0, -13.032494, 36.6986, 0.49, 7.504921
542, 485, -0.0011999999405816197, -0.580799971241504, False, 41.87867, 0.342618, 0.0, -14.4168215, 35.94063, 0.49, 7.1409683
542, 486, -0.0011999999405816197, -0.5819999711820856, False, 41.758667, -0.8370018, 0.0, -9.903306, 35.32254, 0.49, 6.8480144
542, 487, -0.0011999999405816197, -0.5831999711226672, False, 41.638664, -1.4278249, 0.0, -5.7268944, 34.92595, 0.49, 6.674865
542, 488, -0.0011999999405816197, -0.5843999710632488, False, 41.51866, -0.52331233, 0.0, -7.7758265, 34.536804, 0.49, 6.4915285
542, 489, -0.0011999999405816197, -0.5855999710038304, False, 41.39866, 0.0642066, 0.0, -3.9287784, 34.255196, 0.49, 6.358591
542, 490, -0.0011999999405816197, -0.586799970944412, False, 41.278656, 0.041026384, 0.0, -0.42108566, 34.17068, 0.49, 6.3175855
542, 491, -0.0011999999405816197, -0.5879999708849937, False, 41.158653, 0.15281641, 0.0, 2.0919685, 34.240334, 0.49, 6.3494234
542, 492, -0.0011999999405816197, -0.5891999708255753, False, 41.03865, -0.23589861, 0.0, 4.3752985, 34.434372, 0.49, 6.449168
542, 493, -0.0011999999405816197, -0.5903999707661569, False, 40.918648, -0.7771256, 0.0, 6.4006677, 34.74665, 0.49, 6.5992618
542, 494, -0.0011999999405816197, -0.5915999707067385, False, 40.798645, 0.09748697, 0.0, 8.32073, 35.170506, 0.49, 6.7843266
542, 495, -0.0011999999405816197, -0.5927999706473202, False, 40.678642, 1.0345919, 0.0, 9.971817, 35.690712, 0.49, 7.012937
542, 496, -0.0011999999405816197, -0.5939999705879018, False, 40.55864, -0.008470535, 0.0, 6.3293486, 36.098747, 0.49, 7.1952353
542, 497, -0.0011999999405816197, -0.5951999705284834, False, 40.438637, 0.7539797, 0.0, 8.185103, 36.514275, 0.49, 7.383601
542, 498, -0.0011999999405816197, -0.596399970469065, False, 40.318634, -0.2811525, 0.0, 9.928328, 37.021816, 0.49, 7.6257634
542, 499, -0.0011999999405816197, -0.5975999704096466, False, 40.19863, 0.8561239, 0.0, 11.456879, 37.616146, 0.49, 7.910188
542, 500, -0.0011999999405816197, -0.5987999703502283, False, 40.07863, 1.9982433, 0.0, 12.731411, 38.28334, 0.49, 8.243815
542, 501, -0.0011999999405816197, -0.5999999702908099, False, 39.958626, 3.1261773, 0.0, 13.777556, 39.00726, 0.49, 8.636359
542, 502, -0.0011999999405816197, -0.6011999702313915, False, 39.838623, 0.0, 0.0, 0.0, 39.502876, 0.49, 8.935312
542, 503, -0.0011999999405816197, -0.6023999701719731, False, 39.71862, 0.16571951, 0.0, -2.474432, 39.420296, 0.49, 8.878422
542, 504, -0.0011999999405816197, -0.6035999701125547, False, 39.598618, 0.5343294, 0.0, -4.692528, 39.216034, 0.49, 8.753372
542, 505, -0.0011999999405816197, -0.6047999700531363, False, 39.478615, -0.15089345, 0.0, -6.756895, 38.89613, 0.49, 8.576431
542, 506, -0.0011999999405816197, -0.605999969993718, False, 39.358612, -0.13116336, 0.0, -8.609844, 38.47601, 0.49, 8.343428
542, 507, -0.0011999999405816197, -0.6071999699342996, False, 39.23861, 0.8628869, 0.0, -10.253588, 37.964897, 0.49, 8.059747
542, 508, -0.0011999999405816197, -0.6083999698748812, False, 39.118607, 1.8881588, 0.0, -11.645674, 37.36472, 0.49, 7.7434053
542, 509, -0.0011999999405816197, -0.6095999698154628, False, 38.998604, 0.39324474, 0.0, -13.157641, 36.67937, 0.49, 7.408298
542, 510, -0.0011999999405816197, -0.6107999697560444, False, 38.8786, -1.0616932, 0.0, -14.380536, 35.921673, 0.49, 7.044273
542, 511, -0.0011999999405816197, -0.6119999696966261, False, 38.7586, -2.062869, 0.0, -9.742667, 35.30057, 0.49, 6.75643
542, 512, -0.0011999999405816197, -0.6131999696372077, False, 38.638596, -0.7190876, 0.0, -11.458232, 34.707634, 0.49, 6.469414
542, 513, -0.0011999999405816197, -0.6143999695777893, False, 38.518593, 0.23268652, 0.0, -7.269236, 34.241093, 0.49, 6.2426043
542, 514, -0.0011999999405816197, -0.6155999695183709, False, 38.39859, 0.65146923, 0.0, -3.4044912, 33.989758, 0.49, 6.1141934
542, 515, -0.0011999999405816197, -0.6167999694589525, False, 38.278587, 0.2967197, 0.0, -0.08685814, 33.934742, 0.49, 6.0667796
542, 516, -0.0011999999405816197, -0.6179999693995342, False, 38.158585, 0.3677858, 0.0, 2.380086, 34.026787, 0.49, 6.095379
542, 517, -0.0011999999405816197, -0.6191999693401158, False, 38.03858, 0.30547643, 0.0, 4.641105, 34.23937, 0.49, 6.1956406
542, 518, -0.0011999999405816197, -0.6203999692806974, False, 37.91858, 0.43188447, 0.0, 1.0361298, 34.36459, 0.49, 6.247072
542, 519, -0.0011999999405816197, -0.621599969221279, False, 37.798576, 0.12663224, 0.0, 0.42403406, 34.40244, 0.49, 6.256068
542, 520, -0.0011999999405816197, -0.6227999691618606, False, 37.678574, 0.3006246, 0.0, 2.8473725, 34.511787, 0.49, 6.314919
542, 521, -0.0011999999405816197, -0.6239999691024423, False, 37.55857, -0.18182182, 0.0, 5.0704017, 34.733418, 0.49, 6.452925
542, 522, -0.0011999999405816197, -0.6251999690430239, False, 37.43857, -0.797766, 0.0, 7.03236, 35.06359, 0.49, 6.6518826
542, 523, -0.0011999999405816197, -0.6263999689836055, False, 37.318565, -1.5186019, 0.0, 8.74707, 35.49987, 0.49, 6.890981
542, 524, -0.0011999999405816197, -0.6275999689241871, False, 37.198563, -0.333436, 0.0, 10.507911, 36.03662, 0.49, 7.1558976
542, 525, -0.0011999999405816197, -0.6287999688647687, False, 37.07856, 0.4851501, 0.0, 6.634226, 36.459057, 0.49, 7.3602414
542, 526, -0.0011999999405816197, -0.6299999688053504, False, 36.958557, -0.37102175, 0.0, 8.504032, 36.883602, 0.49, 7.5716786
542, 527, -0.0011999999405816197, -0.631199968745932, False, 36.838554, 0.6440573, 0.0, 10.180296, 37.40277, 0.49, 7.8279905
542, 528, -0.0011999999405816197, -0.6323999686865136, False, 36.71855, 1.6895151, 0.0, 11.599368, 38.00189, 0.49, 8.135918
542, 529, -0.0011999999405816197, -0.6335999686270952, False, 36.59855, 0.22302532, 0.0, 13.096904, 38.66729, 0.49, 8.500669
542, 530, -0.0011999999405816197, -0.6347999685676768, False, 36.478546, 1.5984726, 0.0, 14.268606, 39.396877, 0.49, 8.910654
542, 531, -0.0011999999405816197, -0.6359999685082585, False, 36.358543, -0.00042096007, -0.0001449883, 0.0003790714, 39.50609, 0.49, 9.059541
542, 532, -0.0011999999405816197, -0.6371999684488401, False, 36.23854, 0.1653763, 0.0, -2.4740443, 39.429913, 0.49, 8.994363
542, 533, -0.0011999999405816197, -0.6383999683894217, False, 36.118538, 0.53400767, 0.0, -4.6922073, 39.239845, 0.49, 8.848676
542, 534, -0.0011999999405816197, -0.6395999683300033, False, 35.998535, 1.0620105, 0.0, -6.6605186, 38.93758, 0.49, 8.643838
542, 535, -0.0011999999405816197, -0.6407999682705849, False, 35.878532, 0.12507987, 0.0, -8.582227, 38.528347, 0.49, 8.395256
542, 536, -0.0011999999405816197, -0.6419999682111666, False, 35.75853, 1.0834637, 0.0, -10.20518, 38.02562, 0.49, 8.100162
542, 537, -0.0011999999405816197, -0.6431999681517482, False, 35.638527, 2.0766187, 0.0, -11.582176, 37.432854, 0.49, 7.7738166
542, 538, -0.0011999999405816197, -0.6443999680923298, False, 35.518524, 0.5645757, 0.0, -13.118433, 36.75409, 0.49, 7.4299083
542, 539, -0.0011999999405816197, -0.6455999680329114, False, 35.39852, -0.9071779, 0.0, -14.361149, 36.002254, 0.49, 7.058119
542, 540, -0.0011999999405816197, -0.646799967973493, False, 35.27852, -1.539119, 0.0, -9.085813, 35.422707, 0.49, 6.7706547
542, 541, -0.0011999999405816197, -0.6479999679140747, False, 35.158516, -1.9479849, 0.0, -4.9331403, 35.06101, 0.49, 6.614706
542, 542, -0.0011999999405816197, -0.6491999678546563, False, 35.038513, -1.0376801, 0.0, -7.1131415, 34.70737, 0.49, 6.442163
542, 543, -0.0011999999405816197, -0.6503999677952379, False, 34.91851, -0.42466736, 0.0, -3.3812354, 34.455017, 0.49, 6.3245773
542, 544, -0.0011999999405816197, -0.6515999677358195, False, 34.798508, -0.11968982, 0.0, -0.037316352, 34.39023, 0.49, 6.3062563
542, 545, -0.0011999999405816197, -0.6527999676764011, False, 34.678505, -0.24713713, 0.0, 2.4326355, 34.47869, 0.49, 6.3490043
542, 546, -0.0011999999405816197, -0.6539999676169828, False, 34.558502, 0.18898273, 0.0, 4.691272, 34.69934, 0.49, 6.437164
542, 547, -0.0011999999405816197, -0.6551999675575644, False, 34.4385, 0.7675493, 0.0, 6.6897745, 35.03506, 0.49, 6.578286
542, 548, -0.0011999999405816197, -0.656399967498146, False, 34.318497, 1.0382056, 0.0, 2.8407598, 35.27289, 0.49, 6.665186
542, 549, -0.0011999999405816197, -0.6575999674387276, False, 34.198494, 0.41349408, 0.0, 1.6491492, 35.394123, 0.49, 6.699768
542, 550, -0.0011999999405816197, -0.6587999673793092, False, 34.07849, 0.015170574, 0.0, 4.0001874, 35.57344, 0.49, 6.775422
542, 551, -0.0011999999405816197, -0.6599999673198909, False, 33.95849, -0.5282562, 0.0, 6.0845613, 35.87195, 0.49, 6.9045477
542, 552, -0.0011999999405816197, -0.6611999672604725, False, 33.838486, 0.2831602, 0.0, 8.012163, 36.283077, 0.49, 7.071149
542, 553, -0.0011999999405816197, -0.6623999672010541, False, 33.718483, 0.6981534, 0.0, 4.952518, 36.612175, 0.49, 7.2039304
542, 554, -0.0011999999405816197, -0.6635999671416357, False, 33.59848, 0.778899, 0.0, 1.2933863, 36.763153, 0.49, 7.246374
542, 555, -0.0011999999405816197, -0.6647999670822173, False, 33.478477, 0.2958786, 0.0, 0.632868, 36.819595, 0.49, 7.251252
542, 556, -0.0011999999405816197, -0.665999967022799, False, 33.358475, 0.003041625, 0.0, 3.0724416, 36.94605, 0.49, 7.3042088
542, 557, -0.0011999999405816197, -0.6671999669633806, False, 33.238472, -0.45100486, 0.0, 5.246546, 37.19662, 0.49, 7.412722
542, 558, -0.0011999999405816197, -0.6683999669039622, False, 33.11847, 0.27259636, 0.0, 7.2489157, 37.56425, 0.49, 7.5606594
542, 559, -0.0011999999405816197, -0.6695999668445438, False, 32.998466, 1.0845175, 0.0, 8.989138, 38.033287, 0.49, 7.756007
542, 560, -0.0011999999405816197, -0.6707999667851254, False, 32.878464, 1.9592052, 0.0, 10.485731, 38.586502, 0.49, 8.009552
542, 561, -0.0011999999405816197, -0.671999966725707, False, 32.75846, 1.725853, 0.0, 11.996002, 39.20843, 0.49, 8.327795
542, 562, -0.0011999999405816197, -0.6731999666662887, False, 32.63846, 0.0, 0.0, 0.0, 39.531483, 0.49, 8.574816
542, 563, -0.0011999999405816197, -0.6743999666068703, False, 32.518456, 0.16571927, 0.0, -2.4744322, 39.437855, 0.48997307, 8.5254965
542, 564, -0.0011999999405816197, -0.6755999665474519, False, 32.398453, 0.5343294, 0.0, -4.692528, 39.233604, 0.48999977, 8.400456
542, 565, -0.0011999999405816197, -0.6767999664880335, False, 32.27845, -0.15089345, 0.0, -6.756894, 38.9137, 0.49, 8.223518
542, 566, -0.0011999999405816197, -0.6779999664286152, False, 32.158447, -0.9321866, 0.0, -8.556329, 38.49496, 0.49, 7.9882703
542, 567, -0.0011999999405816197, -0.6791999663691968, False, 32.038445, 0.16022587, 0.0, -10.280005, 37.992825, 0.49, 7.6900578
542, 568, -0.0011999999405816197, -0.6803999663097784, False, 31.918442, 1.2755437, 0.0, -11.733429, 37.40838, 0.49, 7.345534
542, 569, -0.0011999999405816197, -0.68159996625036, False, 31.798439, 2.393333, 0.0, -12.942833, 36.741455, 0.49, 6.9744153
542, 570, -0.0011999999405816197, -0.6827999661909416, False, 31.678436, 0.7190318, 0.0, -14.375992, 35.995373, 0.49, 6.590005
542, 571, -0.0011999999405816197, -0.6839999661315233, False, 31.558434, -0.5037508, 0.0, -9.901491, 35.387814, 0.49, 6.2790084
542, 572, -0.0011999999405816197, -0.6851999660721049, False, 31.43843, -1.1409014, 0.0, -5.754037, 35.000446, 0.49, 6.0901756
542, 573, -0.0011999999405816197, -0.6863999660126865, False, 31.318428, -0.2740016, 0.0, -7.772295, 34.61933, 0.49, 5.893352
542, 574, -0.0011999999405816197, -0.6875999659532681, False, 31.198425, 0.27396536, 0.0, -3.9025977, 34.344654, 0.49, 5.748873
542, 575, -0.0011999999405816197, -0.6887999658938497, False, 31.078423, 0.05460508, 0.0, -0.4121598, 34.26453, 0.49, 5.7011685
542, 576, -0.0011999999405816197, -0.6899999658344314, False, 30.95842, -0.09357566, 0.0, 2.1068335, 34.333687, 0.49, 5.7355914
542, 577, -0.0011999999405816197, -0.691199965775013, False, 30.838417, -0.43936062, 0.0, 4.3671365, 34.53257, 0.49, 5.8266807
542, 578, -0.0011999999405816197, -0.6923999657155946, False, 30.718414, 0.20226312, 0.0, 6.454443, 34.853405, 0.49, 5.9586115
542, 579, -0.0011999999405816197, -0.6935999656561762, False, 30.598412, -0.59855795, 0.0, 8.315663, 35.282185, 0.49, 6.134516
542, 580, -0.0011999999405816197, -0.6947999655967578, False, 30.478409, -1.4702182, 0.0, 9.921888, 35.81301, 0.49, 6.3387294
542, 581, -0.0011999999405816197, -0.6959999655373394, False, 30.358406, -0.18438745, 0.0, 11.562904, 36.43962, 0.49, 6.557395
542, 582, -0.0011999999405816197, -0.6971999654779211, False, 30.238403, 1.094954, 0.0, 12.922492, 37.149494, 0.49, 6.801492
542, 583, -0.0011999999405816197, -0.6983999654185027, False, 30.1184, 2.349369, 0.0, 14.031412, 37.92863, 0.49, 7.08492
542, 584, -0.0011999999405816197, -0.6995999653590843, False, 29.998398, 3.5626621, 0.0, 14.917822, 38.76276, 0.49, 7.419221
542, 585, -0.0011999999405816197, -0.7007999652996659, False, 29.878395, 3.1633964, 0.0, 16.01917, 39.63907, 0.49, 7.8116283
542, 586, -0.0011999999405816197, -0.7019999652402475, False, 29.758392, 0.08564347, 0.0, -1.6783094, 39.47773, 0.4898109, 7.790968
542, 587, -0.0011999999405816197, -0.7031999651808292, False, 29.63839, 0.39170372, 0.0, -3.9813223, 39.310196, 0.4899985, 7.6920867
542, 588, -0.0011999999405816197, -0.7043999651214108, False, 29.518387, -0.20767593, 0.0, -6.101922, 39.023663, 0.49, 7.5385795
542, 589, -0.0011999999405816197, -0.7055999650619924, False, 29.398384, -0.91867733, 0.0, -7.9604363, 38.635284, 0.49, 7.3244143
542, 590, -0.0011999999405816197, -0.706799965002574, False, 29.278381, 0.117292404, 0.0, -9.741176, 38.16074, 0.49, 7.045235
542, 591, -0.0011999999405816197, -0.7079999649431556, False, 29.158379, 1.1867876, 0.0, -11.251316, 37.601353, 0.49, 6.7179174
542, 592, -0.0011999999405816197, -0.7091999648837373, False, 29.038376, 2.2686648, 0.0, -12.516132, 36.95719, 0.49, 6.362349
542, 593, -0.0011999999405816197, -0.7103999648243189, False, 28.918373, 0.6482496, 0.0, -13.979191, 36.231785, 0.49, 5.991979
542, 594, -0.0011999999405816197, -0.7115999647649005, False, 28.79837, -0.91431856, 0.0, -15.145481, 35.437614, 0.49, 5.5962462
542, 595, -0.0011999999405816197, -0.7127999647054821, False, 28.678368, -2.0078537, 0.0, -10.445643, 34.783306, 0.49, 5.2799144
542, 596, -0.0011999999405816197, -0.7139999646460637, False, 28.558365, -0.6074791, 0.0, -12.086838, 34.16011, 0.49, 4.967342
542, 597, -0.0011999999405816197, -0.7151999645866454, False, 28.438362, 0.38776922, 0.0, -7.8259163, 33.666, 0.49, 4.7176065
542, 598, -0.0011999999405816197, -0.716399964527227, False, 28.31836, 0.83716464, 0.0, -3.8931842, 33.38948, 0.49, 4.5687456
542, 599, -0.0011999999405816197, -0.7175999644678086, False, 28.198357, 0.73120785, 0.0, -0.38271683, 33.31402, 0.49, 4.4978833
542, 600, -0.0011999999405816197, -0.7187999644083902, False, 28.078354, 0.6456286, 0.0, 2.1224105, 33.40017, 0.49, 4.4841456
542, 601, -0.0011999999405816197, -0.7199999643489718, False, 27.958351, 0.166138, 0.0, 4.4497447, 33.620556, 0.49, 4.517248
542, 602, -0.0011999999405816197, -0.7211999642895535, False, 27.838348, 0.7249305, 0.0, 6.473954, 33.964733, 0.49, 4.5838823
542, 603, -0.0011999999405816197, -0.7223999642301351, False, 27.718346, -0.14921892, 0.0, 8.381915, 34.419464, 0.49, 4.687213
542, 604, -0.0011999999405816197, -0.7235999641707167, False, 27.598343, 0.82567453, 0.0, 10.049632, 34.976387, 0.49, 4.816629
542, 605, -0.0011999999405816197, -0.7247999641112983, False, 27.47834, -0.39121318, 0.0, 11.617119, 35.62419, 0.49, 4.976445
542, 606, -0.0011999999405816197, -0.7259999640518799, False, 27.358337, 0.52440226, 0.0, 7.367603, 36.129063, 0.49, 5.101621
542, 607, -0.0011999999405816197, -0.7271999639924616, False, 27.238335, 1.3142328, 0.0, 9.073579, 36.62657, 0.49, 5.235816
542, 608, -0.0011999999405816197, -0.7283999639330432, False, 27.118332, 2.1680255, 0.0, 10.541484, 37.21277, 0.49, 5.42053
542, 609, -0.0011999999405816197, -0.7295999638736248, False, 26.99833, 1.9102004, 0.0, 12.047411, 37.873074, 0.49, 5.663611
542, 610, -0.0011999999405816197, -0.7307999638142064, False, 26.878326, 2.981845, 0.0, 13.168905, 38.59827, 0.49, 5.963386
542, 611, -0.0011999999405816197, -0.731999963754788, False, 26.758324, 2.6409292, 0.0, 14.4319515, 39.375874, 0.49, 6.324247
542, 612, -0.0011999999405816197, -0.7331999636953697, False, 26.63832, 0.0, 0.0, 0.0, 39.505825, 0.49, 6.4586654
542, 613, -0.0011999999405816197, -0.7343999636359513, False, 26.518318, 0.16571951, 0.0, -2.4744325, 39.42324, 0.49, 6.401777
542, 614, -0.0011999999405816197, -0.7355999635765329, False, 26.398315, -0.26009512, 0.0, -4.7215548, 39.22157, 0.49, 6.272229
542, 615, -0.0011999999405816197, -0.7367999635171145, False, 26.278313, -0.22308064, 0.0, -6.763916, 38.917282, 0.49, 6.068585
542, 616, -0.0011999999405816197, -0.7379999634576961, False, 26.15831, 0.6095629, 0.0, -8.596771, 38.519684, 0.49, 5.7980795
542, 617, -0.0011999999405816197, -0.7391999633982778, False, 26.038307, 1.5069232, 0.0, -10.174402, 38.029533, 0.49, 5.479519
542, 618, -0.0011999999405816197, -0.7403999633388594, False, 25.918304, 2.4444947, 0.0, -11.516617, 37.447792, 0.49, 5.1325383
542, 619, -0.0011999999405816197, -0.741599963279441, False, 25.798302, 0.8936763, 0.0, -13.094751, 36.77875, 0.49, 4.770428
542, 620, -0.0011999999405816197, -0.7427999632200226, False, 25.678299, -0.6152568, 0.0, -14.370602, 36.035522, 0.49, 4.3825455
542, 621, -0.0011999999405816197, -0.7439999631606042, False, 25.558296, -1.6710079, 0.0, -9.773908, 35.427246, 0.49, 4.0736675
542, 622, -0.0011999999405816197, -0.7451999631011859, False, 25.438293, -0.3734889, 0.0, -11.448643, 34.845634, 0.49, 3.7682014
542, 623, -0.0011999999405816197, -0.7463999630417675, False, 25.31829, 0.9182143, 0.0, -12.83697, 34.18953, 0.49, 3.4163337
542, 624, -0.0011999999405816197, -0.7475999629823491, False, 25.198288, 2.185566, 0.0, -13.970385, 33.45793, 0.49, 3.0379684
542, 625, -0.0011999999405816197, -0.7487999629229307, False, 25.078285, 3.0069127, 0.0, -9.273834, 32.86932, 0.49, 2.7172184
542, 626, -0.0011999999405816197, -0.7499999628635123, False, 24.958282, 3.235779, 0.0, -4.988117, 32.517063, 0.49, 2.4718897
542, 627, -0.0011999999405816197, -0.751199962804094, False, 24.83828, 2.9275198, 0.0, -1.2052038, 32.378532, 0.49, 2.281229
542, 628, -0.0011999999405816197, -0.7523999627446756, False, 24.718277, 2.2646627, 0.0, 1.8762366, 32.422306, 0.49, 2.126704
542, 629, -0.0011999999405816197, -0.7535999626852572, False, 24.598274, 1.1500344, 0.0, 1.1760681, 32.490017, 0.49, 2.0249321
542, 630, -0.0011999999405816197, -0.7547999626258388, False, 24.478271, 0.86931694, 0.0, -1.4991875, 32.43688, 0.49, 1.9839377
542, 631, -0.0011999999405816197, -0.7559999625664204, False, 24.358269, 0.49866578, 0.0, -0.68364894, 32.37148, 0.49, 1.9699138
542, 632, -0.0011999999405816197, -0.7571999625070021, False, 24.238266, 0.6160163, 0.0, -3.05692, 32.2353, 0.49, 2.0058827
542, 633, -0.0011999999405816197, -0.7583999624475837, False, 24.118263, 0.52679026, 0.0, -1.681668, 32.111744, 0.49, 2.0474892
542, 634, -0.0011999999405816197, -0.7595999623881653, False, 23.99826, 0.7503315, 0.0, -3.9499602, 31.939356, 0.49, 2.1419692
542, 635, -0.0011999999405816197, -0.7607999623287469, False, 23.878258, 0.6800303, 0.0, -2.2586765, 31.792547, 0.49, 2.2310486
542, 636, -0.0011999999405816197, -0.7619999622693285, False, 23.758255, 0.93794334, 0.0, -4.45723, 31.615583, 0.49, 2.3778138
542, 637, -0.0011999999405816197, -0.7631999622099102, False, 23.638252, 1.3831813, 0.0, -6.4147844, 31.370338, 0.49, 2.6335928
542, 638, -0.0011999999405816197, -0.7643999621504918, False, 23.51825, 1.9640841, 0.0, -8.140022, 31.076633, 0.49, 2.996587
542, 639, -0.0011999999405816197, -0.7655999620910734, False, 23.398247, 2.6424062, 0.0, -9.64385, 30.753489, 0.49, 3.4638658
542, 640, -0.0011999999405816197, -0.766799962031655, False, 23.278244, 3.386696, 0.0, -10.939329, 30.418917, 0.49, 4.031231
542, 641, -0.0011999999405816197, -0.7679999619722366, False, 23.158241, 4.170583, 0.0, -12.041038, 30.089792, 0.49, 4.693223
542, 642, -0.0011999999405816197, -0.7691999619128183, False, 23.038239, 4.9719996, 0.0, -12.964509, 29.781761, 0.49, 5.443173
542, 643, -0.0011999999405816197, -0.7703999618533999, False, 22.918236, 2.9902558, 0.0, -14.647383, 29.503838, 0.49, 6.2733
542, 644, -0.0011999999405816197, -0.7715999617939815, False, 22.798233, 1.0897615, 0.0, -15.970615, 29.239796, 0.49, 7.1749086
542, 645, -0.0011999999405816197, -0.7727999617345631, False, 22.67823, -0.71135235, 0.0, -16.983418, 28.970526, 0.49, 8.138466
542, 646, -0.0011999999405816197, -0.7739999616751447, False, 22.558228, -2.3998241, 0.0, -17.729195, 28.67949, 0.49, 9.153638
542, 647, -0.0011999999405816197, -0.7751999616157264, False, 22.438225, -3.9664578, 0.0, -18.246853, 28.35256, 0.49, 10.209386
542, 648, -0.0011999999405816197, -0.776399961556308, False, 22.318222, -5.4055963, 0.0, -18.571424, 27.977901, 0.49, 11.294088
542, 649, -0.0011999999405816197, -0.7775999614968896, False, 22.19822, -6.3065915, 0.0, -13.134459, 27.683107, 0.49, 12.214732
542, 650, -0.0011999999405816197, -0.7787999614374712, False, 22.078217, -4.897832, 0.0, -7.946297, 27.498697, 0.49, 12.84343
542, 651, -0.0011999999405816197, -0.7799999613780528, False, 21.958214, -4.7380247, 0.0, -3.672608, 27.439335, 0.49, 13.259965
542, 652, -0.0011999999405816197, -0.7811999613186345, False, 21.838211, -4.1087484, 0.0, 0.007021904, 27.519148, 0.49, 13.519494
542, 653, -0.0011999999405816197, -0.7823999612592161, False, 21.718208, -3.2350545, 0.0, 3.0268376, 27.724367, 0.49, 13.656767
542, 654, -0.0011999999405816197, -0.7835999611997977, False, 21.598206, -3.1941822, 0.0, 4.969553, 28.04349, 0.49, 13.702616
542, 655, -0.0011999999405816197, -0.7847999611403793, False, 21.478203, -2.88878, 0.0, 1.1917369, 28.265549, 0.49, 13.773975
542, 656, -0.0011999999405816197, -0.7859999610809609, False, 21.3582, -2.31524, 0.0, -1.640001, 28.31757, 0.49, 13.92124
542, 657, -0.0011999999405816197, -0.7871999610215425, False, 21.238197, -1.8196484, 0.0, 1.0765898, 28.402063, 0.49, 14.001899
542, 658, -0.0011999999405816197, -0.7883999609621242, False, 21.118195, -1.7423996, 0.0, 3.33947, 28.585052, 0.49, 13.961257
542, 659, -0.0011999999405816197, -0.7895999609027058, False, 20.998192, -1.9493611, 0.0, 5.348876, 28.84588, 0.49, 13.807462
542, 660, -0.0011999999405816197, -0.7907999608432874, False, 20.87819, -1.0044158, 0.0, 7.4874325, 29.169825, 0.49, 13.546427
542, 661, -0.0011999999405816197, -0.791999960783869, False, 20.758186, -0.00035524368, 0.0, 9.322617, 29.561562, 0.49, 13.197484
542, 662, -0.0011999999405816197, -0.7931999607244506, False, 20.638184, 1.0443144, 0.0, 10.884549, 30.027454, 0.49, 12.781518
542, 663, -0.0011999999405816197, -0.7943999606650323, False, 20.51818, 1.3794115, 0.0, 6.791879, 30.393461, 0.49, 12.457879
542, 664, -0.0011999999405816197, -0.7955999606056139, False, 20.398178, 1.2865243, 0.0, 4.085182, 30.622005, 0.49, 12.25579
542, 665, -0.0011999999405816197, -0.7967999605461955, False, 20.278175, 1.6419396, 0.0, 6.051978, 30.896591, 0.49, 12.060397
542, 666, -0.0011999999405816197, -0.7979999604867771, False, 20.158173, 2.1509945, 0.0, 7.7917504, 31.289043, 0.49, 11.841458
542, 667, -0.0011999999405816197, -0.7991999604273587, False, 20.03817, 2.7701676, 0.0, 9.314438, 31.792063, 0.49, 11.616563
542, 668, -0.0011999999405816197, -0.8003999603679404, False, 19.918167, 3.465443, 0.0, 10.631892, 32.39746, 0.49, 11.402188
542, 669, -0.0011999999405816197, -0.801599960308522, False, 19.798164, 4.2088566, 0.0, 11.757621, 33.09614, 0.49, 11.213521
542, 670, -0.0011999999405816197, -0.8027999602491036, False, 19.678162, 2.4239004, 0.0, 13.48473, 33.878693, 0.49, 11.059058
542, 671, -0.0011999999405816197, -0.8039999601896852, False, 19.558159, 2.442443, 0.0, 8.412319, 34.48433, 0.49, 10.9501505
542, 672, -0.0011999999405816197, -0.8051999601302668, False, 19.438156, 1.1689014, 0.0, 10.296078, 35.06924, 0.49, 10.873979
542, 673, -0.0011999999405816197, -0.8063999600708485, False, 19.318153, 1.415568, 0.0, 6.3973637, 35.52863, 0.49, 10.821793
542, 674, -0.0011999999405816197, -0.8075999600114301, False, 19.19815, 0.45405176, 0.0, 8.379053, 35.994713, 0.49, 10.79038
542, 675, -0.0011999999405816197, -0.8087999599520117, False, 19.078148, 0.8303171, 0.0, 5.182815, 36.366188, 0.49, 10.770224
542, 676, -0.0011999999405816197, -0.8099999598925933, False, 18.958145, 0.82616127, 0.0, 3.0615106, 36.593864, 0.49, 10.757871
542, 677, -0.0011999999405816197, -0.8111999598331749, False, 18.838142, 0.6046457, 0.0, -0.24654007, 36.6511, 0.49, 10.727594
542, 678, -0.0011999999405816197, -0.8123999597737566, False, 18.71814, 0.26339102, 0.0, -2.761196, 36.551685, 0.49, 10.661475
542, 679, -0.0011999999405816197, -0.8135999597143382, False, 18.598137, -0.20506859, 0.0, -4.9892116, 36.324955, 0.49, 10.54237
542, 680, -0.0011999999405816197, -0.8147999596549198, False, 18.478134, -0.8098674, 0.0, -6.957068, 35.990868, 0.49, 10.359323
542, 681, -0.0011999999405816197, -0.8159999595955014, False, 18.358131, 0.11990094, 0.0, -8.825751, 35.565567, 0.49, 10.108374
542, 682, -0.0011999999405816197, -0.817199959536083, False, 18.238129, 1.1020927, 0.0, -10.425323, 35.05083, 0.49, 9.806682
542, 683, -0.0011999999405816197, -0.8183999594766647, False, 18.118126, 2.1142974, 0.0, -11.778994, 34.447174, 0.49, 9.47435
542, 684, -0.0011999999405816197, -0.8195999594172463, False, 17.998123, 2.723956, 0.0, -7.3073325, 33.97433, 0.49, 9.195859
542, 685, -0.0011999999405816197, -0.8207999593578279, False, 17.87812, 2.7687035, 0.0, -3.257588, 33.726303, 0.49, 8.989928
542, 686, -0.0011999999405816197, -0.8219999592984095, False, 17.758118, 2.304125, 0.0, 0.20855427, 33.678383, 0.49, 8.837231
542, 687, -0.0011999999405816197, -0.8231999592389911, False, 17.638115, 2.0369325, 0.0, 2.5752182, 33.795544, 0.49, 8.720553
542, 688, -0.0011999999405816197, -0.8243999591795728, False, 17.518112, 2.1121383, 0.0, 4.6474705, 34.051712, 0.49, 8.640771
542, 689, -0.0011999999405816197, -0.8255999591201544, False, 17.39811, 1.2018108, 0.0, 6.8732166, 34.430496, 0.49, 8.601485
542, 690, -0.0011999999405816197, -0.826799959060736, False, 17.278107, 1.8529518, 0.0, 8.568447, 34.921352, 0.49, 8.589609
542, 691, -0.0011999999405816197, -0.8279999590013176, False, 17.158104, 0.6410158, 0.0, 10.3791065, 35.51272, 0.49, 8.608462
542, 692, -0.0011999999405816197, -0.8291999589418992, False, 17.038101, 1.7059591, 0.0, 11.778947, 36.19639, 0.49, 8.6474
542, 693, -0.0011999999405816197, -0.8303999588824809, False, 16.918098, 1.8622559, 0.0, 7.337523, 36.72815, 0.49, 8.682301
542, 694, -0.0011999999405816197, -0.8315999588230625, False, 16.798096, 2.472808, 0.0, 8.930115, 37.246937, 0.49, 8.746332
542, 695, -0.0011999999405816197, -0.8327999587636441, False, 16.678093, 3.16631, 0.0, 10.311488, 37.85191, 0.49, 8.869631
542, 696, -0.0011999999405816197, -0.8339999587042257, False, 16.55809, 1.6350951, 0.0, 12.0788355, 38.53002, 0.49, 9.056346
542, 697, -0.0011999999405816197, -0.8351999586448073, False, 16.438087, 2.7429473, 0.0, 13.221884, 39.277985, 0.49, 9.29327
542, 698, -0.0011999999405816197, -0.836399958585389, False, 16.318085, 0.0, 0.0, 0.0, 39.501633, 0.49, 9.385142
542, 699, -0.0011999999405816197, -0.8375999585259706, False, 16.198082, 0.16571951, 0.0, -2.4744325, 39.41905, 0.49, 9.328253
542, 700, -0.0011999999405816197, -0.8387999584665522, False, 16.07808, -0.26009512, 0.0, -4.7215557, 39.217377, 0.49, 9.198705
542, 701, -0.0011999999405816197, -0.8399999584071338, False, 15.958078, 0.38742638, 0.0, -6.757601, 38.911602, 0.49, 8.997223
542, 702, -0.0011999999405816197, -0.8411999583477154, False, 15.8380785, 1.1367693, 0.0, -8.535706, 38.50489, 0.49, 8.741039
542, 703, -0.0011999999405816197, -0.8423999582882971, False, 15.718079, 1.9604521, 0.0, -10.0723505, 37.99899, 0.49, 8.450376
542, 704, -0.0011999999405816197, -0.8435999582288787, False, 15.598079, 0.5997343, 0.0, -11.74563, 37.3989, 0.49, 8.139047
542, 705, -0.0011999999405816197, -0.8447999581694603, False, 15.478079, 1.8008294, 0.0, -13.015177, 36.716206, 0.49, 7.801785
542, 706, -0.0011999999405816197, -0.8459999581100419, False, 15.358079, 0.19071007, 0.0, -14.384584, 35.956192, 0.49, 7.447334
542, 707, -0.0011999999405816197, -0.8471999580506235, False, 15.238079, -0.96690726, 0.0, -9.86018, 35.336346, 0.49, 7.1627884
542, 708, -0.0011999999405816197, -0.8483999579912052, False, 15.118079, -1.5353456, 0.0, -5.6769843, 34.938282, 0.49, 6.9969835
542, 709, -0.0011999999405816197, -0.8495999579317868, False, 14.998079, -0.5697007, 0.0, -3.5434396, 34.698154, 0.49, 6.905468
542, 710, -0.0011999999405816197, -0.8507999578723684, False, 14.878079, -0.23957694, 0.0, -0.1677631, 34.621983, 0.49, 6.8896556
542, 711, -0.0011999999405816197, -0.85199995781295, False, 14.75808, -0.316468, 0.0, 2.3102512, 34.701763, 0.49, 6.9344244
542, 712, -0.0011999999405816197, -0.8531999577535316, False, 14.63808, -0.64277375, 0.0, 4.5320077, 34.916355, 0.49, 7.01898
542, 713, -0.0011999999405816197, -0.8543999576941133, False, 14.51808, 0.04401791, 0.0, 6.6223264, 35.25604, 0.49, 7.1293745
542, 714, -0.0011999999405816197, -0.8555999576346949, False, 14.39808, 0.82703304, 0.0, 8.444625, 35.705536, 0.49, 7.275632
542, 715, -0.0011999999405816197, -0.8567999575752765, False, 14.27808, -0.037682652, 0.0, 5.310716, 36.062607, 0.49, 7.394431
542, 716, -0.0011999999405816197, -0.8579999575158581, False, 14.15808, 0.6326544, 0.0, 7.26884, 36.44058, 0.49, 7.522125
542, 717, -0.0011999999405816197, -0.8591999574564397, False, 14.03808, 1.3985393, 0.0, 8.974878, 36.91868, 0.49, 7.6999245
542, 718, -0.0011999999405816197, -0.8603999573970214, False, 13.91808, 0.20805907, 0.0, 10.701875, 37.482525, 0.49, 7.933549
542, 719, -0.0011999999405816197, -0.861599957337603, False, 13.79808, 1.357552, 0.0, 12.109583, 38.127567, 0.49, 8.211021
542, 720, -0.0011999999405816197, -0.8627999572781846, False, 13.678081, 2.5018716, 0.0, 13.274591, 38.840466, 0.49, 8.538964
542, 721, -0.0011999999405816197, -0.8639999572187662, False, 13.558081, 2.2158937, 0.0, 14.5259495, 39.6072, 0.49, 8.924763
542, 722, -0.0011999999405816197, -0.8651999571593478, False, 13.438081, 0.085644126, 0.0, -1.6783102, 39.476166, 0.4899551, 8.900242
542, 723, -0.0011999999405816197, -0.8663999570999295, False, 13.318081, 0.3917035, 0.0, -3.9813232, 39.308563, 0.48999962, 8.801316
542, 724, -0.0011999999405816197, -0.8675999570405111, False, 13.198081, -0.20767593, 0.0, -6.101923, 39.02203, 0.49, 8.647812
542, 725, -0.0011999999405816197, -0.8687999569810927, False, 13.078081, 0.5608926, 0.0, -7.9981318, 38.631016, 0.49, 8.438208
542, 726, -0.0011999999405816197, -0.8699999569216743, False, 12.958081, -0.43173432, 0.0, -9.741563, 38.142044, 0.49, 8.183978
542, 727, -0.0011999999405816197, -0.8711999568622559, False, 12.838081, 0.70695114, 0.0, -11.302371, 37.567513, 0.49, 7.8828344
542, 728, -0.0011999999405816197, -0.8723999568028376, False, 12.718081, 1.8524523, 0.0, -12.605627, 36.909985, 0.49, 7.55032
542, 729, -0.0011999999405816197, -0.8735999567434192, False, 12.598082, 0.2738371, 0.0, -14.020084, 36.172737, 0.49, 7.200312
542, 730, -0.0011999999405816197, -0.8747999566840008, False, 12.478082, -0.7634535, 0.0, -8.940032, 35.602203, 0.49, 6.9328766
542, 731, -0.0011999999405816197, -0.8759999566245824, False, 12.358082, -1.2682302, 0.0, -4.865387, 35.254616, 0.49, 6.783182
542, 732, -0.0011999999405816197, -0.877199956565164, False, 12.238082, -0.46074033, 0.0, -6.98359, 34.909954, 0.49, 6.6210475
542, 733, -0.0011999999405816197, -0.8783999565057456, False, 12.118082, 0.045855165, 0.0, -3.2081888, 34.668694, 0.49, 6.5073366
542, 734, -0.0011999999405816197, -0.8795999564463273, False, 11.998082, 0.04142104, 0.0, 0.045098994, 34.617672, 0.49, 6.4812565
542, 735, -0.0011999999405816197, -0.8807999563869089, False, 11.878082, 0.19964302, 0.0, 2.5120184, 34.71526, 0.49, 6.5135417
542, 736, -0.0011999999405816197, -0.8819999563274905, False, 11.758082, 0.56607985, 0.0, 4.7235556, 34.93917, 0.49, 6.6044774
542, 737, -0.0011999999405816197, -0.8831999562680721, False, 11.6380825, -0.1266191, 0.0, 6.787872, 35.27275, 0.49, 6.7586193
542, 738, -0.0011999999405816197, -0.8843999562086537, False, 11.518083, -0.9141505, 0.0, 8.586468, 35.711357, 0.49, 6.95855
542, 739, -0.0011999999405816197, -0.8855999561492354, False, 11.398083, 0.17870617, 0.0, 10.305491, 36.24971, 0.49, 7.189012
542, 740, -0.0011999999405816197, -0.886799956089817, False, 11.278083, 0.7933161, 0.0, 6.4671454, 36.672966, 0.49, 7.368694
542, 741, -0.0011999999405816197, -0.8879999560303986, False, 11.158083, -0.0895617, 0.0, 8.382233, 37.097824, 0.49, 7.5608864
542, 742, -0.0011999999405816197, -0.8891999559709802, False, 11.038083, 0.8776314, 0.0, 10.04443, 37.617016, 0.49, 7.800274
542, 743, -0.0011999999405816197, -0.8903999559115618, False, 10.918083, 1.880856, 0.0, 11.455735, 38.21597, 0.49, 8.093238
542, 744, -0.0011999999405816197, -0.8915999558521435, False, 10.798083, 1.6602697, 0.0, 12.875015, 38.879562, 0.49, 8.44689
542, 745, -0.0011999999405816197, -0.8927999557927251, False, 10.678083, 1.4692817, 0.0, 14.161213, 39.600628, 0.49, 8.857156
542, 746, -0.0011999999405816197, -0.8939999557333067, False, 10.558084, 0.08564371, 1.4901161e-08, -1.6783087, 39.475945, 0.4899342, 8.831585
542, 747, -0.0011999999405816197, -0.8951999556738883, False, 10.438084, 0.39170337, 0.0, -3.9813223, 39.30835, 0.48999947, 8.732668
542, 748, -0.0011999999405816197, -0.89639995561447, False, 10.318084, -0.20767665, 0.0, -6.101923, 39.021816, 0.48999998, 8.579164
542, 749, -0.0011999999405816197, -0.8975999555550516, False, 10.198084, 0.56089115, 0.0, -7.998129, 38.6308, 0.48999998, 8.36956
542, 750, -0.0011999999405816197, -0.8987999554956332, False, 10.078084, -0.43173385, 0.0, -9.741563, 38.141827, 0.48999998, 8.115332
542, 751, -0.0011999999405816197, -0.8999999554362148, False, 9.958084, 0.7069516, 0.0, -11.302372, 37.567287, 0.48999998, 7.814189
542, 752, -0.0011999999405816197, -0.9011999553767964, False, 9.838084, 1.8524551, 0.0, -12.605625, 36.90976, 0.48999998, 7.481676
542, 753, -0.0011999999405816197, -0.902399955317378, False, 9.718084, 0.2738409, 0.0, -14.020084, 36.17251, 0.48999998, 7.1316695
542, 754, -0.0011999999405816197, -0.9035999552579597, False, 9.598084, -0.859777, 0.0, -9.539038, 35.57325, 0.48999998, 6.85128
542, 755, -0.0011999999405816197, -0.9047999551985413, False, 9.478085, -1.4109863, 0.0, -5.396801, 35.193798, 0.48999998, 6.6893935
542, 756, -0.0011999999405816197, -0.9059999551391229, False, 9.358085, -0.5374131, 0.0, -7.4766455, 34.820263, 0.48999998, 6.5161304
542, 757, -0.0011999999405816197, -0.9071999550797045, False, 9.238085, 0.025594115, 0.0, -3.6601927, 34.552868, 0.48999998, 6.3922157
542, 758, -0.0011999999405816197, -0.9083999550202861, False, 9.118085, -0.067147106, 0.0, -0.17747185, 34.48049, 0.48999998, 6.360756
542, 759, -0.0011999999405816197, -0.9095999549608678, False, 8.998085, 0.10339141, 0.0, 2.3197448, 34.55593, 0.48999998, 6.410696
542, 760, -0.0011999999405816197, -0.9107999549014494, False, 8.878085, -0.29738367, 0.0, 4.5763817, 34.74733, 0.48999998, 6.5397778
542, 761, -0.0011999999405816197, -0.911999954842031, False, 8.758085, 0.34223342, 0.0, 6.6300545, 35.04772, 0.48999998, 6.734777
542, 762, -0.0011999999405816197, -0.9131999547826126, False, 8.638085, -0.49409747, 0.0, 8.4869995, 35.44306, 0.48999998, 6.9955964
542, 763, -0.0011999999405816197, -0.9143999547231942, False, 8.5180855, -0.86292505, 0.0, 5.2512264, 35.758118, 0.48999998, 7.202765
542, 764, -0.0011999999405816197, -0.9155999546637759, False, 8.398086, -0.8511728, 0.0, 3.1045604, 35.95142, 0.48999998, 7.329871
542, 765, -0.0011999999405816197, -0.9167999546043575, False, 8.278086, -0.62935424, 0.0, -0.21652442, 35.9876, 0.48999998, 7.386723
542, 766, -0.0011999999405816197, -0.9179999545449391, False, 8.158086, -0.2975247, 0.0, 2.3582315, 36.06883, 0.48999998, 7.4366484
542, 767, -0.0011999999405816197, -0.9191999544855207, False, 8.038086, -0.14553109, 0.0, -0.7470234, 36.076202, 0.48999998, 7.453371
542, 768, -0.0011999999405816197, -0.9203999544261023, False, 7.918086, -0.34793484, 0.0, -3.1369412, 35.936028, 0.48999998, 7.428469
542, 769, -0.0011999999405816197, -0.921599954366684, False, 7.798086, 0.16830409, 0.0, -5.336047, 35.6663, 0.48999998, 7.36314
542, 770, -0.0011999999405816197, -0.9227999543072656, False, 7.6780863, -0.13680896, 0.0, -1.6950209, 35.498287, 0.48999998, 7.3210077
542, 771, -0.0011999999405816197, -0.9239999542478472, False, 7.5580864, -0.10659081, 0.0, 1.1489527, 35.514572, 0.48999998, 7.3294544
542, 772, -0.0011999999405816197, -0.9251999541884288, False, 7.4380865, 0.18814522, 0.0, 3.5202525, 35.674183, 0.48999998, 7.371577
542, 773, -0.0011999999405816197, -0.9263999541290104, False, 7.3180866, 0.6542295, 0.0, 5.633721, 35.96014, 0.48999998, 7.4566007
542, 774, -0.0011999999405816197, -0.9275999540695921, False, 7.1980867, 0.037573874, 0.0, 3.4503047, 36.19624, 0.48999998, 7.5304604
542, 775, -0.0011999999405816197, -0.9287999540101737, False, 7.078087, 0.5207999, 0.0, 5.5838213, 36.475956, 0.48999998, 7.6219473
542, 776, -0.0011999999405816197, -0.9299999539507553, False, 6.958087, 0.66954815, 0.0, 3.3420978, 36.707565, 0.48999998, 7.7001934
542, 777, -0.0011999999405816197, -0.9311999538913369, False, 6.838087, 0.50943005, 0.0, -0.03423947, 36.779987, 0.48999998, 7.7026944
542, 778, -0.0011999999405816197, -0.9323999538319185, False, 6.718087, 0.037866533, 0.0, 0.001424823, 36.785767, 0.48999998, 7.693499
542, 779, -0.0011999999405816197, -0.9335999537725002, False, 6.5980873, 8.736622e-24, 0.0, 3.3544918e-24, 36.78577, 0.48999998, 7.693495
542, 780, -0.0011999999405816197, -0.9347999537130818, False, 6.4780874, -0.16571951, 0.0, 2.474432, 36.878376, 0.48999998, 7.7319694
542, 781, -0.0011999999405816197, -0.9359999536536634, False, 6.3580875, 0.26009357, 0.0, 4.721554, 37.102577, 0.48999998, 7.816753
542, 782, -0.0011999999405816197, -0.937199953594245, False, 6.2380877, 0.8311224, 0.0, 6.7108097, 37.441425, 0.48999998, 7.955044
542, 783, -0.0011999999405816197, -0.9383999535348266, False, 6.118088, 1.5159676, 0.0, 8.454285, 37.876564, 0.48999998, 8.156824
542, 784, -0.0011999999405816197, -0.9395999534754083, False, 5.998088, 0.35757923, 0.0, 10.243601, 38.392982, 0.48999998, 8.425766
542, 785, -0.0011999999405816197, -0.9407999534159899, False, 5.878088, 1.4448223, 0.0, 11.682531, 38.987286, 0.48999998, 8.749125
542, 786, -0.0011999999405816197, -0.9419999533565715, False, 5.758088, 1.275814, 0.0, 13.079371, 39.64701, 0.48999998, 9.129705
542, 787, -0.0011999999405816197, -0.9431999532971531, False, 5.638088, 0.08564407, 0.0, -1.678309, 39.477997, 0.489836, 9.109461
542, 788, -0.0011999999405816197, -0.9443999532377347, False, 5.5180883, 0.39170206, 0.0, -3.9813218, 39.310448, 0.4899987, 9.010574
542, 789, -0.0011999999405816197, -0.9455999531783164, False, 5.3980885, -0.20767736, 0.0, -6.101922, 39.023914, 0.49, 8.857073
542, 790, -0.0011999999405816197, -0.946799953118898, False, 5.2780886, 0.5608897, 0.0, -7.998131, 38.632896, 0.49, 8.647472
542, 791, -0.0011999999405816197, -0.9479999530594796, False, 5.1580887, 1.4068003, 0.0, -9.638917, 38.14178, 0.49, 8.398074
542, 792, -0.0011999999405816197, -0.9491999530000612, False, 5.038089, 2.3043795, 0.0, -11.042848, 37.55387, 0.49, 8.128436
542, 793, -0.0011999999405816197, -0.9503999529406428, False, 4.918089, 0.81349516, 0.0, -12.653997, 36.875088, 0.49, 7.8514514
542, 794, -0.0011999999405816197, -0.9515999528812245, False, 4.798089, -0.6446171, 0.0, -13.965463, 36.11758, 0.49, 7.555295
542, 795, -0.0011999999405816197, -0.9527999528218061, False, 4.678089, -1.6576545, 0.0, -9.405893, 35.50051, 0.49, 7.322424
542, 796, -0.0011999999405816197, -0.9539999527623877, False, 4.5580893, -0.4190942, 0.0, -6.000986, 35.10099, 0.49, 7.1770077
542, 797, -0.0011999999405816197, -0.9551999527029693, False, 4.4380894, -0.005905926, 0.0, -2.3178163, 34.900646, 0.49, 7.1093493
542, 798, -0.0011999999405816197, -0.9563999526435509, False, 4.3180895, -0.018675804, 0.0, 0.8109828, 34.8935, 0.49, 7.105572
542, 799, -0.0011999999405816197, -0.9575999525841326, False, 4.1980896, 0.2265333, 0.0, 3.207678, 35.03545, 0.49, 7.139306
542, 800, -0.0011999999405816197, -0.9587999525247142, False, 4.0780897, -0.2764268, 0.0, 5.388668, 35.30694, 0.49, 7.212016
542, 801, -0.0011999999405816197, -0.9599999524652958, False, 3.9580898, 0.43531358, 0.0, 7.36097, 35.69779, 0.49, 7.313101
542, 802, -0.0011999999405816197, -0.9611999524058774, False, 3.83809, 1.2363329, 0.0, 9.075569, 36.19343, 0.49, 7.451811
542, 803, -0.0011999999405816197, -0.962399952346459, False, 3.71809, 1.3690295, 0.0, 5.591605, 36.58441, 0.49, 7.56568
542, 804, -0.0011999999405816197, -0.9635999522870407, False, 3.5980902, 0.47335136, 0.0, 3.4747405, 36.825672, 0.49, 7.6359453
542, 805, -0.0011999999405816197, -0.9647999522276223, False, 3.4780903, 0.890028, 0.0, 5.568393, 37.1051, 0.49, 7.735402
542, 806, -0.0011999999405816197, -0.9659999521682039, False, 3.3580904, 0.07483721, 0.0, 7.580721, 37.48876, 0.49, 7.8979273
542, 807, -0.0011999999405816197, -0.9671999521087855, False, 3.2380905, 0.9446461, 0.0, 9.306354, 37.970444, 0.49, 8.110738
542, 808, -0.0011999999405816197, -0.9683999520493671, False, 3.1180906, 1.867949, 0.0, 10.784201, 38.53527, 0.49, 8.379813
542, 809, -0.0011999999405816197, -0.9695999519899487, False, 2.9980907, 1.6465316, 0.0, 12.266201, 39.167843, 0.49, 8.711929
542, 810, -0.0011999999405816197, -0.9707999519305304, False, 2.8780909, 0.0, 1.4901161e-08, 0.0, 39.52468, 0.49, 8.967418
542, 811, -0.0011999999405816197, -0.971999951871112, False, 2.758091, 0.16571963, 0.0, -2.4744322, 39.436543, 0.48996866, 8.915912
542, 812, -0.0011999999405816197, -0.9731999518116936, False, 2.638091, 0.53432894, 0.0, -4.692528, 39.232292, 0.48999977, 8.790878
542, 813, -0.0011999999405816197, -0.9743999517522752, False, 2.5180912, -0.15089321, 0.0, -6.756894, 38.912384, 0.49, 8.613947
542, 814, -0.0011999999405816197, -0.9755999516928568, False, 2.3980913, -0.13116431, 0.0, -8.609845, 38.49226, 0.49, 8.380957
542, 815, -0.0011999999405816197, -0.9767999516334385, False, 2.2780914, 0.8628826, 0.0, -10.253587, 37.98114, 0.49, 8.097292
542, 816, -0.0011999999405816197, -0.9779999515740201, False, 2.1580915, 1.8881545, 0.0, -11.645673, 37.38095, 0.49, 7.780969
542, 817, -0.0011999999405816197, -0.9791999515146017, False, 2.0380917, 0.39324284, 0.0, -13.15764, 36.695595, 0.49, 7.4458823
542, 818, -0.0011999999405816197, -0.9803999514551833, False, 1.9180918, -1.0616999, 0.0, -14.380533, 35.937885, 0.49, 7.0818796
542, 819, -0.0011999999405816197, -0.981599951395765, False, 1.7980919, -2.062872, 0.0, -9.742662, 35.316776, 0.49, 6.794055
542, 820, -0.0011999999405816197, -0.9827999513363466, False, 1.678092, -0.7190914, 0.0, -11.458229, 34.723827, 0.49, 6.507057
542, 821, -0.0011999999405816197, -0.9839999512769282, False, 1.5580921, 0.23268223, 0.0, -7.2692337, 34.25728, 0.49, 6.280261
542, 822, -0.0011999999405816197, -0.9851999512175098, False, 1.4380922, 0.65146387, 0.0, -3.404488, 34.00594, 0.49, 6.1518583
542, 823, -0.0011999999405816197, -0.9863999511580914, False, 1.3180923, 0.2967157, 0.0, -0.08685562, 33.95092, 0.49, 6.104446
542, 824, -0.0011999999405816197, -0.987599951098673, False, 1.1980925, 0.21070552, 0.0, 2.4090002, 34.044067, 0.49, 6.1307883
542, 825, -0.0011999999405816197, -0.9887999510392547, False, 1.0780926, 0.5651659, 0.0, 4.6297436, 34.26292, 0.49, 6.218846
542, 826, -0.0011999999405816197, -0.9899999509798363, False, 0.9580926, -0.11892867, 0.0, 6.703156, 34.5919, 0.49, 6.370406
542, 827, -0.0011999999405816197, -0.9911999509204179, False, 0.8380925, -0.89944077, 0.0, 8.510747, 35.026325, 0.49, 6.5680094
542, 828, -0.0011999999405816197, -0.9923999508609995, False, 0.71809244, 0.18454981, 0.0, 10.235795, 35.560883, 0.49, 6.7963724
542, 829, -0.0011999999405816197, -0.9935999508015811, False, 0.5980924, 0.79213905, 0.0, 6.4209347, 35.98133, 0.49, 6.9745135
542, 830, -0.0011999999405816197, -0.9947999507421628, False, 0.47809234, -0.08637285, 0.0, 8.340433, 36.4039, 0.49, 7.165465
542, 831, -0.0011999999405816197, -0.9959999506827444, False, 0.35809237, 0.8764603, 0.0, 10.00643, 36.921017, 0.49, 7.4037313
542, 832, -0.0011999999405816197, -0.997199950623326, False, 0.2380924, -0.34277964, 0.0, 11.582917, 37.52074, 0.49, 7.6910973
542, 833, -0.0011999999405816197, -0.9983999505639076, False, 0.11809241, 0.95780134, 0.0, 12.955248, 38.19869, 0.49, 8.016496
542, 834, -0.0011999999405816197, -0.9995999505044892, True, 0.0, 2.2890964, 0.0, 13.655557, 38.68777, 0.49, 8.257973
